 -99877.150   320.962     0.00    8.79
 -99499.000   327.822    18.14   10.52
 -99120.750   334.457    17.54   11.54
 -98742.399   340.965    17.20   11.77
 -98363.948   347.001    15.95    9.54
 -97985.395   351.222    11.15    8.16
 -97606.742   356.627    14.27   10.22
 -97227.987   357.949     3.49   10.33
 -96849.131   354.643    -8.72   12.44
 -96470.174   349.416   -13.79   14.80
 -96091.116   345.152   -11.25   13.62
 -95711.957   340.784   -11.52   12.10
 -95332.696   337.827    -7.80   11.51
 -94953.333   341.985    10.96   13.40
 -94573.869   343.373     3.66   14.43
 -94194.303   342.627    -1.97   13.80
 -93814.635   338.782   -10.13   13.90
 -93434.866   330.267   -22.42   18.04
 -93054.994   317.397   -33.88   22.14
 -92675.021   307.565   -25.88   18.32
 -92294.945   303.895    -9.65   15.59
 -91914.768   308.164    11.23   17.07
 -91534.488   320.139    31.49   17.37
 -91154.105   333.611    35.41   19.25
 -90773.620   347.736    37.12   19.20
 -90393.033   358.307    27.77   12.06
 -90012.343   363.330    13.19    5.79
 -89631.550   364.595     3.32    9.12
 -89250.655   364.537    -0.15   12.18
 -88869.657   366.635     5.51   13.34
 -88488.556   367.529     2.34   13.03
 -88107.351   370.385     7.49   10.29
 -87726.044   369.337    -2.75    9.52
 -87344.634   363.033   -16.53    9.69
 -86963.120   357.229   -15.21   10.54
 -86581.503   351.410   -15.25    9.47
 -86199.782   346.930   -11.73    7.34
 -85817.958   343.297    -9.52    6.94
 -85436.031   339.119   -10.94    7.80
 -85054.000   333.111   -15.72   11.84
 -84671.864   324.486   -22.57   14.35
 -84289.626   313.570   -28.56   14.95
 -83907.283   302.113   -29.96   15.94
 -83524.836   293.034   -23.74   17.94
 -83142.285   285.461   -19.79   18.70
 -82759.630   278.725   -17.60   19.49
 -82391.488   273.852   -13.24   21.55
 -82028.176   268.327   -15.21   20.50
 -81664.773   262.924   -14.87   20.33
 -81301.279   258.619   -11.84   16.29
 -80937.694   255.860    -7.59   15.83
 -80574.018   255.684    -0.48   17.61
 -80210.250   251.224   -12.26   19.88
 -79846.391   239.033   -33.50   24.62
 -79482.441   228.074   -30.11   25.01
 -79118.399   219.627   -23.20   20.09
 -78754.265   213.988   -15.49   22.48
 -78390.040   218.353    11.98   29.13
 -78025.724   216.324    -5.57   32.15
 -77661.315   209.951   -17.49   31.27
 -77296.815   201.936   -21.99   24.87
 -76932.222   200.471    -4.02   22.20
 -76567.538   199.431    -2.85   23.56
 -76202.762   200.329     2.46   24.68
 -75837.893   199.873    -1.25   22.99
 -75472.933   192.610   -19.90   22.46
 -75107.880   188.180   -12.14   20.59
 -74742.735   183.999   -11.45   20.08
 -74377.497   180.373    -9.93   21.24
 -74012.167   177.861    -6.87   21.29
 -73646.745   171.850   -16.45   18.64
 -73281.229   171.326    -1.43   19.02
 -72915.622   177.969    18.17   23.03
 -72549.921   184.488    17.83   22.37
 -72184.128   190.359    16.05   17.66
 -71818.241   189.391    -2.64   18.15
 -71452.262   182.008   -20.17   18.35
 -71086.190   177.756   -11.62   12.12
 -70720.024   176.764    -2.71    9.71
 -70353.766   175.404    -3.72   10.55
 -69987.414   168.084   -19.98   17.51
 -69620.969   156.594   -31.35   18.46
 -69254.430   149.757   -18.65   15.46
 -68887.798   151.426     4.55   14.94
 -68521.072   158.843    20.23   17.11
 -68154.253   164.307    14.90   13.86
 -67787.340   161.885    -6.60   15.57
 -67420.334   153.788   -22.06   18.70
 -67053.233   140.563   -36.03   15.68
 -66686.039   127.676   -35.10   20.61
 -66318.751   111.702   -43.49   24.47
 -65951.368   103.372   -22.68   21.57
 -65583.892   102.026    -3.66   19.56
 -65216.321   104.416     6.50   17.18
 -64848.656   106.579     5.88   14.34
 -64480.897    99.668   -18.79   15.85
 -64113.043    90.253   -25.59   15.77
 -63745.095    80.708   -25.94   17.30
 -63377.053    72.857   -21.33   17.20
 -63008.915    67.611   -14.25   12.97
 -62640.683    67.966     0.96   12.37
 -62272.356    71.355     9.20   14.58
 -61903.935    70.412    -2.56   15.97
 -61535.418    68.474    -5.26   15.64
 -61166.807    69.676     3.26   15.18
 -60798.100    72.172     6.77   14.07
 -60429.298    74.268     5.68   11.81
 -60060.401    76.830     6.95   10.14
 -59691.409    80.020     8.64   10.43
 -59322.321    87.765    20.98   12.48
 -58953.138    94.232    17.52   13.43
 -58583.860   102.124    21.37   12.02
 -58214.486   111.087    24.27   11.99
 -57845.016   117.402    17.09   16.21
 -57475.450   123.883    17.54   15.93
 -57105.789   124.066     0.50   16.93
 -56736.031   114.604   -25.59   23.69
 -56366.178    93.865   -56.07   27.12
 -55996.229    75.839   -48.73   19.28
 -55626.183    69.579   -16.92   11.73
 -55256.042    69.264    -0.85   10.18
 -54885.804    71.772     6.77    8.79
 -54515.470    68.326    -9.30   11.01
 -54145.039    63.768   -12.30   10.80
 -53774.512    63.406    -0.98   10.73
 -53403.888    66.346     7.93   12.04
 -53033.168    70.723    11.81   11.26
 -52662.351    70.068    -1.77   12.23
 -52291.437    67.635    -6.56   11.86
 -51920.426    68.732     2.96   11.42
 -51549.319    71.676     7.93   10.51
 -51178.114    76.343    12.57    6.70
 -50806.812    78.273     5.20    7.12
 -50435.413    80.172     5.11    6.85
 -50063.917    82.383     5.95    7.59
 -49692.324    85.635     8.75    6.06
 -49320.633    84.236    -3.76    6.67
 -48948.844    83.292    -2.54    7.82
 -48576.958    79.529   -10.12    9.86
 -48204.975    75.156   -11.76    9.70
 -47832.893    72.953    -5.92    8.73
 -47460.714    71.074    -5.05   10.09
 -47088.437    68.308    -7.43   10.70
 -46716.062    67.055    -3.36    9.48
 -46343.589    64.207    -7.65   12.04
 -45971.018    58.494   -15.33   17.06
 -45598.349    55.305    -8.56   18.24
 -45225.581    50.351   -13.29   16.58
 -44852.715    49.136    -3.26   14.21
 -44479.751    52.448     8.88   12.72
 -44106.688    55.390     7.88   11.47
 -43733.527    59.505    11.03   13.50
 -43360.267    67.248    20.74   17.11
 -42986.908    76.108    23.73   14.02
 -42613.451    78.991     7.72   13.92
 -42239.894    74.797   -11.23   16.87
 -41866.239    73.920    -2.35   15.81
 -41492.485    73.517    -1.08   13.91
 -41118.631    76.344     7.56   10.89
 -40744.678    78.902     6.84    7.39
 -40370.626    78.501    -1.07    6.82
 -39996.475    82.025     9.42    7.66
 -39622.224    85.374     8.95    7.86
 -39247.874    85.350    -0.06    7.82
 -38873.424    85.684     0.89    6.72
 -38498.874    84.044    -4.38    6.39
 -38124.225    81.239    -7.49    6.85
 -37749.476    78.195    -8.12    7.89
 -37374.627    75.452    -7.32    7.48
 -36999.678    74.452    -2.67    6.67
 -36624.628    77.086     7.02    6.60
 -36249.479    79.453     6.31    5.35
 -35874.229    77.240    -5.90   10.06
 -35498.880    73.746    -9.31   11.25
 -35123.429    69.549   -11.18   10.82
 -34747.878    66.180    -8.97    9.32
 -34372.227    62.155   -10.71   10.75
 -33996.475    59.380    -7.39   12.88
 -33620.622    56.028    -8.92   16.17
 -33244.669    49.805   -16.55   18.56
 -32868.614    42.719   -18.84   16.79
 -32492.459    35.801   -18.39   11.58
 -32116.203    31.660   -11.01    6.89
 -31739.845    33.108     3.85    6.52
 -31363.386    35.935     7.51    6.75
 -30986.826    37.871     5.14    5.30
 -30610.165    35.549    -6.16    8.58
 -30233.402    31.914    -9.65   10.63
 -29856.538    25.108   -18.06   10.00
 -29479.571    21.116   -10.59    7.22
 -29102.504    18.362    -7.30    5.12
 -28725.334    17.485    -2.33    4.42
 -28348.063    18.850     3.62    4.19
 -27970.689    21.128     6.04    5.30
 -27593.214    24.289     8.38    4.83
 -27215.636    26.546     5.98    3.31
 -26837.957    26.072    -1.25    3.98
 -26460.175    24.164    -5.05    4.78
 -26082.290    20.961    -8.48    4.45
 -25704.304    18.292    -7.06    3.55
 -25326.214    18.063    -0.60    4.85
 -24948.022    19.366     3.45    6.48
 -24569.728    22.022     7.02    6.94
 -24191.330    23.828     4.77    5.43
 -23812.830    24.556     1.92    3.89
 -23434.227    23.482    -2.84    4.04
 -23055.520    21.786    -4.48    4.65
 -22676.711    19.380    -6.35    5.72
 -22297.798    17.366    -5.32    5.96
 -21918.782    17.061    -0.80    5.91
 -21539.663    18.563     3.96    5.42
 -21160.440    20.660     5.53    5.40
 -20781.114    19.110    -4.09    6.62
 -20401.684    16.144    -7.82    7.73
 -20022.150    13.928    -5.84    7.51
 -19642.513    13.092    -2.20    5.72
 -19262.772    15.911     7.43    6.81
 -18882.926    21.842    15.61    8.02
 -18502.977    29.777    20.88   10.05
 -18122.923    35.391    14.77    9.05
 -17742.766    37.817     6.38    5.89
 -17362.504    36.716    -2.89    5.53
 -16982.137    33.921    -7.35    5.28
 -16601.666    33.778    -0.38    6.12
 -16221.091    34.296     1.36    7.34
 -15840.411    32.699    -4.19    8.04
 -15459.626    29.308    -8.91    9.54
 -15078.736    25.612    -9.70    8.61
 -14697.742    23.896    -4.50    5.60
 -14316.642    23.881    -0.04    5.19
 -13935.437    24.394     1.34    5.35
 -13554.128    23.416    -2.56    4.92
 -13172.712    22.321    -2.87    5.03
 -12791.192    24.160     4.82    6.27
 -12409.566    24.940     2.04    5.65
 -12027.835    24.360    -1.52    5.65
 -11645.998    24.809     1.17    5.39
 -11264.055    22.884    -5.04    4.49
 -10882.006    23.611     1.90    3.98
 -10499.852    26.271     6.96    6.08
 -10117.592    27.739     3.84    6.92
  -9735.225    30.044     6.03    6.13
  -9352.753    32.281     5.85    6.85
  -8970.174    32.102    -0.47    6.67
  -8587.489    27.987   -10.75    9.60
  -8204.697    23.806   -10.92   10.84
  -7827.977    17.050   -17.93    8.59
  -7464.892    12.581   -12.31    6.61
  -7101.714    12.248    -0.92    5.68
  -6738.444    13.831     4.36    6.62
  -6375.081    14.588     2.08    6.26
  -6011.625    14.643     0.15    5.86
  -5648.077    12.644    -5.50    6.24
  -5284.436    11.502    -3.14    6.03
  -4920.702    12.023     1.43    6.24
  -4556.875    13.284     3.46    5.71
  -4192.955    14.521     3.40    4.36
  -3828.941    14.299    -0.61    3.83
  -3464.835    12.847    -3.99    4.10
  -3100.635    10.009    -7.79    5.81
  -2736.342     6.497    -9.64    6.57
  -2371.956     2.852   -10.00    5.30
  -2007.476     0.187    -7.31    1.89
  -1642.903    -0.348    -1.47    0.00
  -1278.236    -0.348     0.00    0.00
   -913.475    -0.348     0.00    0.00
   -548.620    -0.348     0.00    0.00
   -183.672    -0.348     0.00    0.00
    181.370    -0.348     0.00    0.00
    546.507    -0.348     0.00    0.00
    911.737    -0.348     0.00    0.00
   1277.062    -0.348     0.00    0.00
   1642.480    -0.209     0.38    0.50
   2007.993     1.034     3.40    2.18
   2373.601     2.597     4.27    2.71
   2739.302     4.525     5.27    2.14
   3105.099     5.566     2.84    0.93
   3470.989     5.636     0.19    0.63
   3836.975     4.943    -1.89    1.19
   4203.055     3.572    -3.75    2.14
   4569.230     2.745    -2.26    1.94
   4935.500     2.402    -0.94    1.70
   5301.865     2.706     0.83    1.72
   5668.325     4.128     3.88    2.42
   6034.880     6.935     7.66    4.69
   6401.530    12.769    15.91    9.84
   6768.276    19.636    18.72   13.14
   7135.116    27.518    21.49   14.34
   7502.053    34.272    18.41   13.41
   7869.084    36.358     5.68   11.33
   8236.212    34.094    -6.17   11.42
   8603.434    29.956   -11.27   10.95
   8970.753    28.019    -5.27   10.22
   9338.167    29.861     5.01   10.48
   9705.677    32.167     6.27    9.23
  10073.284    34.437     6.18    6.93
  10440.986    36.159     4.68    5.52
  10808.784    37.267     3.01    5.96
  11176.678    39.108     5.00    5.94
  11544.669    39.258     0.41    6.23
  11912.756    38.264    -2.70    6.05
  12280.939    37.273    -2.69    5.15
  12649.219    37.816     1.47    4.78
  13017.595    39.402     4.31    4.43
  13386.068    40.552     3.12    3.65
  13754.638    39.284    -3.44    4.80
  14123.304    39.838     1.50    6.23
  14492.068    43.603    10.21    8.67
  14860.928    49.214    15.21    9.50
  15229.885    52.870     9.91    8.29
  15598.939    52.377    -1.34    9.77
  15968.091    49.272    -8.41   10.02
  16337.340    51.039     4.79   11.43
  16706.686    57.820    18.36   15.51
  17076.129    67.644    26.59   16.26
  17445.670    77.281    26.08   11.67
  17815.308    83.159    15.90    7.43
  18185.045    81.847    -3.55    9.08
  18554.878    75.786   -16.39   13.60
  18924.810    67.683   -21.91   14.19
  19294.839    59.496   -22.12    9.58
  19664.967    52.368   -19.26    5.74
  20035.192    49.222    -8.50    5.26
  20405.515    47.331    -5.11    4.29
  20775.937    46.757    -1.55    4.89
  21146.457    47.058     0.81    5.54
  21517.075    48.222     3.14    5.94
  21887.792    51.928    10.00    6.62
  22258.607    56.782    13.09    6.83
  22629.521    58.223     3.88    6.97
  23000.533    53.502   -12.72   10.21
  23371.644    47.867   -15.18   10.57
  23742.854    42.692   -13.94    7.24
  24114.163    39.245    -9.28    5.49
  24485.571    36.003    -8.73    6.20
  24857.078    30.702   -14.27    6.38
  25228.684    27.496    -8.62    5.82
  25600.389    26.132    -3.67    7.22
  25972.193    25.676    -1.23    8.72
  26344.097    26.928     3.37    9.11
  26716.100    28.985     5.53    8.76
  27088.203    34.034    13.57   11.08
  27460.406    42.690    23.26   15.57
  27832.708    53.756    29.72   15.96
  28205.110    63.737    26.80   13.31
  28577.611    69.003    14.14    9.32
  28950.213    72.379     9.06    9.06
  29322.915    72.136    -0.65   10.48
  29695.717    70.801    -3.58   11.05
  30068.619    68.667    -5.72   10.33
  30441.621    67.856    -2.18    7.73
  30814.724    67.318    -1.44    7.81
  31187.927    66.667    -1.74   12.14
  31561.230    61.367   -14.20   15.15
  31934.634    52.941   -22.57   12.84
  32308.139    46.898   -16.18    8.91
  32681.744    44.132    -7.40    8.22
  33055.451    42.120    -5.38   10.11
  33429.258    42.148     0.07   10.58
  33803.166    43.120     2.60   11.37
  34177.176    48.089    13.29   12.39
  34551.286    54.331    16.68    9.05
  34925.498    60.152    15.55    9.90
  35299.811    63.005     7.62   12.52
  35674.226    65.706     7.21   13.27
  36048.742    57.183   -22.76   21.77
  36423.359    46.075   -29.65   26.32
  36798.079    39.428   -17.74   22.37
  37172.900    38.140    -3.44   18.60
  37547.822    44.090    15.87   15.14
  37922.847    51.943    20.94   10.56
  38297.974    52.405     1.23    9.77
  38673.203    50.428    -5.27    8.72
  39048.534    49.652    -2.07    8.08
  39423.967    47.189    -6.56    7.79
  39799.502    44.460    -7.27    6.48
  40175.140    43.094    -3.63    7.66
  40550.881    42.736    -0.95    9.33
  40926.724    38.702   -10.74   13.66
  41302.670    32.382   -16.81   15.88
  41678.718    31.886    -1.32   17.89
  42054.870    38.721    18.17   21.36
  42431.124    49.736    29.27   19.47
  42807.481    60.742    29.25   11.20
  43183.942    65.013    11.34   11.17
  43560.505    68.209     8.49   10.65
  43937.172    68.725     1.37   11.33
  44313.942    63.331   -14.32   14.06
  44690.816    56.495   -18.14   11.76
  45067.793    51.790   -12.48    6.84
  45444.874    52.082     0.78    5.94
  45822.058    53.048     2.56    5.74
  46199.346    54.877     4.85    5.82
  46576.738    56.573     4.49    5.02
  46954.234    56.831     0.68    4.36
  47331.834    58.125     3.43    4.02
  47709.539    58.202     0.20    3.53
  48087.347    54.767    -9.09    6.49
  48465.260    50.144   -12.23    8.24
  48843.277    47.536    -6.90    7.98
  49221.398    46.186    -3.57    9.32
  49599.625    46.252     0.17   10.31
  49977.955    46.875     1.65   10.02
  50356.391    44.886    -5.25   10.10
  50734.931    43.877    -2.67   10.27
  51113.576    43.598    -0.74    9.18
  51492.327    41.493    -5.56    7.56
  51871.182    41.326    -0.44    7.38
  52250.143    40.928    -1.05    8.26
  52629.208    41.866     2.47    9.11
  53008.379    44.871     7.93    9.43
  53387.656    49.896    13.25    8.93
  53767.038    56.225    16.68    7.10
  54146.526    58.201     5.21    7.75
  54526.119    56.544    -4.37   10.49
  54905.818    52.575   -10.45    9.04
  55285.624    51.048    -4.02    7.18
  55665.535    52.105     2.78    6.89
  56045.552    55.359     8.56    7.66
  56425.675    59.924    12.01    7.10
  56805.905    63.705     9.94    6.71
  57186.240    67.921    11.09    7.57
  57566.683    73.344    14.26    7.57
  57947.231    80.867    19.77   11.04
  58327.887    87.596    17.68   10.67
  58708.649    90.926     8.75    8.14
  59089.518    90.810    -0.30    7.87
  59470.493    87.388    -8.98    6.92
  59851.576    84.545    -7.46    4.86
  60232.766    82.208    -6.13    4.97
  60614.062    80.842    -3.58    5.76
  60995.467    79.441    -3.68    5.85
  61376.978    78.175    -3.32    4.61
  61758.597    79.990     4.76    5.25
  62140.323    83.998    10.50    6.91
  62522.157    88.871    12.76    7.79
  62904.099    92.998    10.81    7.22
  63286.148    97.377    11.46    7.78
  63668.305   100.682     8.65    8.48
  64050.570   105.652    13.00   10.08
  64432.944   109.276     9.48   10.09
  64815.425   110.750     3.85    9.30
  65198.015   107.827    -7.64    8.67
  65580.713   103.621   -10.99    7.57
  65963.519    98.828   -12.52    8.13
  66346.434    91.750   -18.49   10.11
  66729.457    84.377   -19.25   10.44
  67095.139    77.932   -17.63   10.50
  67458.101    73.398   -12.49    7.94
  67821.157    72.426    -2.68    8.05
  68184.308    72.452     0.07    9.82
  68547.552    73.152     1.93   10.13
  68910.890    74.872     4.74    9.12
  69274.323    76.221     3.71    6.27
  69637.850    76.333     0.31    5.17
  70001.471    77.365     2.84    5.27
  70365.186    78.636     3.50    5.01
  70728.996    79.178     1.49    5.49
  71092.901    78.552    -1.72    5.72
  71456.900    78.683     0.36    5.41
  71820.994    78.358    -0.89    4.94
  72185.183    75.934    -6.66    4.98
  72549.466    70.842   -13.98    7.00
  72913.845    65.405   -14.92    8.60
  73278.318    62.268    -8.61    8.06
  73642.887    61.447    -2.25    9.08
  74007.550    60.361    -2.98    9.66
  74372.309    60.303    -0.16    9.85
  74737.163    58.950    -3.71    9.16
  75102.113    54.928   -11.02    9.66
  75467.158    51.288    -9.97    9.08
  75832.299    47.762    -9.66    6.63
  76197.535    46.336    -3.90    4.50
  76562.867    47.417     2.96    5.12
  76928.295    48.544     3.08    5.39
  77293.818    48.078    -1.27    5.43
  77659.437    45.883    -6.00    5.96
  78025.153    43.917    -5.38    5.56
  78390.964    42.936    -2.68    5.37
  78756.872    43.950     2.77    6.63
  79122.876    47.344     9.27    8.56
  79488.976    53.285    16.23    9.39
  79855.173    57.450    11.37    7.54
  80221.466    60.102     7.24    4.41
  80587.855    59.782    -0.87    3.62
  80954.341    57.955    -4.99    3.51
  81320.924    55.270    -7.32    5.82
  81687.604    48.425   -18.67   11.01
  82054.380    42.133   -17.16   11.35
  82421.254    38.629    -9.55    9.14
  82788.224    37.817    -2.21    7.40
  83155.292    41.043     8.79    6.85
  83522.456    44.409     9.17    4.31
  83889.718    45.977     4.27    3.59
  84257.077    47.125     3.13    2.99
  84624.534    46.763    -0.98    3.21
  84992.088    45.668    -2.98    4.19
  85359.740    43.291    -6.47    4.49
  85727.489    40.987    -6.26    3.27
  86095.336    39.643    -3.65    1.80
  86463.281    39.276    -1.00    1.77
  86831.323    40.032     2.06    2.24
  87199.464    41.297     3.44    2.75
  87567.703    42.495     3.25    2.85
  87936.039    44.331     4.98    2.73
  88304.474    46.047     4.66    3.57
  88673.008    46.801     2.05    4.21
  89041.639    44.360    -6.62    6.89
  89410.369    42.724    -4.44    7.40
  89779.198    44.219     4.05    8.74
  90148.125    47.122     7.87   10.04
  90517.150    53.780    18.04    7.11
  90886.275    55.644     5.05    6.44
  91255.498    55.757     0.31    6.05
  91624.821    54.596    -3.14    5.79
  91994.242    53.012    -4.29    3.99
  92363.762    53.088     0.20    2.63
  92733.382    53.817     1.97    3.03
  93103.100    55.283     3.97    4.88
  93472.918    55.270    -0.04    5.49
  93842.836    51.753    -9.51   11.41
  94212.853    44.719   -19.01   15.49
  94582.969    36.962   -20.96   14.11
  94953.185    31.362   -15.13    9.77
  95323.501    31.050    -0.84    9.76
  95693.917    33.167     5.72   11.36
  96064.432    32.844    -0.87   10.50
  96435.048    31.726    -3.02    8.92
  96805.763    28.957    -7.47    6.64
  97176.579    28.102    -2.31    4.97
  97547.495    28.025    -0.21    4.33
  97918.511    29.144     3.02    5.67
  98289.628    35.705    17.68   12.03
  98660.845    44.338    23.26   17.16
  99032.163    53.097    23.59   17.58
  99403.581    61.398    22.35   16.09
  99775.100    64.420     8.14   15.47
 100146.720    67.111     7.24   13.00
 100518.440    69.858     7.39   11.31
 100890.262    72.913     8.22    9.01
 101262.185    74.627     4.61    6.55
 101634.208    70.771   -10.37    8.97
 102006.333    65.787   -13.39    9.23
 102378.560    61.220   -12.27    6.46
 102750.887    60.809    -1.10    5.28
 103123.317    64.802    10.72    8.40
 103495.847    68.191     9.10    8.40
 103868.480    65.555    -7.07   11.38
 104241.214    59.780   -15.49   15.94
 104614.050    53.377   -17.18   15.79
 104986.988    47.584   -15.53    9.81
 105360.027    46.241    -3.60    6.37
 105733.169    48.967     7.31    5.45
 106106.413    51.271     6.17    5.65
 106479.759    53.636     6.33    6.18
 106853.208    56.734     8.30    7.89
 107226.759    57.615     2.36    7.90
 107600.412    57.167    -1.20    7.51
 107974.168    58.189     2.73    7.04
 108348.027    62.599    11.80    8.45
 108721.988    69.206    17.67    9.05
 109096.052    75.835    17.72    9.59
 109470.219    84.833    24.05   10.74
 109844.490    95.712    29.07   15.28
 110218.863   105.732    26.77   16.67
 110593.339   113.720    21.33   12.81
 110967.919   116.148     6.48   11.39
 111342.602   114.308    -4.91   13.56
 111717.388   109.017   -14.12   14.81
 112092.278    98.801   -27.25   16.96
 112467.272    89.276   -25.40   15.16
 112842.369    82.215   -18.82    9.93
 113217.570    78.852    -8.96    5.70
 113592.875    79.987     3.03    6.07
 113968.284    87.415    19.79   10.54
 114343.797    95.866    22.51   12.98
 114719.414   102.402    17.40   12.37
 115095.135   102.689     0.77   13.51
 115470.961    97.503   -13.80   17.02
 115846.891    88.708   -23.40   16.66
 116222.925    81.017   -20.45   11.72
 116599.064    75.853   -13.73    1.17
 116975.308    75.652    -0.54    0.00
 117351.656    75.652     0.00    0.00
 117728.109    75.652     0.00    0.00
 118104.668    75.652     0.00    0.00
 118481.331    75.652     0.00    0.00
 118858.099    75.652     0.00    0.00
 119234.973    75.652     0.00    0.00
 119611.951    75.652     0.00    0.00
 119989.036    75.652     0.00    0.00
 120366.225    75.652     0.00    0.00
 120743.520    75.652     0.00    0.00
 121120.921    75.652     0.00    0.00
 121498.428    75.740     0.24    0.77
 121876.040    77.977     5.92    5.62
 122253.758    82.278    11.39    8.70
 122631.583    86.970    12.42    9.77
 123009.513    91.183    11.15    9.13
 123387.550    92.970     4.73    7.48
 123765.692    95.883     7.70    8.93
 124143.942   102.990    18.79   12.01
 124522.297   111.277    21.90   13.06
 124900.759   115.850    12.09   12.80
 125279.328   114.952    -2.37   15.52
 125658.004   111.489    -9.15   15.81
 126036.786   108.097    -8.95   13.71
 126415.675   108.918     2.17   11.18
 126794.672   111.465     6.72    8.19
 127173.775   114.303     7.49    6.45
 127552.986   115.313     2.66    7.30
 127932.303   115.113    -0.53    7.44
 128311.729   114.424    -1.82    8.19
 128691.261   112.622    -4.75    9.19
 129070.901   112.500    -0.32   10.53
 129450.649   113.799     3.42   12.34
 129830.505   110.234    -9.39   15.92
 130210.468   100.881   -24.62   19.19
 130590.540    91.148   -25.61   15.90
 130970.719    82.271   -23.35    5.55
 131351.006    80.652    -4.26    0.00
 131731.402    80.652     0.00    0.00
 132111.906    80.728     0.20    0.44
 132492.518    81.857     2.97    2.86
 132873.239    86.886    13.21    8.87
 133254.069    96.938    26.40   14.05
 133635.007   106.885    26.11   13.67
 134016.054   115.078    21.50    8.70
 134397.209   117.372     6.02    7.92
 134778.474   114.758    -6.86    9.29
 135159.848   109.450   -13.92    9.02
 135541.330   105.159   -11.25    6.49
 135922.923   100.263   -12.83    7.37
 136304.624    94.821   -14.26    9.63
 136686.435    89.807   -13.13   12.13
 137068.355    84.485   -13.94   12.92
 137450.385    81.629    -7.47   11.86
 137832.525    81.001    -1.65   10.58
 138214.774    78.828    -5.68    8.13
 138597.134    77.824    -2.62    7.66
 138979.603    78.674     2.22    8.11
 139362.183    82.129     9.03    9.95
 139744.872    85.220     8.08    9.56
 140127.672    84.222    -2.61    9.17
 140510.583    80.926    -8.61    7.89
 140893.604    78.544    -6.22    7.03
 141276.735    79.181     1.66    6.70
 141651.670    80.103     2.46    5.70
 142014.432    79.554    -1.51    6.01
 142377.288    80.733     3.25    7.34
 142740.240    82.960     6.14    9.12
 143103.286    86.747    10.43    8.90
 143466.428    87.294     1.51    8.33
 143829.666    85.615    -4.62    7.95
 144192.998    82.903    -7.46    7.64
 144556.427    81.089    -4.99    7.08
 144919.951    81.069    -0.05    6.63
 145283.570    83.555     6.84    6.43
 145647.285    88.675    14.08    6.33
 146011.096    91.821     8.65    6.79
 146375.003    93.960     5.88    5.96
 146739.006    93.792    -0.46    5.43
 147103.105    89.944   -10.57    9.61
 147467.301    89.078    -2.38   13.65
 147831.592    91.644     7.04   16.30
 148195.980    97.103    14.98   17.45
 148560.464   103.629    17.91   15.23
 148925.044   108.807    14.20   10.96
 149289.721   109.205     1.09    9.71
 149654.495   108.308    -2.46   11.35
 150019.365   105.131    -8.71   12.47
 150384.332   100.066   -13.88   12.34
 150749.396    95.405   -12.77   12.49
