-140729.192   243.902     0.00   20.45
-140363.658   249.815    16.18   13.64
-139998.034   252.909     8.46    8.71
-139632.318   246.746   -16.85   10.81
-139266.512   239.504   -19.79   10.34
-138900.614   230.260   -25.26    9.18
-138534.626   222.962   -19.94    8.95
-138168.546   218.617   -11.87    6.37
-137802.375   219.114     1.36    7.16
-137436.112   224.194    13.87   10.87
-137069.758   233.104    24.32   11.20
-136703.313   240.750    20.86    9.80
-136336.776   241.706     2.61   11.24
-135970.148   234.671   -19.19   20.03
-135603.428   218.458   -44.21   28.31
-135236.616   195.290   -63.16   35.06
-134869.712   165.090   -82.30   39.38
-134502.716   137.681   -74.68   36.68
-134135.629   115.196   -61.25   24.34
-133768.449   100.487   -40.05   11.84
-133401.178    95.962   -12.32    7.14
-133033.814    94.206    -4.78    5.23
-132666.358    97.731     9.59   10.78
-132298.809   104.550    18.55   16.79
-131931.168   118.309    37.42   22.96
-131563.435   134.111    42.97   24.78
-131195.610   149.750    42.51   19.44
-130827.691   162.112    33.60   14.84
-130459.680   171.811    26.35    9.77
-130091.577   179.123    19.86    9.22
-129723.380   187.111    21.69    9.70
-129355.091   194.390    19.76    8.75
-128986.709   206.004    31.52   14.78
-128618.233   219.812    37.47   19.83
-128249.665   233.539    37.24   17.95
-127881.003   244.723    30.34    9.82
-127512.249   249.012    11.63    1.52
-127143.401   249.383     1.00    1.77
-126774.459   249.766     1.04    1.05
-126405.425   249.842     0.21    0.82
-126036.296   249.836    -0.02    0.85
-125667.075   250.063     0.61    1.32
-125297.759   250.829     2.07    2.19
-124928.350   251.659     2.25    2.44
-124558.847   252.559     2.43    2.43
-124189.250   253.109     1.49    2.22
-123819.559   253.012    -0.26    1.87
-123449.775   251.822    -3.22    2.28
-123079.896   249.122    -7.30    4.51
-122709.923   244.766   -11.77    8.28
-122339.856   239.171   -15.12   11.25
-121969.694   231.004   -22.06   14.40
-121599.438   222.304   -23.50   14.37
-121229.088   216.037   -16.92   10.86
-120858.643   217.250     3.27   11.38
-120488.104   224.105    18.50   13.68
-120117.470   233.434    25.17   13.13
-119746.741   242.346    24.04   10.66
-119375.918   249.885    20.33    9.04
-119004.999   249.872    -0.04    9.19
-118633.986   243.814   -16.32   13.56
-118262.878   234.715   -24.52   15.80
-117891.674   229.233   -14.77   14.04
-117520.376   227.717    -4.08   14.69
-117148.982   224.610    -8.37   15.99
-116777.493   215.012   -25.83   22.91
-116405.908   199.237   -42.45   24.49
-116034.228   182.955   -43.81   20.42
-115662.453   170.013   -34.81   15.87
-115290.582   161.417   -23.11   11.49
-114918.615   156.921   -12.09    8.86
-114546.553   153.562    -9.03    9.32
-114174.394   152.223    -3.60    9.07
-113802.140   151.083    -3.06    6.57
-113429.790   153.118     5.47    6.34
-113057.344   159.829    18.02   14.76
-112684.802   176.365    44.39   25.63
-112312.163   199.227    61.35   31.91
-111939.428   224.969    69.06   26.42
-111566.597   243.871    50.69   18.58
-111193.670   256.153    32.93   10.74
-110820.646   263.407    19.45    8.86
-110447.525   268.566    13.82    8.99
-110074.308   275.346    18.17    8.94
-109700.994   281.996    17.81    7.73
-109327.583   287.365    14.38    5.65
-108954.076   291.130    10.08    3.20
-108580.471   292.052     2.47    3.00
-108206.770   291.423    -1.68    4.31
-107832.971   285.897   -14.78   10.51
-107459.075   276.546   -25.01   15.86
-107085.082   270.279   -16.76   15.51
-106710.992   271.888     4.30   15.21
-106336.804   279.662    20.77   15.31
-105962.519   291.078    30.50   11.98
-105588.136   299.298    21.95    7.66
-105213.656   303.235    10.51    6.28
-104839.077   303.053    -0.49    8.66
-104464.402   299.399    -9.75   11.86
-104089.628   292.615   -18.10   12.58
-103714.756   286.037   -17.55   11.71
-103339.787   286.037     0.00   13.39
-102964.719   292.186    16.39   18.28
-102589.553   303.844    31.07   19.32
-102214.289   314.899    29.46   16.42
-101838.927   320.659    15.35   12.66
-101463.466   320.475    -0.49   16.76
-101087.906   318.536    -5.16   20.22
-100712.249   318.953     1.11   21.51
-100336.492   321.577     6.98   20.35
 -99960.637   327.970    17.01   16.27
 -99584.683   334.186    16.53   13.61
 -99208.630   338.346    11.06   10.48
 -98832.479   340.180     4.88    6.70
 -98456.228   336.483    -9.83    9.11
 -98079.878   328.056   -22.39   12.83
 -97703.429   313.823   -37.81   17.13
 -97326.881   298.229   -41.41   18.66
 -96950.234   279.315   -50.21   20.34
 -96573.487   264.304   -39.84   20.26
 -96196.640   247.604   -44.31   19.18
 -95819.694   233.838   -36.52   16.33
 -95442.649   223.512   -27.39   16.09
 -95065.503   221.282    -5.91   14.29
 -94688.258   225.029     9.93   15.81
 -94310.913   235.640    28.12   15.19
 -93933.468   244.768    24.18    8.12
 -93555.923   249.443    12.38    4.83
 -93178.278   252.313     7.60    4.80
 -92800.533   255.326     7.98    5.31
 -92422.688   258.963     9.62    5.51
 -92044.742   262.922    10.48    5.38
 -91666.695   267.074    10.98    5.68
 -91288.549   271.262    11.07    7.77
 -90910.301   273.264     5.29   10.18
 -90531.953   273.282     0.05   11.28
 -90153.504   272.028    -3.31   10.39
 -89774.955   272.365     0.89    9.79
 -89396.304   275.435     8.11   11.04
 -89017.553   281.574    16.21   11.63
 -88638.700   288.616    18.59   11.81
 -88259.746   293.392    12.60    8.98
 -87880.691   295.971     6.80    8.72
 -87501.535   294.782    -3.14    9.22
 -87122.277   293.063    -4.53    8.41
 -86742.918   294.386     3.49    9.98
 -86363.458   299.662    13.90    9.76
 -85983.895   305.858    16.32    9.55
 -85604.231   311.301    14.34   10.55
 -85224.465   318.881    19.96   11.45
 -84844.598   326.524    20.12   10.23
 -84464.628   331.250    12.44    8.97
 -84084.556   335.378    10.86    7.80
 -83704.382   338.151     7.29    5.96
 -83324.106   340.439     6.02    4.98
 -82943.728   342.184     4.59    3.63
 -82563.247   342.274     0.24    3.67
 -82182.664   341.678    -1.57    3.84
 -81801.978   338.819    -7.51    6.82
 -81421.190   331.350   -19.61   11.97
 -81040.299   317.354   -36.74   19.33
 -80659.305   299.353   -47.25   25.40
 -80278.208   280.562   -49.31   26.91
 -79897.009   259.397   -55.52   27.45
 -79515.706   242.020   -45.57   25.23
 -79134.300   225.266   -43.93   21.37
 -78752.791   213.665   -30.41   18.37
 -78371.179   204.592   -23.77   14.91
 -77989.464   198.784   -15.21   13.29
 -77607.644   197.521    -3.31   12.85
 -77225.722   196.491    -2.70   12.86
 -76843.696   194.791    -4.45   13.18
 -76461.566   186.438   -21.86   15.52
 -76079.332   174.786   -30.48   19.49
 -75696.994   160.874   -36.39   17.62
 -75314.553   153.581   -19.07   12.22
 -74932.007   152.737    -2.21   11.48
 -74549.358   158.516    15.10   13.01
 -74180.681   167.020    23.07    9.97
 -73817.365   173.504    17.85    6.63
 -73453.957   174.713     3.33    6.64
 -73090.458   176.837     5.84    8.75
 -72726.868   178.291     4.00   10.67
 -72363.187   176.310    -5.45   12.11
 -71999.415   170.905   -14.86   14.37
 -71635.552   164.243   -18.31   13.86
 -71271.597   157.891   -17.45   11.75
 -70907.551   150.561   -20.13   10.81
 -70543.413   142.356   -22.53   13.58
 -70179.183   129.483   -35.34   19.12
 -69814.862   115.521   -38.32   20.01
 -69450.449   105.348   -27.91   14.83
 -69085.945   107.657     6.33   19.36
 -68721.348   120.211    34.43   27.85
 -68356.660   138.258    49.48   26.66
 -67991.880   153.792    42.58   19.00
 -67627.007   165.858    33.07   15.25
 -67262.043   170.439    12.55   17.74
 -66896.986   172.695     6.18   21.53
 -66531.837   170.404    -6.27   25.23
 -66166.596   157.752   -34.64   31.30
 -65801.262   140.987   -45.89   35.31
 -65435.836   122.357   -50.98   32.61
 -65070.317   106.399   -43.66   27.06
 -64704.705    97.737   -23.69   18.55
 -64339.001    98.397     1.80   15.57
 -63973.204   101.762     9.20   13.95
 -63607.314   101.662    -0.27   12.67
 -63241.332    95.405   -17.10   15.14
 -62875.256    85.479   -27.11   14.77
 -62509.087    74.597   -29.72    9.02
 -62142.825    69.369   -14.27    5.80
 -61776.470    67.756    -4.41    5.27
 -61410.022    71.724    10.83    9.70
 -61043.480    81.646    27.07   16.79
 -60676.845    94.348    34.64   20.79
 -60310.116   111.903    47.87   18.86
 -59943.294   127.560    42.68   16.66
 -59576.378   138.654    30.23   11.67
 -59209.369   144.670    16.39    6.31
 -58842.265   144.004    -1.82    7.09
 -58475.068   136.955   -19.20   12.05
 -58107.777   131.012   -16.18   11.54
 -57740.392   126.604   -12.00   11.49
 -57372.913   123.555    -8.30   12.98
 -57005.340   121.402    -5.86   12.85
 -56637.672   118.204    -8.70   12.55
 -56269.911   112.320   -16.00   16.17
 -55902.054   101.536   -29.32   20.82
 -55534.104    89.569   -32.52   22.20
 -55166.059    74.987   -39.62   18.89
 -54797.919    64.584   -28.26   12.64
 -54429.685    59.589   -13.56    7.03
 -54061.356    59.540    -0.13    5.86
 -53692.932    61.804     6.14    5.55
 -53324.413    63.436     4.43    4.11
 -52955.800    63.662     0.61    4.39
 -52587.091    61.100    -6.95    6.97
 -52218.287    54.012   -19.22   10.72
 -51849.388    45.778   -22.32   11.44
 -51480.394    41.737   -10.95    9.13
 -51111.305    40.459    -3.46    7.40
 -50742.120    43.302     7.70    8.75
 -50372.840    47.741    12.02    7.86
 -50003.464    51.028     8.90    5.19
 -49633.992    49.956    -2.90    5.36
 -49264.425    45.716   -11.47    7.69
 -48894.762    41.948   -10.19    6.85
 -48525.003    39.388    -6.92    5.21
 -48155.149    38.627    -2.06    4.30
 -47785.198    42.380    10.14    5.27
 -47415.151    46.104    10.06    6.91
 -47045.008    49.890    10.23    7.61
 -46674.769    52.654     7.47    6.21
 -46304.434    53.789     3.06    5.17
 -45934.002    53.500    -0.78    4.49
 -45563.474    53.342    -0.42    4.95
 -45192.849    54.071     1.97    5.35
 -44822.128    54.068    -0.01    5.48
 -44451.310    51.533    -6.84    7.95
 -44080.395    44.681   -18.47   10.36
 -43709.384    37.060   -20.54   10.12
 -43338.275    32.064   -13.46    7.00
 -42967.070    31.820    -0.66    7.08
 -42595.768    33.858     5.49    7.85
 -42224.368    35.105     3.36    6.90
 -41852.871    32.599    -6.75    7.08
 -41481.277    29.866    -7.35    6.87
 -41109.586    27.093    -7.46    8.36
 -40737.797    25.551    -4.15    9.35
 -40365.911    23.953    -4.30    8.99
 -39993.927    23.172    -2.10    7.79
 -39621.845    26.068     7.78    9.04
 -39249.666    32.858    18.24   11.90
 -38877.389    40.496    20.51   11.40
 -38505.014    45.587    13.67    8.01
 -38132.541    44.948    -1.72    8.11
 -37759.970    41.892    -8.20    8.20
 -37387.301    38.282    -9.69    6.58
 -37014.533    34.716    -9.57    4.76
 -36641.668    32.898    -4.87    4.09
 -36268.704    31.332    -4.20    3.29
 -35895.641    30.548    -2.10    3.08
 -35522.480    29.722    -2.21    2.69
 -35149.221    29.488    -0.63    2.49
 -34775.862    28.955    -1.43    2.33
 -34402.405    27.817    -3.05    2.23
 -34028.850    26.652    -3.12    1.88
 -33655.195    25.805    -2.26    1.42
 -33281.441    25.508    -0.80    1.30
 -32907.588    25.853     0.92    1.26
 -32533.636    26.204     0.94    1.06
 -32159.585    25.059    -3.06    2.49
 -31785.435    22.731    -6.22    4.55
 -31411.185    20.883    -4.94    6.18
 -31036.836    21.692     2.16    7.97
 -30662.387    26.108    11.79    9.98
 -30287.838    33.853    20.68   10.84
 -29913.190    38.532    12.49    7.92
 -29538.442    39.248     1.91    6.17
 -29163.594    35.044   -11.22    8.04
 -28788.647    28.601   -17.18   10.58
 -28413.599    21.052   -20.13   11.17
 -28038.451    15.122   -15.80    7.84
 -27663.203    11.705    -9.11    4.85
 -27287.855    11.720     0.04    5.60
 -26912.406    12.659     2.50    5.32
 -26536.857    16.170     9.35    6.67
 -26161.207    19.947    10.05    6.77
 -25785.457    23.052     8.27    4.55
 -25409.606    23.764     1.89    2.92
 -25033.654    23.037    -1.93    2.78
 -24657.602    22.908    -0.34    3.85
 -24281.449    24.702     4.77    5.86
 -23905.194    27.012     6.14    7.19
 -23528.839    29.242     5.92    7.30
 -23152.382    30.113     2.32    6.32
 -22775.825    27.814    -6.10    5.91
 -22399.166    24.020   -10.07    6.91
 -22022.405    18.189   -15.48    6.59
 -21645.543    14.641    -9.42    4.78
 -21268.579    13.437    -3.19    3.60
 -20891.514    15.908     6.55    5.64
 -20514.347    19.901    10.59    6.78
 -20137.079    24.012    10.90    6.79
 -19759.708    26.940     7.76    6.82
 -19382.235    28.640     4.50    6.43
 -19004.661    29.376     1.95    5.00
 -18626.984    30.479     2.92    4.05
 -18249.205    32.471     5.27    4.43
 -17871.323    34.694     5.88    3.84
 -17493.340    35.199     1.34    3.87
 -17115.253    31.440    -9.94    7.84
 -16737.065    25.740   -15.07    8.75
 -16358.773    20.329   -14.30    6.06
 -15980.379    17.940    -6.31    3.39
 -15601.882    16.885    -2.79    2.32
 -15223.282    17.107     0.58    2.73
 -14844.579    17.979     2.30    3.73
 -14465.774    18.772     2.09    3.74
 -14086.865    19.980     3.19    3.44
 -13707.852    21.106     2.97    4.33
 -13328.737    21.043    -0.17    4.72
 -12949.518    20.564    -1.26    5.27
 -12570.195    19.356    -3.18    4.97
 -12190.769    18.468    -2.34    3.73
 -11811.240    20.134     4.39    3.55
 -11431.606    22.224     5.51    3.41
 -11051.869    23.911     4.44    3.83
 -10672.028    23.901    -0.03    3.81
 -10292.083    22.940    -2.53    4.49
  -9912.034    21.083    -4.89    5.04
  -9531.880    18.654    -6.39    5.31
  -9151.623    17.064    -4.18    4.54
  -8771.261    16.652    -1.09    4.19
  -8390.794    17.036     1.01    4.32
  -8010.223    19.161     5.58    4.72
  -7629.548    21.083     5.05    4.57
  -7248.768    21.134     0.13    4.25
  -6867.883    19.271    -4.89    3.86
  -6486.893    18.470    -2.10    2.99
  -6105.798    19.144     1.77    3.37
  -5724.599    20.052     2.38    3.45
  -5343.294    20.781     1.91    3.23
  -4961.884    18.799    -5.20    5.87
  -4580.368    14.794   -10.50    7.12
  -4198.748    11.877    -7.64    5.54
  -3817.022    10.020    -4.87    3.90
  -3435.190     9.507    -1.34    4.29
  -3053.253     9.996     1.28    3.91
  -2671.210     9.220    -2.03    4.55
  -2289.061     7.144    -5.43    5.29
  -1906.806     4.629    -6.58    4.34
  -1524.445     2.226    -6.29    2.48
  -1141.978     1.060    -3.05    1.26
   -759.405     0.620    -1.15    1.17
   -376.726     0.153    -1.22    0.53
      6.060    -0.004    -0.41    0.00
    383.514     0.129     0.35    0.51
    746.604     0.388     0.71    0.83
   1109.786     0.778     1.07    1.01
   1473.060     1.113     0.92    1.00
   1836.427     1.431     0.88    0.92
   2199.886     1.476     0.12    0.82
   2563.439     1.578     0.28    0.76
   2927.084     1.868     0.80    0.46
   3290.822     2.116     0.68    0.35
   3654.653     2.755     1.76    1.16
   4018.576     3.124     1.01    1.68
   4382.593     2.625    -1.37    2.24
   4746.703     1.753    -2.39    2.34
   5110.907     0.580    -3.22    1.53
   5475.203    -0.004    -1.60    0.00
   5839.593    -0.004     0.00    0.00
   6204.077    -0.004     0.00    0.00
   6568.654    -0.004     0.00    0.00
   6933.324    -0.004     0.00    0.00
   7298.088     0.644     1.78    3.24
   7662.946     8.786    22.32   18.86
   8027.898    21.761    35.55   28.75
   8392.943    33.900    33.25   29.61
   8758.083    44.276    28.41   24.36
   9123.316    45.816     4.22   21.79
   9488.644    42.700    -8.53   16.98
   9854.065    40.644    -5.63   10.05
  10219.581    43.817     8.68    8.98
  10585.192    47.908    11.19    9.26
  10950.896    52.252    11.88   12.51
  11316.696    60.051    21.32   15.09
  11682.589    67.236    19.64   13.38
  12048.578    68.389     3.15   10.90
  12414.661    71.730     9.13   12.42
  12780.838    74.520     7.62   15.23
  13147.111    72.492    -5.54   16.97
  13513.478    63.703   -23.99   22.65
  13879.941    53.394   -28.13   23.59
  14246.498    47.816   -15.22   21.01
  14613.151    47.519    -0.81   18.92
  14979.899    48.954     3.91   17.03
  15346.742    54.273    14.50   12.15
  15713.681    58.767    12.25   10.96
  16080.715    62.912    11.29   12.33
  16447.844    68.616    15.54   10.37
  16815.069    68.996     1.03    9.40
  17182.390    63.612   -14.66   12.43
  17549.806    54.137   -25.79   13.63
  17917.319    47.097   -19.16   11.32
  18284.927    44.781    -6.30   10.03
  18652.631    46.496     4.66   10.21
  19020.431    49.700     8.71    9.70
  19388.327    52.597     7.88    8.34
  19756.320    52.769     0.47    8.32
  20124.408    49.178    -9.76    9.75
  20492.594    39.556   -26.14   15.17
  20860.875    30.089   -25.71   16.82
  21229.253    22.676   -20.12   13.26
  21597.728    21.384    -3.50   13.25
  21966.299    30.456    24.61   16.71
  22334.967    43.278    34.78   16.52
  22703.732    48.413    13.93   13.08
  23072.593    48.072    -0.92   11.85
  23441.552    45.996    -5.63    8.96
  23810.607    45.050    -2.56    6.35
  24179.760    45.065     0.04    5.45
  24549.010    48.862    10.28    6.79
  24918.357    52.693    10.37    8.20
  25287.802    57.964    14.27   10.43
  25657.344    68.069    27.34   13.37
  26026.983    78.277    27.62   13.92
  26396.720    86.247    21.56   12.09
  26766.555    89.692     9.31    9.85
  27136.487    86.453    -8.75   11.45
  27506.518    80.484   -16.13   10.15
  27876.646    74.949   -14.95    7.15
  28246.872    72.785    -5.85    6.03
  28617.196    71.987    -2.15    6.74
  28987.618    75.214     8.71    8.88
  29358.139    80.160    13.35    9.79
  29728.758    85.604    14.69   10.42
  30099.475    86.628     2.76   10.69
  30470.291    83.763    -7.73   11.73
  30841.205    77.899   -15.81   13.15
  31212.217    70.734   -19.31   11.57
  31583.329    66.138   -12.38    8.69
  31954.539    63.027    -8.38    8.30
  32325.848    59.831    -8.61    7.68
  32697.256    58.916    -2.47    7.63
  33068.763    60.300     3.73    7.80
  33440.369    60.472     0.46    8.43
  33812.074    59.404    -2.87    8.99
  34183.879    60.073     1.80    9.91
  34555.782    60.569     1.33   10.70
  34927.785    59.564    -2.70   12.07
  35299.888    57.988    -4.23   12.81
  35672.090    56.036    -5.25   11.39
  36044.392    52.570    -9.31   10.42
  36416.794    49.716    -7.66   10.40
  36789.295    47.996    -4.62   11.72
  37161.896    48.605     1.64   14.61
  37534.597    50.596     5.34   16.16
  37907.399    53.599     8.06   15.23
  38280.300    56.469     7.70   14.29
  38653.302    57.636     3.13   12.58
  39026.404    57.255    -1.02   12.31
  39399.606    55.545    -4.58   12.89
  39772.909    52.781    -7.40   12.79
  40146.312    51.236    -4.14   10.96
  40519.816    49.709    -4.09    9.49
  40893.420    48.077    -4.37    9.19
  41267.126    43.499   -12.25    6.88
  41640.932    37.902   -14.97    9.57
  42014.839    36.909    -2.66   10.60
  42388.847    39.316     6.44   11.39
  42762.957    43.436    11.01   11.03
  43137.167    49.800    17.01    6.51
  43511.479    50.848     2.80    3.96
  43885.892    48.574    -6.07    5.60
  44260.407    44.675   -10.41    9.09
  44635.023    39.879   -12.80   12.86
  45009.741    33.072   -18.17   14.66
  45384.560    28.693   -11.68   13.30
  45759.481    27.447    -3.32   10.83
  46134.504    28.942     3.99   11.20
  46509.629    31.249     6.15   11.56
  46884.856    30.921    -0.87   10.38
  47260.185    29.619    -3.47    9.30
  47635.617    30.097     1.27   10.27
  48011.150    34.814    12.56   15.60
  48386.786    40.301    14.61   17.89
  48762.525    46.838    17.40   16.24
  49138.366    52.103    14.01   10.63
  49514.309    54.316     5.89   10.72
  49890.356    54.711     1.05    9.38
  50266.505    52.950    -4.68    9.79
  50642.757    52.357    -1.58    9.33
  51019.111    48.623    -9.92    9.00
  51395.569    44.057   -12.13    8.93
  51772.130    44.379     0.85   10.66
  52148.795    42.637    -4.63   11.66
  52525.562    42.144    -1.31   10.64
  52902.433    44.799     7.04   11.13
  53279.408    48.820    10.67   12.57
  53656.486    58.207    24.89   12.05
  54033.667    68.119    26.28   13.29
  54410.953    73.236    13.56   11.67
  54788.342    77.067    10.15   10.39
  55165.835    79.011     5.15   12.08
  55543.432    78.716    -0.78   11.78
  55921.133    75.591    -8.27   12.99
  56298.938    71.457   -10.94   14.29
  56676.848    63.402   -21.32    9.64
  57054.861    62.316    -2.87    8.18
  57432.980    64.172     4.91    9.85
  57811.203    71.251    18.72   12.28
  58189.530    78.415    18.94   10.86
  58567.962    81.872     9.13   10.51
  58946.499    85.774    10.31   10.34
  59325.140    90.751    13.15   11.79
  59703.887    91.511     2.01   10.56
  60082.739    90.912    -1.58   10.96
  60461.695    87.741    -8.37   10.48
  60840.757    86.511    -3.25    8.87
  61219.924    88.949     6.43   10.71
  61599.197    90.019     2.82   10.19
  61978.575    88.488    -4.04    8.79
  62358.059    86.996    -3.93    7.55
  62737.648    92.518    14.55   12.84
  63117.343   102.800    27.08   16.12
  63497.144   114.240    30.12   13.39
  63877.051   119.420    13.64   12.23
  64257.064   121.855     6.41   13.97
  64637.182   121.560    -0.78   13.73
  65017.407   117.280   -11.26   13.78
  65397.739   112.691   -12.07   13.31
  65778.176   107.880   -12.65   11.24
  66158.721   105.891    -5.23    7.78
  66539.371   104.896    -2.61    7.83
  66920.129   103.396    -3.94   11.44
  67300.993    99.964    -9.01   14.86
  67681.963    94.774   -13.62   15.75
  68063.041    90.315   -11.70   12.52
  68444.226    89.326    -2.59    9.81
  68825.518    89.842     1.35    8.25
  69206.917    90.988     3.01    7.66
  69588.423    91.018     0.08    6.26
  69970.036    89.237    -4.67    4.81
  70351.757    86.865    -6.22    4.61
  70733.586    84.324    -6.66    4.41
  71115.522    83.383    -2.46    3.30
  71497.566    83.680     0.78    4.59
  71879.718    84.292     1.60    5.21
  72261.977    84.828     1.40    4.44
  72644.345    83.326    -3.93    4.78
  73026.821    81.492    -4.80    7.10
  73409.404    79.776    -4.49    8.31
  73792.097    78.392    -3.62    8.46
  74174.897    81.293     7.58    9.94
  74557.806    88.625    19.15   13.17
  74940.824    99.522    28.45   16.90
  75307.441   109.649    27.62   14.68
  75670.406   119.729    27.77   11.69
  76033.464   128.454    24.03   11.19
  76396.617   135.011    18.06    9.96
  76759.863   140.210    14.31    6.36
  77123.204   141.996     4.91    4.07
  77486.638   138.344   -10.05    9.16
  77850.167   130.824   -20.69   13.00
  78213.790   121.188   -26.50   13.66
  78577.508   112.690   -23.36   10.92
  78941.320   105.863   -18.77    9.36
  79305.226   100.226   -15.49    8.89
  79669.227    95.255   -13.66    8.25
  80033.323    92.377    -7.90    8.19
  80397.513    91.178    -3.29    7.85
  80761.798    88.544    -7.23    8.06
  81126.179    85.774    -7.60    8.35
  81490.654    84.100    -4.59    7.62
  81855.224    82.253    -5.07    7.71
  82219.889    80.026    -6.11    7.79
  82584.649    81.407     3.78    8.85
  82949.505    89.148    21.22   18.32
  83314.456   100.496    31.09   22.48
  83679.502   112.197    32.06   17.42
  84044.644   114.072     5.14   15.66
  84409.882   106.834   -19.82   19.90
  84775.215    95.714   -30.44   17.64
  85140.644    87.484   -22.52   12.60
  85506.169    83.162   -11.82    7.54
  85871.789    81.670    -4.08    5.21
  86237.506    82.888     3.33    5.51
  86603.318    84.571     4.60    6.40
  86969.227    85.035     1.27    6.88
  87335.232    82.425    -7.13    7.56
  87701.333    77.148   -14.41   10.27
  88067.530    69.957   -19.64   12.40
  88433.824    63.688   -17.11   11.74
  88800.214    59.056   -12.64   11.22
  89166.701    54.647   -12.03   10.42
  89533.285    50.358   -11.70    8.47
  89899.965    47.397    -8.07    6.10
  90266.742    45.614    -4.86    6.86
  90633.616    44.059    -4.24    8.80
  91000.587    41.356    -7.36    9.69
  91367.655    37.736    -9.86    8.86
  91734.820    34.720    -8.21    5.56
  92102.083    34.319    -1.09    5.44
  92469.442    35.306     2.69    5.69
  92836.899    36.287     2.67    5.04
  93204.454    37.462     3.20    3.73
  93572.105    38.419     2.60    2.94
  93939.855    38.424     0.01    3.02
  94307.702    37.808    -1.68    3.06
  94675.647    36.896    -2.48    3.16
  95043.690    36.153    -2.02    4.25
  95411.830    35.867    -0.78    6.08
  95780.069    35.759    -0.29    6.80
  96148.406    36.098     0.92    6.81
  96516.840    36.624     1.43    7.30
  96885.374    37.316     1.88    8.55
  97254.005    38.885     4.26   11.09
  97622.735    40.162     3.46   13.56
  97991.563    39.599    -1.53   16.45
  98360.490    36.730    -7.78   18.40
  98729.515    33.935    -7.57   16.72
  99098.639    31.583    -6.37   13.05
  99467.862    29.236    -6.36    9.56
  99837.184    28.620    -1.67    6.93
 100206.604    30.874     6.10    8.30
 100576.124    36.980    16.52   15.11
 100945.743    46.537    25.86   18.90
 101315.461    54.278    20.94   17.62
 101685.278    59.934    15.29   15.58
 102055.195    61.988     5.55   13.29
 102425.211    64.726     7.40   12.33
 102795.327    69.919    14.03   12.98
 103165.542    71.846     5.21   11.51
 103535.857    72.888     2.81   10.61
 103906.272    73.503     1.66   12.84
 104276.786    71.630    -5.06   13.99
 104647.400    70.811    -2.21   16.40
 105018.115    71.124     0.85   19.35
 105388.929    70.191    -2.52   21.69
 105759.844    68.263    -5.20   24.64
 106130.859    62.276   -16.14   24.43
 106501.974    55.935   -17.09   21.15
 106873.190    53.705    -6.01   14.65
 107244.506    56.853     8.48   14.87
 107615.923    61.018    11.22   16.55
 107987.441    66.092    13.66   18.58
 108359.059    65.409    -1.84   21.20
 108730.778    62.409    -8.07   20.20
 109102.598    60.318    -5.62   16.62
 109474.519    61.129     2.18   13.85
 109846.541    59.907    -3.29   13.71
 110218.664    58.279    -4.37   14.99
 110590.889    58.943     1.78   17.81
 110963.214    58.208    -1.98   18.75
 111335.642    61.371     8.49   18.60
 111708.170    63.884     6.75   18.97
 112080.801    63.503    -1.02   20.03
 112453.533    62.225    -3.43   20.70
 112826.367    58.319   -10.48   19.87
 113199.302    53.926   -11.78   19.59
 113572.340    51.240    -7.20   19.32
 113945.479    47.734    -9.40   17.18
 114318.721    45.076    -7.12   13.40
 114692.065    43.124    -5.23    9.80
 115065.511    42.496    -1.68    6.47
 115439.059    43.892     3.74    5.28
 115812.710    44.167     0.74    5.74
 116186.464    44.533     0.98    6.06
 116560.320    46.057     4.08    6.61
 116934.279    45.777    -0.75    7.21
 117308.340    45.420    -0.96    8.44
 117682.504    44.255    -3.11    9.60
 118056.772    39.264   -13.34    8.99
 118431.142    33.988   -14.09    6.98
 118805.616    30.510    -9.29    4.25
 119180.192    29.521    -2.64    2.71
 119554.872    29.575     0.14    3.30
 119929.656    30.839     3.37    4.01
 120304.543    33.384     6.79    5.65
 120679.533    37.220    10.23    6.41
 121054.627    41.773    12.14    6.07
 121429.825    46.530    12.68    7.61
 121805.126    51.480    13.19   10.60
 122180.532    56.451    13.24   11.03
 122556.042    61.596    13.70    8.94
 122931.655    61.889     0.78    8.15
 123307.373    58.003   -10.34    8.69
 123683.195    53.178   -12.84    8.63
 124059.121    49.603    -9.51    7.02
 124435.152    48.003    -4.26    5.24
 124811.287    47.449    -1.47    3.58
 125187.527    48.092     1.71    4.39
 125563.872    50.680     6.88    7.17
 125940.321    55.544    12.92   10.25
 126316.876    61.307    15.30   10.08
 126693.535    66.808    14.61    9.36
 127070.299    71.548    12.58    9.70
 127447.169    76.257    12.50    9.02
 127824.143    81.416    13.69    7.62
 128201.223    86.746    14.13    8.12
 128578.409    91.484    12.56    9.40
 128955.700    97.064    14.79    8.18
 129333.096   100.433     8.93    6.06
 129710.598   103.919     9.24    7.87
 130088.206   104.766     2.24   10.05
 130465.920   105.264     1.32   10.46
 130843.740   104.366    -2.38    9.54
 131221.666   103.782    -1.54    8.88
 131599.698   102.499    -3.39    9.60
 131977.836   104.034     4.06   10.31
 132356.080   108.091    10.73   11.66
 132734.431   114.542    17.05   12.30
 133112.888   119.844    14.01    9.74
 133491.452   123.336     9.23    7.08
 133870.123   124.376     2.75    4.89
 134248.900   122.633    -4.60    5.26
 134627.784   119.281    -8.85    5.59
 135006.776   115.389   -10.27    5.59
 135385.874   111.470   -10.34    5.98
 135765.079   108.050    -9.02    5.74
 136144.392   106.466    -4.18    5.15
 136523.812   108.358     4.99    8.02
 136903.339   114.511    16.21   12.68
 137282.974   120.878    16.77   11.95
 137662.716   125.632    12.52    7.23
 138042.566   123.801    -4.82    8.06
 138422.524   118.529   -13.88    8.61
 138802.589   112.554   -15.72    7.45
 139182.763   110.121    -6.40    7.22
 139563.045   109.958    -0.43    7.37
 139943.435   109.095    -2.27    7.43
 140323.933   107.701    -3.66    7.35
 140704.539   104.926    -7.29    6.37
 141085.254   102.433    -6.55    5.34
 141466.077   101.566    -2.28    4.90
 141847.009   101.902     0.88    6.33
 142228.050   102.788     2.32    7.64
 142609.200   106.199     8.95   10.68
 142990.458   109.717     9.23   12.04
 143371.825   113.510     9.95   10.98
 143753.302   114.924     3.71    8.90
 144134.888   113.407    -3.97   10.11
 144516.583   114.229     2.15   12.15
 144898.387   115.055     2.17   13.17
 145280.301   116.825     4.63   12.48
 145662.324   117.484     1.72   11.01
 146044.457   116.429    -2.76    9.87
 146426.700   114.824    -4.20    8.51
 146809.052   113.829    -2.60    5.99
 147191.515   113.944     0.30    4.70
 147574.087   113.757    -0.49    4.57
 147956.770   111.314    -6.39    5.80
 148339.563   107.835    -9.09    5.79
 148722.466   103.274   -11.91    5.87
 149105.480    98.798   -11.69    5.47
 149488.604    96.160    -6.89    4.31
 149864.697    96.525     0.97    4.44
 150227.459    97.514     2.72    5.85
 150590.316    98.041     1.45    6.87
 150953.268    97.078    -2.65    6.56
 151316.315    94.746    -6.42    5.59
 151679.457    92.092    -7.31    5.18
 152042.695    89.845    -6.19    4.74
 152406.028    88.106    -4.79    3.23
 152769.456    87.264    -2.32    2.50
 153132.981    87.446     0.50    2.70
 153496.600    87.529     0.23    3.03
 153860.316    86.290    -3.41    4.56
 154224.127    85.070    -3.35    6.31
 154588.034    83.203    -5.13    6.80
 154952.037    82.791    -1.13    6.74
 155316.136    84.381     4.37    7.30
 155680.331    88.472    11.23    7.55
 156044.623    92.981    12.38    6.34
 156409.010    95.503     6.92    4.20
 156773.494    95.942     1.21    2.93
 157138.074    95.151    -2.17    3.11
 157502.751    93.760    -3.81    4.42
 157867.525    92.227    -4.20    5.40
 158232.395    88.227   -10.96    8.29
 158597.361    85.562    -7.30    8.62
 158962.425    86.297     2.01   10.19
 159327.585    88.281     5.43   11.92
 159692.843    90.083     4.93   10.57
 160058.197    90.764     1.86    8.52
 160423.649    88.255    -6.86    6.44
 160789.198    87.566    -1.89    4.68
 161154.844    91.362    10.38    8.61
 161520.587    99.687    22.76   13.85
 161886.428   112.480    34.97   16.39
 162252.367   125.945    36.80   17.22
 162618.403   138.848    35.26   15.35
 162984.536   148.011    25.03   11.14
 163350.768   150.966     8.07    7.65
 163717.097   150.762    -0.56    6.01
 164083.524   148.759    -5.47    4.73
 164450.049   147.403    -3.70    5.03
 164816.673   146.775    -1.71    5.79
 165183.394   145.109    -4.54    7.39
 165550.214   141.790    -9.05    9.18
 165917.132   136.725   -13.80   10.77
 166284.148   129.815   -18.83   10.97
 166651.263   120.788   -24.59   10.85
 167018.477   110.864   -27.03   12.43
 167385.789   100.714   -27.64   12.98
 167753.200    89.905   -29.42   12.07
 168120.709    81.444   -23.02    9.79
 168488.318    75.716   -15.58    8.57
 168856.025    73.503    -6.02    8.17
 169223.832    73.900     1.08    6.96
 169591.738    74.900     2.72    5.30
 169959.743    74.736    -0.45    6.24
 170327.847    73.444    -3.51   11.83
 170696.051    72.375    -2.90   13.97
 171064.354    69.913    -6.69   13.89
 171432.757    66.884    -8.22   11.59
 171801.259    64.652    -6.06    8.92
 172169.861    60.996    -9.92    7.68
