-114952.339   281.252     0.00   13.76
-114570.374   282.996     4.56   13.63
-114188.309   288.521    14.46   17.47
-113806.142   293.654    13.43   19.33
-113423.873   291.933    -4.50   25.16
-113041.502   288.468    -9.06   26.63
-112659.030   298.553    26.37   31.20
-112291.705   315.127    45.12   33.35
-111928.177   335.656    56.47   25.14
-111564.560   346.093    28.70   12.02
-111200.853   343.117    -8.18   15.75
-110837.057   329.065   -38.62   25.57
-110473.171   305.619   -64.43   38.01
-110109.196   273.770   -87.50   43.72
-109745.131   244.583   -80.17   41.85
-109380.977   219.594   -68.62   29.32
-109016.732   208.394   -30.75   19.73
-108652.398   212.396    10.98   26.49
-108287.973   221.620    25.31   27.84
-107923.459   224.348     7.48   24.24
-107558.855   213.213   -30.54   30.92
-107194.160   189.734   -64.37   32.34
-106829.375   163.158   -72.85   27.03
-106464.500   144.263   -51.78   22.56
-106099.535   124.608   -53.85   21.22
-105734.479   120.875   -10.23   18.99
-105369.332   128.797    21.70   27.99
-105004.095   147.648    51.61   35.47
-104638.768   166.255    50.93   28.34
-104273.350   183.562    47.36   22.89
-103907.841   208.874    69.25   32.48
-103542.241   234.924    71.25   42.17
-103176.550   262.047    74.16   35.59
-102810.768   277.702    42.80   19.61
-102444.896   277.433    -0.73   16.34
-102078.932   254.350   -63.07   35.53
-101712.877   211.412  -117.29   58.09
-101346.730   178.580   -89.67   50.27
-100980.493   155.560   -62.85   27.39
-100614.164   158.671     8.49   27.19
-100247.744   177.292    50.82   29.47
 -99881.232   199.563    60.76   30.58
 -99514.628   213.066    36.83   28.19
 -99147.933   227.494    39.34   26.60
 -98781.146   239.366    32.37   27.32
 -98414.268   255.622    44.31   30.80
 -98047.297   279.950    66.29   30.45
 -97680.235   304.200    66.06   27.66
 -97313.080   329.562    69.07   29.10
 -96945.834   362.614    89.99   40.28
 -96578.495   394.093    85.69   41.32
 -96211.064   419.161    68.22   27.24
 -95843.541   427.941    23.89   13.52
 -95475.926   423.219   -12.85   14.00
 -95108.218   412.494   -29.16    9.48
 -94740.418   408.065   -12.04    6.38
 -94372.525   405.002    -8.33    4.84
 -94004.539   401.341    -9.95    6.29
 -93636.461   398.313    -8.23    6.57
 -93268.290   395.108    -8.71    5.86
 -92900.026   392.247    -7.77    5.23
 -92531.670   390.051    -5.96    5.19
 -92163.220   387.295    -7.48    6.51
 -91794.677   384.720    -6.99    7.27
 -91426.041   381.536    -8.64    9.82
 -91057.312   379.300    -6.07   13.88
 -90688.490   379.991     1.87   17.46
 -90319.575   377.661    -6.32   21.09
 -89950.566   375.925    -4.70   21.70
 -89581.463   373.070    -7.74   20.79
 -89212.267   364.255   -23.87   17.65
 -88842.977   356.760   -20.30   16.39
 -88473.594   346.260   -28.42   14.83
 -88104.117   339.743   -17.64   12.64
 -87734.546   335.933   -10.31   10.07
 -87364.882   328.659   -19.68   11.17
 -86995.123   320.156   -23.00   15.38
 -86625.270   310.762   -25.40   15.74
 -86255.323   302.109   -23.39   14.94
 -85885.282   301.291    -2.21   16.27
 -85515.147   304.196     7.85   16.87
 -85144.917   307.983    10.23   10.78
 -84774.593   306.633    -3.65    9.15
 -84404.174   296.822   -26.49   14.47
 -84033.661   282.578   -38.44   20.03
 -83663.054   264.134   -49.76   22.27
 -83292.351   248.525   -42.11   20.10
 -82921.554   236.379   -32.75   12.16
 -82550.662   232.377   -10.79   13.84
 -82179.675   237.548    13.94   20.22
 -81808.593   243.625    16.38   21.08
 -81437.416   252.611    24.21   17.53
 -81066.144   259.532    18.64   12.79
 -80694.777   262.046     6.77   14.80
 -80323.315   260.189    -5.00   16.72
 -79951.757   249.035   -30.02   23.44
 -79580.103   227.316   -58.43   32.34
 -79208.355   204.941   -60.19   31.74
 -78836.510   188.099   -45.29   21.18
 -78464.570   183.654   -11.95   17.60
 -78092.535   185.252     4.29   19.61
 -77720.403   188.950     9.94   16.65
 -77348.176   189.966     2.73   12.25
 -76975.853   185.863   -11.02   10.60
 -76603.433   179.735   -16.45    9.43
 -76230.918   174.815   -13.21    7.49
 -75858.306   171.763    -8.19    4.23
 -75485.598   171.228    -1.44    3.56
 -75112.794   172.896     4.47    4.11
 -74739.894   176.515     9.71    5.79
 -74366.897   177.750     3.31    5.60
 -73993.804   178.033     0.76    5.74
 -73620.613   178.396     0.97    7.47
 -73247.327   178.941     1.46   10.26
 -72873.943   177.809    -3.03   13.66
 -72500.463   171.741   -16.25   18.22
 -72126.886   161.916   -26.30   17.47
 -71753.211   154.630   -19.50   11.17
 -71379.440   152.959    -4.47    9.90
 -71005.572   160.115    19.14   14.34
 -70631.606   169.391    24.80   15.60
 -70257.543   178.831    25.23   12.35
 -69883.383   179.746     2.45   11.88
 -69509.125   176.450    -8.81   13.69
 -69134.770   168.575   -21.03   15.40
 -68760.317   159.950   -23.03   16.88
 -68385.767   151.508   -22.54   16.69
 -68011.118   143.396   -21.65   15.44
 -67636.372   133.605   -26.13   19.57
 -67261.528   123.041   -28.18   19.98
 -66886.587   116.925   -16.31   15.30
 -66511.547   118.123     3.20   16.01
 -66136.409   127.545    25.11   19.29
 -65761.172   139.441    31.70   15.48
 -65385.838   148.760    24.83    7.72
 -65010.405   153.504    12.64    4.45
 -64634.873   152.400    -2.94    5.22
 -64259.244   149.083    -8.83    7.25
 -63883.515   142.847   -16.60    9.45
 -63507.688   136.253   -17.54    9.45
 -63131.762   132.240   -10.67    8.15
 -62755.738   130.999    -3.30    7.98
 -62379.614   131.363     0.97    7.92
 -62003.391   133.229     4.96    7.56
 -61627.070   135.264     5.41    8.96
 -61250.649   134.213    -2.79   10.98
 -60874.129   133.466    -1.98   12.23
 -60497.510   135.816     6.24   14.45
 -60120.791   139.041     8.56   13.32
 -59743.973   146.958    21.01   15.82
 -59367.056   158.263    29.99   20.77
 -58990.039   171.097    34.04   25.82
 -58612.922   182.967    31.47   28.24
 -58235.705   194.343    30.16   29.31
 -57858.389   206.113    31.19   32.57
 -57480.972   219.696    35.99   39.06
 -57103.456   225.925    16.50   40.57
 -56725.840   229.020     8.20   41.35
 -56348.123   220.535   -22.46   35.66
 -55970.306   206.866   -36.18   27.51
 -55592.389   196.933   -26.28   24.25
 -55214.372   186.380   -27.92   22.29
 -54836.254   177.698   -22.96   18.62
 -54458.035   178.982     3.40   18.67
 -54079.716   190.891    31.48   28.90
 -53701.296   213.470    59.67   35.16
 -53322.775   230.088    43.90   26.69
 -52944.154   237.958    20.79   17.16
 -52565.431   233.096   -12.84   17.04
 -52186.608   219.564   -35.72   12.97
 -51807.683   207.421   -32.05   13.84
 -51428.657   195.983   -30.18   13.36
 -51049.530   184.908   -29.21   13.85
 -50670.302   175.000   -26.13   15.90
 -50290.972   163.311   -30.81   18.40
 -49911.540   151.699   -30.60   18.61
 -49532.007   139.038   -33.36   15.35
 -49152.373   132.933   -16.08   10.55
 -48772.636   129.516    -9.00    8.37
 -48392.798   128.545    -2.56    8.54
 -48012.858   126.123    -6.37   10.00
 -47632.815   120.874   -13.81   14.03
 -47252.671   112.258   -22.66   18.23
 -46872.424    98.741   -35.55   21.41
 -46492.076    85.630   -34.47   19.77
 -46111.625    74.275   -29.85   11.02
 -45731.071    67.644   -17.42    5.06
 -45350.415    64.195    -9.06    5.76
 -44969.656    60.568    -9.53    6.45
 -44588.795    55.941   -12.15    7.38
 -44207.831    50.498   -14.29    6.32
 -43826.764    47.047    -9.06    6.93
 -43445.595    44.308    -7.19    6.94
 -43064.322    41.933    -6.23    7.00
 -42682.946    39.392    -6.66    6.22
 -42301.467    37.533    -4.87    5.10
 -41919.885    36.917    -1.61    4.85
 -41538.199    36.734    -0.48    4.75
 -41156.410    37.112     0.99    4.49
 -40774.518    36.611    -1.31    4.14
 -40392.522    34.393    -5.81    4.71
 -40010.422    32.288    -5.51    4.93
 -39628.218    29.743    -6.66    3.22
 -39245.911    28.462    -3.35    2.44
 -38863.500    27.743    -1.88    3.69
 -38480.985    25.998    -4.56    4.78
 -38098.365    23.263    -7.15    4.66
 -37722.997    20.202    -8.16    4.14
 -37359.704    17.738    -6.78    3.65
 -36996.320    16.864    -2.41    3.00
 -36632.845    18.754     5.20    5.12
 -36269.278    22.572    10.50    7.12
 -35905.621    28.146    15.33    6.95
 -35541.872    32.510    12.00    5.01
 -35178.032    34.441     5.31    2.86
 -34814.101    34.875     1.19    2.44
 -34450.078    33.275    -4.40    3.67
 -34085.964    30.589    -7.38    4.26
 -33721.759    27.810    -7.63    4.08
 -33357.461    25.966    -5.06    2.69
 -32993.072    25.908    -0.16    2.53
 -32628.592    26.941     2.83    2.87
 -32264.019    28.361     3.89    2.75
 -31899.355    29.704     3.68    2.35
 -31534.598    30.966     3.46    2.97
 -31169.750    32.261     3.55    3.89
 -30804.809    33.574     3.60    4.46
 -30439.776    34.205     1.73    4.54
 -30074.651    34.795     1.61    4.20
 -29709.434    34.321    -1.30    3.53
 -29344.124    33.724    -1.63    2.99
 -28978.722    33.353    -1.02    3.25
 -28613.227    32.597    -2.07    3.33
 -28247.640    30.559    -5.57    2.99
 -27881.960    28.761    -4.92    2.84
 -27516.187    28.391    -1.01    2.69
 -27150.322    28.765     1.02    2.91
 -26784.363    28.833     0.18    3.03
 -26418.312    29.540     1.93    2.89
 -26052.167    30.933     3.81    2.84
 -25685.930    32.111     3.22    3.06
 -25319.599    32.400     0.79    2.91
 -24953.175    32.070    -0.90    2.93
 -24586.658    31.454    -1.68    3.42
 -24220.047    30.917    -1.47    3.82
 -23853.343    30.754    -0.44    3.77
 -23486.546    31.411     1.79    3.48
 -23119.654    31.030    -1.04    3.56
 -22752.669    28.557    -6.74    4.88
 -22385.591    25.330    -8.79    5.02
 -22018.418    22.845    -6.77    3.69
 -21651.152    20.487    -6.42    2.37
 -21283.791    20.600     0.31    2.76
 -20916.337    22.191     4.33    3.65
 -20548.789    23.647     3.96    3.70
 -20181.146    24.392     2.03    3.48
 -19813.409    24.377    -0.04    4.47
 -19445.578    23.693    -1.86    5.28
 -19077.652    23.213    -1.30    5.75
 -18709.632    23.821     1.65    5.97
 -18341.517    24.173     0.95    6.19
 -17973.308    24.605     1.17    5.71
 -17605.004    23.220    -3.76    5.03
 -17236.605    20.600    -7.11    3.39
 -16868.111    20.522    -0.21    3.65
 -16499.523    21.051     1.43    4.45
 -16130.839    21.113     0.17    4.45
 -15762.061    20.613    -1.36    4.17
 -15393.187    19.345    -3.44    3.72
 -15024.218    18.293    -2.85    3.16
 -14655.154    18.402     0.29    3.33
 -14285.994    19.310     2.46    3.06
 -13916.739    19.013    -0.81    3.41
 -13547.389    17.633    -3.74    4.27
 -13177.943    15.202    -6.58    3.55
 -12808.401    13.695    -4.08    1.99
 -12438.763    13.441    -0.69    1.99
 -12069.030    13.482     0.11    2.39
 -11699.201    14.234     2.03    2.86
 -11329.276    15.625     3.76    3.59
 -10959.255    17.221     4.31    3.67
 -10589.137    18.597     3.72    3.27
 -10218.924    18.695     0.27    3.41
  -9848.614    17.365    -3.59    4.27
  -9478.208    15.728    -4.42    4.57
  -9107.705    15.103    -1.69    5.07
  -8737.107    15.207     0.28    5.68
  -8366.411    17.585     6.41    5.77
  -7995.619    18.640     2.85    5.03
  -7624.730    17.288    -3.64    4.88
  -7253.744    14.693    -6.99    3.98
  -6882.662    12.592    -5.66    3.31
  -6511.482    11.225    -3.68    2.82
  -6140.206    11.909     1.84    3.61
  -5768.832    13.070     3.13    4.25
  -5397.362    12.933    -0.37    5.29
  -5025.794    13.498     1.52    5.68
  -4654.128    13.210    -0.78    5.61
  -4282.366    14.328     3.01    5.24
  -3910.505    15.653     3.56    4.47
  -3538.548    14.266    -3.73    6.04
  -3166.492    10.304   -10.65    7.15
  -2794.339     5.949   -11.70    5.64
  -2422.088     2.545    -9.15    2.12
  -2049.740     1.357    -3.19    1.17
  -1677.293     0.714    -1.73    0.67
  -1304.748     0.701    -0.04    1.03
   -932.106     0.449    -0.68    1.00
   -559.365     0.347    -0.28    1.02
   -186.525     0.164    -0.49    0.88
    186.412     0.635     1.26    1.82
    559.448     1.736     2.95    2.50
    932.582     2.870     3.04    2.96
   1305.815     2.916     0.12    2.89
   1679.147     1.862    -2.82    2.38
   2052.577     1.560    -0.81    2.89
   2426.107     2.852     3.46    5.76
   2799.735     3.997     3.06    5.70
   3173.462     4.412     1.11    5.46
   3547.288     3.199    -3.24    3.47
   3921.213     2.773    -1.14    2.39
   4295.237     3.855     2.89    2.89
   4669.361     5.697     4.92    4.10
   5043.584     8.165     6.60    4.55
   5417.906    12.167    10.69    5.88
   5792.328    17.664    14.68    6.80
   6166.849    23.882    16.60    7.60
   6541.470    31.576    20.54   10.75
   6916.191    38.538    18.58   10.82
   7291.012    42.202     9.77    8.21
   7665.933    43.235     2.76    6.70
   8040.953    42.528    -1.89    6.54
   8416.074    45.117     6.90   10.05
   8791.295    50.820    15.20   13.03
   9166.616    56.908    16.22   12.73
   9542.037    61.785    12.99   11.57
   9917.559    66.958    13.78    9.93
  10293.181    71.981    13.37   11.05
  10668.904    79.069    18.87   13.62
  11044.727    87.405    22.18   14.48
  11420.652    92.445    13.41   14.12
  11796.676    94.331     5.02   12.90
  12172.802    92.501    -4.86   11.00
  12549.029    90.893    -4.28    8.72
  12925.357    91.365     1.26    8.49
  13301.786    94.319     7.85    9.80
  13678.316    97.811     9.27    7.40
  14054.947    98.791     2.60    5.55
  14431.680    98.752    -0.10    5.64
  14808.514    95.445    -8.78    7.58
  15185.450    91.374   -10.80    8.79
  15562.487    86.543   -12.81    7.12
  15939.627    85.765    -2.06    5.92
  16316.867    87.974     5.85    6.47
  16694.210    91.101     8.29    6.61
  17071.655    94.304     8.48    7.73
  17449.201    98.983    12.39   10.44
  17826.850   102.521     9.37    9.14
  18204.601   102.862     0.90    8.06
  18582.454   101.030    -4.85    8.80
  18960.410    97.746    -8.69    7.94
  19338.468    94.394    -8.87    7.86
  19716.629    92.465    -5.10    8.26
  20094.892    89.405    -8.09    6.83
  20473.258    86.595    -7.43    5.97
  20851.726    86.735     0.37    6.28
  21230.298    89.016     6.03    6.55
  21608.972    90.065     2.77    6.30
  21987.750    90.917     2.25    5.71
  22366.630    88.461    -6.48    6.60
  22745.614    84.061   -11.61    7.45
  23124.701    78.168   -15.55   10.10
  23503.892    72.729   -14.35   11.21
  23883.185    70.917    -4.78   10.39
  24262.583    74.701     9.98   12.35
  24642.084    79.838    13.54   11.03
  25021.688    84.891    13.31    8.57
  25401.397    87.019     5.60    9.13
  25781.209    88.550     4.03    8.95
  26161.126    90.172     4.27    9.31
  26541.146    92.477     6.07   10.04
  26921.271    98.256    15.20   12.57
  27301.499   104.473    16.35   10.23
  27681.832   104.883     1.08    9.62
  28062.270   103.886    -2.62   10.08
  28442.812   101.522    -6.21    8.72
  28823.458   101.409    -0.30    7.59
  29204.209   105.235    10.05    6.25
  29585.065   109.743    11.84    5.19
  29966.025   112.815     8.06    5.14
  30347.091   116.758    10.35    8.60
  30728.261   114.394    -6.20   13.54
  31109.537   110.370   -10.56   15.62
  31490.918   105.013   -14.05   13.94
  31872.404   101.209    -9.97    9.85
  32253.995    98.815    -6.27    8.79
  32635.692    99.201     1.01    9.12
  33017.494    98.393    -2.12    9.86
  33399.402    98.775     1.00   10.00
  33781.416    97.996    -2.04    9.64
  34163.535    95.603    -6.26    9.82
  34545.760    90.309   -13.85   10.11
  34928.091    83.975   -16.57    9.60
  35310.528    78.648   -13.93    7.07
  35693.072    75.486    -8.26    5.44
  36075.721    76.205     1.88    6.09
  36458.477    81.061    12.69    8.78
  36841.339    91.611    27.55   12.76
  37205.520   103.074    31.48   15.81
  37568.678   114.069    30.28   14.31
  37931.928   121.893    21.54   10.04
  38295.271   124.519     7.23    7.47
  38658.707   123.124    -3.84    7.41
  39022.235   117.519   -15.42    9.59
  39385.856   111.089   -17.68   11.81
  39749.570   104.885   -17.06   10.68
  40113.377    99.112   -15.87    9.77
  40477.277    97.695    -3.89   12.52
  40841.270   100.029     6.41   14.92
  41205.356   102.828     7.69   15.46
  41569.535   104.251     3.91   14.51
  41933.807   104.256     0.01   13.73
  42298.173    99.080   -14.21   14.30
  42662.632    91.780   -20.03   16.32
  43027.185    83.235   -23.44   15.05
  43391.831    74.683   -23.45   10.71
  43756.571    71.168    -9.64   10.96
  44121.404    69.505    -4.56   11.26
  44486.331    69.837     0.91   11.49
  44851.352    70.608     2.11   10.49
  45216.467    72.084     4.04    7.92
  45581.676    73.522     3.94    6.07
  45946.979    70.344    -8.70    9.60
  46312.377    65.513   -13.22   12.35
  46677.868    60.868   -12.71   13.62
  47043.454    56.785   -11.17   13.56
  47409.134    53.847    -8.04   13.15
  47774.908    50.973    -7.86    8.52
  48140.777    50.824    -0.41    6.23
  48506.741    51.909     2.96    7.05
  48872.799    53.189     3.50    5.94
  49238.952    52.810    -1.04    5.92
  49605.200    49.724    -8.43    6.91
  49971.543    45.805   -10.70    6.25
  50337.980    43.810    -5.45    4.97
  50704.513    42.013    -4.90    6.37
  51071.141    39.752    -6.17    9.39
  51437.864    37.660    -5.71    9.65
  51804.682    36.197    -3.99    7.99
  52171.595    37.098     2.45    5.42
  52538.604    39.290     5.97    3.50
  52905.709    40.462     3.19    3.75
  53272.909    42.660     5.99    6.47
  53640.204    44.691     5.53    8.08
  54007.596    45.591     2.45    8.81
  54375.083    46.996     3.82    9.05
  54742.666    46.280    -1.95    9.83
  55110.344    43.383    -7.88   10.28
  55478.119    44.129     2.03   11.46
  55845.990    45.402     3.46   11.30
  56213.957    46.859     3.96    9.26
  56582.021    47.560     1.90    7.23
  56950.180    48.248     1.87    6.41
  57318.436    45.597    -7.20    6.61
  57686.789    43.058    -6.90    7.87
  58055.238    41.656    -3.81    8.78
  58423.784    40.901    -2.05    8.15
  58792.426    43.193     6.22    8.84
  59161.165    46.918    10.10    9.47
  59530.001    51.512    12.46    8.28
  59898.934    55.903    11.90    5.88
  60267.964    57.925     5.48    4.15
  60637.091    56.035    -5.12    4.71
  61006.316    54.748    -3.49    4.34
  61375.637    52.559    -5.93    3.95
  61745.056    50.394    -5.86    4.46
  62114.572    47.926    -6.68    5.44
  62484.185    44.825    -8.39    6.49
  62853.897    39.267   -15.03    7.48
  63223.705    34.934   -11.72    6.62
  63593.612    31.533    -9.19    4.61
  63963.616    30.316    -3.29    3.48
  64333.718    30.389     0.20    3.22
  64703.918    30.083    -0.83    3.61
  65074.217    28.492    -4.30    4.85
  65444.613    26.354    -5.77    5.15
  65815.107    24.205    -5.80    4.26
  66185.700    24.072    -0.36    4.78
  66556.391    26.222     5.80    6.84
  66927.180    29.223     8.09    7.30
  67298.068    31.624     6.47    7.20
  67669.054    31.716     0.25    7.80
  68040.140    29.608    -5.68    8.27
  68411.323    27.551    -5.54    7.61
  68782.606    25.189    -6.36    5.66
  69153.988    25.357     0.45    5.63
  69525.468    28.301     7.93    6.34
  69897.048    31.035     7.36    6.88
  70268.726    35.329    11.55    7.15
  70640.504    39.066    10.05    7.80
  71012.381    40.926     5.00    8.17
  71384.358    42.484     4.19    7.89
  71756.434    42.283    -0.54    8.54
  72128.609    42.543     0.70    8.70
  72500.884    42.138    -1.09    9.79
  72873.259    43.870     4.65   11.50
  73245.734    47.480     9.69   11.79
  73618.308    48.202     1.94    9.31
  73990.983    46.840    -3.65    7.72
  74363.757    46.251    -1.58    7.12
  74736.632    47.502     3.35    7.13
  75109.606    49.803     6.17    6.31
  75482.681    53.926    11.05    8.25
  75855.856    57.629     9.93    7.85
  76229.132    60.437     7.52    5.81
  76602.508    62.045     4.31    5.45
  76975.985    60.748    -3.48    6.16
  77349.563    61.391     1.72    9.39
  77723.241    64.291     7.76   11.93
  78097.020    72.538    22.06   15.47
  78470.900    83.277    28.72   20.36
  78844.881    96.296    34.81   25.33
  79218.963   110.364    37.61   26.40
  79593.146   121.468    29.68   24.46
  79967.430   128.887    19.82   23.24
  80341.816   130.667     4.75   21.46
  80716.303   132.400     4.63   17.82
  81090.892   130.957    -3.85   16.34
  81465.582   128.468    -6.64   13.01
  81840.374   128.269    -0.53   11.22
  82215.268   126.636    -4.36    8.99
  82590.263   125.122    -4.04    5.94
  82965.361   121.530    -9.58    7.73
  83340.560   113.241   -22.09   13.41
  83715.862   100.371   -34.29   19.39
  84091.265    84.880   -41.27   22.72
  84466.771    67.988   -44.99   23.57
  84842.379    51.621   -43.58   20.03
  85218.090    39.541   -32.15   16.44
  85593.903    29.845   -25.80   12.80
  85969.819    23.957   -15.67    8.22
  86345.837    23.941    -0.04    7.80
  86721.958    30.974    18.70   13.25
  87098.182    43.388    33.00   16.21
  87474.509    57.410    37.26   17.14
  87850.939    74.105    44.35   20.75
  88227.472    91.582    46.42   22.24
  88604.108   109.949    48.77   19.16
  88980.847   125.011    39.98   16.40
  89357.690   138.267    35.18   15.93
  89734.636   150.645    32.84   15.01
  90111.686   154.529    10.30   13.78
  90488.839   149.441   -13.49   21.02
  90866.096   139.888   -25.33   21.77
  91243.457   131.972   -20.98   16.32
  91620.922   132.066     0.25   13.04
  91998.490   137.987    15.68   12.09
  92376.163   142.433    11.77    9.83
  92753.940   144.848     6.39    8.55
  93131.821   148.595     9.92    8.05
  93509.806   153.350    12.58    9.86
  93887.896   161.041    20.34   10.00
  94266.090   165.746    12.44    6.67
  94644.388   165.723    -0.06    8.37
  95022.792   161.080   -12.27   12.35
  95401.300   154.038   -18.60   13.38
  95779.913   144.018   -26.47   11.37
  96158.630   135.988   -21.21   10.71
  96537.453   128.199   -20.56   11.03
  96916.381   124.468    -9.85    8.46
  97295.414   121.753    -7.16    5.47
  97674.552   124.720     7.83    7.74
  98053.796   131.372    17.54   10.22
  98433.145   134.786     9.00   10.69
  98812.600   134.541    -0.65   12.70
  99192.160   131.078    -9.12   15.33
  99571.826   124.780   -16.59   13.69
  99951.597   119.449   -14.04    8.53
 100331.475   118.363    -2.86    6.06
 100711.459   118.290    -0.19    5.96
 101091.548   118.925     1.67    6.06
 101471.744   120.041     2.93    5.56
 101852.046   121.903     4.90    6.25
 102232.454   128.004    16.04    9.30
 102612.969   136.896    23.37   12.70
 102993.590   148.030    29.25   12.50
 103374.318   158.141    26.56   12.31
 103755.152   166.143    21.01   11.64
 104136.094   175.693    25.07   14.93
 104517.142   182.644    18.24   13.54
 104898.297   185.507     7.51   12.34
 105279.559   181.272   -11.11   13.03
 105660.928   173.512   -20.35   12.55
 106042.405   164.616   -23.32   12.69
 106423.989   154.857   -25.57   13.68
 106805.680   142.553   -32.24   11.62
 107187.478   133.631   -23.37   11.07
 107569.385   125.826   -20.44   10.54
 107951.399   119.311   -17.06   10.62
 108333.520   111.449   -20.57   14.04
 108715.750   103.060   -21.95   12.86
 109098.088    99.498    -9.32   10.82
 109480.533   102.269     7.25   13.54
 109863.087   110.972    22.75   14.62
 110245.749   121.515    27.55   15.78
 110628.519   126.185    12.20   16.24
 111011.398   125.593    -1.55   15.55
 111394.385   122.146    -9.00   13.47
 111767.267   117.048   -13.67   14.61
 112130.210   109.570   -20.61   16.90
 112493.246    99.063   -28.94   15.14
 112856.376    87.957   -30.59   11.17
 113219.601    80.646   -20.13    8.77
 113582.919    74.723   -16.30    8.30
 113946.332    70.595   -11.36    6.75
 114309.838    68.182    -6.64    6.81
 114673.439    66.480    -4.68    7.06
 115037.134    69.027     7.00    9.82
 115400.924    71.674     7.28   10.92
 115764.808    73.003     3.65    9.37
 116128.787    72.600    -1.11    7.03
 116492.860    69.010    -9.86    7.81
 116857.028    63.350   -15.54    7.21
 117221.291    57.581   -15.84    6.18
 117585.649    53.441   -11.36    5.48
 117950.101    51.873    -4.30    6.75
 118314.649    51.556    -0.87    7.27
 118679.292    51.964     1.12    7.28
 119044.030    53.633     4.58    7.32
 119408.863    54.869     3.39    6.54
 119773.791    59.055    11.47    9.33
 120138.815    66.686    20.91   11.97
 120503.934    72.035    14.65   10.34
 120869.149    75.438     9.32    7.06
 121234.460    77.934     6.83    7.20
 121599.866    78.988     2.88    9.38
 121965.368    80.257     3.47   11.20
 122330.965    81.046     2.16   11.22
 122696.659    80.796    -0.68    9.63
 123062.449    79.078    -4.70    8.23
 123428.335    74.881   -11.47    8.62
 123794.317    69.871   -13.69    7.32
 124160.395    66.080   -10.36    5.42
 124526.569    65.483    -1.63    4.05
 124892.840    66.583     3.00    3.98
 125259.207    68.441     5.07    4.35
 125625.671    68.633     0.52    6.28
 125992.232    67.758    -2.39    8.60
 126358.889    64.481    -8.94    9.87
 126725.643    61.242    -8.83    8.46
 127092.494    61.407     0.45    7.52
 127459.442    63.482     5.65    7.08
 127826.486    67.366    10.58    6.82
 128193.628    69.475     5.75    5.71
 128560.867    70.632     3.15    5.16
 128928.204    70.972     0.92    5.74
 129295.637    73.355     6.49    8.42
 129663.168    78.687    14.51   11.44
 130030.797    86.099    20.16    9.81
 130398.523    89.347     8.83    7.01
 130766.347    89.163    -0.50    7.82
 131134.268    86.460    -7.35    8.42
 131502.287    82.385   -11.07   11.24
 131870.404    78.122   -11.58   11.15
 132238.619    72.167   -16.17    9.71
 132606.933    67.844   -11.74    8.44
 132975.344    63.572   -11.59    6.14
 133343.853    60.189    -9.18    3.86
 133712.461    59.475    -1.94    3.26
 134081.167    61.283     4.90    4.93
 134449.971    64.595     8.98    5.57
 134818.874    67.039     6.62    3.59
 135187.876    67.353     0.85    3.08
 135556.976    64.829    -6.84    4.00
 135926.175    62.971    -5.03    3.02
 136295.473    61.291    -4.55    3.40
 136664.870    59.189    -5.69    4.58
 137034.366    57.404    -4.83    4.53
 137403.961    55.513    -5.12    3.19
 137773.655    55.106    -1.10    2.44
 138143.448    54.510    -1.61    2.29
 138513.341    53.605    -2.44    2.42
 138883.333    51.755    -5.00    2.73
 139253.424    50.445    -3.54    2.73
 139623.615    48.223    -6.00    3.60
 139993.906    46.483    -4.70    3.99
 140364.297    45.957    -1.42    4.25
 140734.787    45.406    -1.49    3.91
 141105.377    44.613    -2.14    3.59
 141476.067    44.259    -0.95    3.08
 141846.858    44.376     0.32    2.88
 142217.748    44.084    -0.79    3.20
 142588.738    41.496    -6.98    5.58
 142959.829    38.522    -8.02    5.74
 143331.021    37.650    -2.35    5.36
 143702.312    38.563     2.46    5.49
 144073.705    42.603    10.88    5.61
 144445.198    45.543     7.91    4.55
 144816.791    47.181     4.41    3.31
 145188.486    47.367     0.50    3.67
 145560.281    48.415     2.82    4.65
 145932.178    50.498     5.60    6.23
 146304.175    54.116     9.73    5.61
 146676.274    57.903    10.18    4.14
 147048.473    60.995     8.31    5.29
