# NaN NaN NaN ;Mean Elev.(m), Avg Gradient(m/km), RMS Gradient(m/km) - SRTM1     
#   20.838   0.690   2.078 ;Mean Elev.(m), Avg Gradient(m/km), RMS Gradient(m/km) - ASTER GDEM
#    1.200  -1.225   3.559 ;Mean Elev.(m), Avg Gradient(m/km), RMS Gradient(m/km) - GMTED2010 
  8 104.836262  72.739719     0.341     0.124  9 52485.54564418 24.073
  9 104.843811  72.740205     4.903     5.989  9 52520.54560946 17.654
 10 104.811353  72.739278     0.165     0.143  7 52555.54566137 38.559
 11 104.831872  72.739417    -0.011    -0.016  9 52590.54564996 20.172
 12 104.852570  72.739788    -0.134    -0.153  9 52625.54557759 16.338
 13 104.828784  72.740617    -0.007    -0.013  9 52660.54561572 14.047
 14 104.808259  72.738870     0.156     0.137  7 52695.54559550 13.188
 15 104.836819  72.739554     0.066    -0.012  9 52730.54562450 11.621
 16 104.844417  72.740739    -0.123    -0.112  9 52765.54563472 10.899
 17 104.808151  72.740151     0.585     0.578  7 52800.54562890 36.455
 18 104.813333  72.741090    -0.144     0.066  7 52835.54569644 27.565
 19 104.825792  72.740796     1.132     1.162  8 52870.54573727 22.345
 20 104.837820  72.739265    -0.509    -0.536  9 52905.54573703 45.814
 21 104.807200  72.738955   290.562   290.559  8 52940.54566978 27.727
 22 104.814151  72.740689    -0.282    -0.301  7 52975.54571640 19.390
 23 104.829090  72.740008    -0.068    -0.121  9 53010.54571998 18.420
 24 104.810708  72.739737    -0.010    -0.018  7 53045.54568324 17.782
 25 104.828048  72.740803     0.036    -0.030  8 53080.54571701 16.863
 26 104.806023  72.740251     0.065     0.053  7 53115.54568810 13.647
 27 104.817180  72.741740     0.115     0.080  7 53150.54573522 11.492
 28 104.832968  72.739742     3.074     3.150  9 53185.54572386 26.642
 29 104.836841  72.739711    -0.158    -0.171  9 53220.54574959 40.736
 30 104.846158  72.739429     0.131    -0.521  9 53255.54572602 23.912
 32 104.835221  72.740755     0.186     0.171  9 53325.54571213 17.406
 33 104.844538  72.741801    -0.098    -0.132  9 53360.54567118 13.175
 34 104.810289  72.740855    -0.024    -0.014  7 53395.54569092 11.787
 35 104.845664  72.740688    -0.016    -0.053  9 53430.54568252 11.254
 36 104.810506  72.739929    -0.035    -0.040  6 53465.54571193 10.357
 37 104.817562  72.742091     0.107     0.091  7 53500.54577244  8.744
 38 104.834239  72.741044     6.771     7.571  9 53535.54576003 17.714
 39 104.828897  72.740126    -0.218    -0.409  9 53570.54577003 34.670
 40 104.849195  72.741682     0.978     0.378  9 53605.54571728 23.946
 41 104.808429  72.739622     1.519     1.497  7 53640.54571763 24.123
 42 104.819473  72.741327     0.373     0.359  7 53675.54573726 27.450
 43 104.852086  72.740440    -0.175    -0.180  9 53710.54566615 18.465
 44 104.807594  72.738131    -0.059    -0.063  7 53745.54557659 17.533
 45 104.832238  72.740846    -0.048    -0.056  9 53780.54560773 13.814
 46 104.856860  72.742632    -0.174    -0.194  8 53815.54557689 13.287
 47 104.809806  72.739552    -0.086    -0.094  7 53850.54564345 13.008
 48 104.835907  72.738592     0.481     0.381  8 53885.54565294  9.364
 49 104.815928  72.741454     2.739     0.578  7 53920.54572266 19.657
 50 104.821534  72.741435    -0.508    -0.388  8 53955.54572070 35.147
 51 104.857562  72.740945     1.047     1.928  9 53990.54563834 20.939
 52 104.810251  72.741099     0.041     0.073  6 54025.54570487 35.713
 53 104.837622  72.738943     0.051     0.077  9 54060.54569687 17.049
 54 104.849688  72.739695     0.084     0.084  9 54095.54567137 14.777
 55 104.808108  72.739837    -0.190    -0.179  7 54130.54561821 13.308
 56 104.836514  72.740682    -0.313    -0.263  9 54165.54564356 12.478
 57 104.813169  72.740479    -0.252    -0.267  6 54200.54562110 12.729
 58 104.820048  72.742131     0.004     0.013  7 54235.54565895 11.072
 59 104.832443  72.740185     5.774     5.750  9 54270.54567866 20.829
 60 104.827737  72.740469     1.330     1.257  8 54305.54568161 15.251
 61 104.842228  72.739755     0.234    -0.525  9 54340.54566353 24.688
 62 104.815972  72.742503    -0.353    -0.011  7 54375.54561663 20.320
 63 104.831788  72.740095     0.021     0.019  9 54410.54561026 22.407
 65 104.828835  72.741145     0.017     0.027  9 54480.54560163 12.400
 66 104.809628  72.740997     0.118     0.175  7 54515.54559436 10.043
 67 104.841332  72.740117    -0.006    -0.050  9 54550.54561426  8.984
 68 104.820726  72.742490     0.117     0.078  8 54585.54559007  8.323
 69 104.828150  72.740397    -1.033    -0.959  9 54620.54560872 26.367
 70 104.830466  72.739508     2.320     0.501  9 54655.54561896 18.895
 71 104.834759  72.741132     0.238     0.242  9 54690.54560489 49.692
 72 104.812837  72.740192    -0.423    -0.332  6 54725.54557016 33.444
 73 104.828863  72.741277     0.179     0.191  9 54760.54558158 28.301
 74 104.807093  72.739319    -0.259    -0.292  7 54795.54556342 16.168
 75 104.827156  72.741132     0.053     0.025  9 54830.54558172 14.199
 76 104.811297  72.740951    -0.060    -0.055  6 54865.54555851 11.808
 77 104.837586  72.739674    -0.160    -0.269  9 54900.54558020 11.031
 78 104.816350  72.741917    -0.076    -0.068  6 54935.54555018 10.058
 79 104.825951  72.740631     0.036     0.061  8 54970.54558249  8.364
 80 104.825961  72.741243     1.373     1.379  9 55005.54560211 53.060
 81 104.830583  72.740249     0.409     0.370  9 55040.54558966 25.907
 82 104.840904  72.739637    -0.478    -0.521  9 55075.54557141 36.165
 83 104.815330  72.740882    -0.320    -0.309  7 55110.54552267 29.715
 84 104.832073  72.739614     0.061     0.058  9 55145.54552468 28.362
 85 104.805888  72.740972    -0.084    -0.072  7 55180.54549973 23.615
 86 104.833629  72.740210     0.545     0.536  8 55215.54551932 20.875
 87 104.815412  72.741162     0.007     0.007  6 55250.54549642 19.330
 88 104.840371  72.739640     0.061     0.089 10 55285.54551284 15.781
 89 104.828692  72.740644     0.096     0.042  8 55320.54548658 13.923
 90 104.832203  72.740228     1.697     1.338  8 55355.54548702 21.361
 91 104.813153  72.741479     0.067     0.623  6 55390.54548793 20.652
 92 104.829821  72.740418     0.592     0.603  9 55425.54550406 46.273
 93 104.844437  72.740055    -0.916    -1.031  9 55460.54547189 36.855
