# NaN NaN NaN ;Mean Elev.(m), Avg Gradient(m/km), RMS Gradient(m/km) - SRTM1     
#  -16.767  -0.278  11.396 ;Mean Elev.(m), Avg Gradient(m/km), RMS Gradient(m/km) - ASTER GDEM
#    1.035  -0.288   6.410 ;Mean Elev.(m), Avg Gradient(m/km), RMS Gradient(m/km) - GMTED2010 
  8 103.879842  72.499257     4.568     4.642  3 52488.54957020 20.389
  9 103.882954  72.501194     3.338     3.785  4 52523.54954470 24.512
 13 103.878948  72.495559     3.044     3.044  2 52663.54955650 10.333
 15 103.884023  72.499699     3.867     3.761  4 52733.54955500  8.546
 16 103.888245  72.500583    18.755    19.428  4 52768.54955860  5.563
 20 103.882886  72.500110     0.172     0.169  4 52908.54966502 38.546
 23 103.878278  72.498625     3.736     3.803  4 53013.54965039 15.480
 25 103.875683  72.497559     3.496     3.496  2 53083.54965597 13.976
 28 103.876434  72.498390     4.622     4.344  3 53188.54966570 24.040
 29 103.880989  72.499399     3.440     4.004  4 53223.54968246 21.498
 30 103.883529  72.500116     3.364     3.369  3 53258.54965793 23.130
 32 103.875065  72.499442     3.137     3.222  3 53328.54965405 14.386
 33 103.886835  72.500851     3.158     3.139  4 53363.54960676 11.120
 35 103.886355  72.500108     3.900     3.946  4 53433.54962028  9.111
 38 103.875266  72.498265     4.893     4.921  4 53538.54970327 27.198
 39 103.875323  72.499414     1.491     0.551  4 53573.54970324 26.902
 40 103.890376  72.500639     3.799     4.036  4 53608.54965265 25.072
 43 103.888194  72.501114     2.212     2.655  4 53713.54960130 13.548
 45 103.877460  72.500419     3.780     3.840  4 53783.54954625 14.121
 46 103.896700  72.502479     2.943     3.008  4 53818.54950871 13.024
 48 103.876901  72.498713     0.887     0.938  3 53888.54959403 25.320
 50 103.877451  72.496597     0.348     0.348  2 53958.54965424 39.490
 53 103.877614  72.500502     3.439     3.534  4 54063.54963766 14.274
 54 103.886938  72.500120     2.975     3.184  4 54098.54960524 11.590
 56 103.880916  72.500320     3.244     3.175  3 54168.54957958  9.383
 59 103.873971  72.499164     4.704     4.650  4 54273.54961800 27.349
 61 103.886633  72.500562     1.210     1.207  4 54343.54959784 49.647
 63 103.876132  72.499415     1.318     0.468  3 54413.54954566 14.177
 65 103.877585  72.496417     3.220     3.220  2 54483.54953875  9.406
 67 103.883943  72.499741     4.118     4.094  4 54553.54955119  6.496
 69 103.876073  72.498432     3.170     3.186  3 54623.54954879 23.814
 71 103.877922  72.500222     3.917     3.721  4 54693.54953926 18.999
 75 103.876093  72.498038     3.911     3.943  4 54833.54950700  9.939
 77 103.883154  72.499526     3.776     3.692  4 54903.54951661  6.594
 80 103.876848  72.498351     4.406     4.214  4 55008.54953833 24.351
 82 103.883244  72.499935     0.474     0.487  3 55078.54950569 39.380
 84 103.879915  72.494897     0.473     0.473  2 55148.54946018 27.509
 86 103.876442  72.499315     1.873     1.592  4 55218.54945875 19.531
 88 103.882445  72.501112     3.490     3.501  4 55288.54944899 15.772
 90 103.875097  72.498828     3.115     3.105  3 55358.54942465 42.894
 93 103.886617  72.501330     3.070     3.455  4 55463.54940415 22.524
