# NaN NaN NaN ;Mean Elev.(m), Avg Gradient(m/km), RMS Gradient(m/km) - SRTM1     
#  -15.049  -1.188   3.688 ;Mean Elev.(m), Avg Gradient(m/km), RMS Gradient(m/km) - ASTER GDEM
#    1.014  -1.063   5.546 ;Mean Elev.(m), Avg Gradient(m/km), RMS Gradient(m/km) - GMTED2010 
  7 104.404576  72.593862     1.959     2.009  6 52469.54761353 17.017
  8 104.407259  72.595002     1.327     1.518  6 52504.54759899 18.873
  9 104.380981  72.593944     0.288    -0.091  7 52539.54758280 44.420
 10 104.393455  72.595662     0.133    -0.115  6 52574.54762658 19.848
 11 104.409623  72.595064    -0.061    -0.196  6 52609.54758585 16.053
 12 104.389872  72.595301    -0.067    -0.057  6 52644.54757820 13.562
 13 104.417270  72.595254     0.244     0.109  6 52679.54755562 12.149
 15 104.405443  72.595426     0.374     0.297  6 52749.54762687 11.136
 16 104.375229  72.594004     2.823     2.791  7 52784.54756953  5.835
 17 104.380310  72.593675     3.192     3.623  7 52819.54764528 19.868
 18 104.390866  72.595586     0.601     0.643  6 52854.54769397 47.374
 20 104.415404  72.596936    -0.012    -0.005  6 52924.54768043 49.197
 21 104.391964  72.594005     0.527     0.357  6 52959.54764751 22.588
 22 104.399203  72.593201     1.364     1.507  6 52994.54767903 17.127
 23 104.417942  72.597377     0.693     0.665  6 53029.54764303 14.902
 24 104.401556  72.594318     1.225     1.407  6 53064.54765048 15.029
 25 104.413585  72.595775     0.902     0.916  6 53099.54766010 13.623
 26 104.401875  72.593951     0.812     0.956  6 53134.54765007 11.982
 28 104.401538  72.593806     1.645     1.899  6 53204.54772065 17.203
 29 104.416620  72.596572     1.255     1.284  5 53239.54768888 21.556
 30 104.376277  72.593356     0.137    -0.120  7 53274.54765361 22.583
 31 104.392321  72.594116     0.013     0.022  6 53309.54770489 19.986
 32 104.409262  72.595271     0.188     0.194  5 53344.54767083 14.837
 33 104.378376  72.593849     0.104    -0.073  7 53379.54761948 12.509
 34 104.405643  72.596086     0.423     0.369  6 53414.54764793 11.122
 35 104.374717  72.593443     0.098    -0.000  7 53449.54764032 10.814
 36 104.386832  72.594001     0.214     0.138  7 53484.54772544  9.733
 37 104.407448  72.594439     2.952     3.080  6 53519.54772186  9.118
 38 104.399894  72.593304     0.998     0.634  6 53554.54774453 23.147
 39 104.416084  72.597260     0.454     0.498  6 53589.54769004 20.047
 40 104.374633  72.591996    -0.907    -0.519  7 53624.54766834 33.655
 41 104.388281  72.594728     0.324     0.311  6 53659.54769506 32.159
 42 104.411187  72.595069     0.367     0.371  6 53694.54767063 19.898
 43 104.423652  72.597360     0.313     0.125  6 53729.54759363 18.658
 44 104.393082  72.595279    -0.016    -0.036  6 53764.54755817 16.765
 45 104.419355  72.596484     0.560     0.542  6 53799.54756400 13.235
 46 104.381346  72.593469     0.713     0.736  7 53834.54756369 12.344
 47 104.391584  72.594861     0.408     0.390  6 53869.54762581 12.252
 48 104.394889  72.595593     4.713     4.727  6 53904.54766005 26.293
 49 104.390304  72.594348    -0.173    -0.171  6 53939.54769349 35.491
 50 104.410999  72.596567     0.305     0.337  6 53974.54765272 23.072
 51 104.381928  72.593171     0.254     0.133  6 54009.54764749 25.116
 52 104.400052  72.594038     0.193    -0.029  6 54044.54766615 22.624
 53 104.409698  72.596433     0.171     0.174  6 54079.54765969 15.374
 54 104.424355  72.596610     0.162     0.105  5 54114.54759524 14.466
 56 104.422043  72.596450    -0.122    -0.135  6 54184.54758561 11.341
 57 104.391094  72.594045     0.732     0.606  6 54219.54761593 11.782
 58 104.402333  72.593812     0.679     0.707  6 54254.54763987 34.669
 59 104.406174  72.594756     2.177     2.372  5 54289.54764275 15.200
 60 104.405427  72.595189     0.739     0.752  6 54324.54764037 20.744
 61 104.423876  72.596735     1.006     0.806  5 54359.54759477 24.540
 62 104.400235  72.594247     0.227     0.248  6 54394.54758045 28.351
 63 104.413927  72.596268     0.374     0.163  6 54429.54754508 15.703
 64 104.392287  72.595272     0.226     0.226  6 54464.54756027 13.016
 65 104.411586  72.595612     0.864     0.633  6 54499.54755597 13.256
 66 104.401834  72.595152     0.499     0.382  6 54534.54757434  9.375
 67 104.421662  72.595680     0.953     0.937  6 54569.54755918  8.945
 68 104.400196  72.593728     3.105     3.082  6 54604.54756865  6.334
 69 104.405666  72.594852     3.006     2.749  5 54639.54757885 22.156
 70 104.404348  72.594190     1.828     1.802  6 54674.54758136 18.003
 71 104.417641  72.596374     0.694     0.783  6 54709.54753865 44.975
 72 104.399630  72.593413    -0.006    -0.050  6 54744.54754802 43.465
 73 104.409878  72.594947     0.044    -0.028  6 54779.54752203 19.921
 74 104.391280  72.595198     0.188     0.194  6 54814.54754192 14.010
 75 104.411200  72.596120     0.453     0.450  6 54849.54752123 11.451
 76 104.394701  72.595398     0.026     0.005  6 54884.54754541  9.890
 77 104.421120  72.596601     0.138     0.007  5 54919.54752295  9.332
 78 104.397183  72.593317     1.129     1.049  6 54954.54754009  8.383
 79 104.397893  72.594343     2.062     2.085  5 54989.54756397 42.791
 80 104.408797  72.595754     1.652     1.810  6 55024.54755543 16.759
 81 104.404631  72.595314    -0.042     0.224  6 55059.54755003 28.477
 82 104.422722  72.595831     0.615     0.622  6 55094.54750230 25.463
 83 104.398645  72.594797     0.156     0.154  5 55129.54749154 38.517
 84 104.408539  72.595952     0.427     0.431  6 55164.54746447 23.242
 85 104.393521  72.595224     0.147    -0.012  6 55199.54748346 22.278
 86 104.415144  72.596032     0.638     0.678  6 55234.54746949 20.398
 87 104.399660  72.595564     0.482     0.390  6 55269.54747790 19.210
 88 104.424065  72.595937     0.811     0.854  6 55304.54744994 16.919
 89 104.404146  72.594476     1.635     1.484  5 55339.54744977 32.296
 90 104.408352  72.595521     2.658     2.375  6 55374.54744151 20.905
 91 104.397860  72.594952     0.387    -0.036  6 55409.54746337 20.940
 92 104.406275  72.595343    -0.261    -0.302  5 55444.54745853 32.798
 93 104.428391  72.596074     0.370     0.372  6 55479.54739421 30.467
