# NaN NaN NaN ;Mean Elev.(m), Avg Gradient(m/km), RMS Gradient(m/km) - SRTM1     
#   -5.388  -1.415   7.140 ;Mean Elev.(m), Avg Gradient(m/km), RMS Gradient(m/km) - ASTER GDEM
#   13.610  -0.047   9.079 ;Mean Elev.(m), Avg Gradient(m/km), RMS Gradient(m/km) - GMTED2010 
  6     6.742 52437.20838380 51.76 102.345057  71.972574 44.064
  6     6.826 52437.20838444 51.74 102.339707  71.969664 44.064
  6     6.824 52437.20838509 51.27 102.334367  71.966754 44.064
  7     7.797 52472.20838469 16.34 102.346652  71.974126 18.064
  7     6.034 52472.20838534 17.48 102.341312  71.971216 18.064
  7     3.612 52472.20838598 17.48 102.335972  71.968306 18.064
  7     4.795 52472.20838663 17.48 102.330632  71.965386 18.064
  8    -6.413 52507.20835983 22.03 102.344754  71.974103 31.329
  8    -7.533 52507.20836048 20.43 102.339414  71.971193 31.329
  8    -8.790 52507.20836112 20.57 102.334074  71.968283 31.329
  8    -8.398 52507.20836177 24.63 102.328730  71.965369 34.339
  9    -0.462 52542.20834139 28.38 102.378008  71.973342 24.872
  9    -0.223 52542.20834203 45.20 102.372658  71.970429 22.766
  9    -0.340 52542.20834268 54.49 102.367318  71.967519 22.766
  9    -0.081 52542.20834332 42.50 102.361968  71.964609 22.766
 10    -0.074 52577.20839258 19.66 102.348337  71.971754  4.624
 10    -0.015 52577.20839323 19.92 102.342997  71.968844  4.624
 10    -0.140 52577.20839387 20.06 102.337657  71.965934  4.624
 11     0.272 52612.20835621 17.39 102.339094  71.973338  3.151
 11    -0.116 52612.20835685 17.55 102.333754  71.970428  3.151
 11    -0.071 52612.20835749 18.34 102.328414  71.967518  3.151
 12     0.125 52647.20834013 14.04 102.362427  71.974398  2.913
 12     0.259 52647.20834078 14.19 102.357077  71.971488  2.913
 12     0.206 52647.20834142 13.97 102.351737  71.968578  2.913
 12     0.126 52647.20834206 14.18 102.346397  71.965668  2.913
 13     1.118 52682.20831145 13.20 102.348530  71.972284  2.625
 13     0.125 52682.20831210 13.37 102.343180  71.969374  2.625
 13     0.162 52682.20831274 13.54 102.337840  71.966464  2.625
 14     0.371 52717.20837012 11.24 102.355887  71.972676  2.894
 14     0.601 52717.20837077 11.58 102.350547  71.969766  2.894
 14     0.364 52717.20837141 12.36 102.345197  71.966856  2.894
 15     0.561 52752.20839642 12.25 102.322764  71.971824  2.373
 15     0.608 52752.20839706 11.45 102.317424  71.968914  2.373
 15     0.599 52752.20839771 11.52 102.312084  71.966004  2.373
 16     0.401 52787.20833942 23.37 102.376474  71.973668  9.102
 16     0.464 52787.20834007 24.47 102.371124  71.970758  9.102
 16     0.447 52787.20834071 23.86 102.365774  71.967848  9.102
 16     0.723 52787.20834136 20.84 102.360434  71.964938  9.102
 17     6.841 52822.20841247 20.13 102.368154  71.972772 22.000
 17     5.680 52822.20841311 19.77 102.362804  71.969862 22.000
 17     3.986 52822.20841376 20.98 102.357454  71.966952 22.000
 17     4.122 52822.20841440 24.25 102.352114  71.964042 22.000
 18     0.877 52857.20845964 28.69 102.365047  71.972724 25.051
 18     0.778 52857.20846029 27.28 102.359697  71.969814 25.051
 18     0.926 52857.20846093 27.12 102.354357  71.966904 25.051
 18     0.769 52857.20846158 27.55 102.349017  71.963994 25.051
 19     7.368 52892.20849254 17.32 102.345806  71.971683 23.092
 19     6.219 52892.20849319 18.67 102.340466  71.968773 23.092
 19     5.013 52892.20849383 24.43 102.335126  71.965853 23.092
 20     0.750 52927.20844486 37.54 102.325747  71.972334 12.051
 20     0.762 52927.20844550 39.33 102.320407  71.969424 12.051
 20     0.676 52927.20844615 36.65 102.315067  71.966514 12.051
 21     0.050 52962.20841266 21.26 102.381280  71.975178  3.937
 21     0.209 52962.20841330 21.68 102.375930  71.972268  3.937
 21     0.339 52962.20841395 22.12 102.370580  71.969358  3.937
 21     0.391 52962.20841459 20.71 102.365240  71.966448  3.937
 21     0.101 52962.20841524 21.39 102.359900  71.963538  3.937
 22     0.321 52997.20845626 16.04 102.347282  71.971486  2.789
 22     0.164 52997.20845690 16.23 102.341932  71.968576  2.789
 22     0.261 52997.20845755 16.23 102.336592  71.965666  2.789
 23     0.532 53032.20841508 14.81 102.327446  71.971630  2.534
 23     0.330 53032.20841573 14.82 102.322106  71.968720  2.534
 23     0.427 53032.20841637 14.89 102.316766  71.965800  2.534
 24     0.179 53067.20842436 13.74 102.360577  71.973415  2.482
 24     0.233 53067.20842500 14.04 102.355237  71.970505  2.482
 24     0.404 53067.20842565 14.24 102.349887  71.967595  2.482
 24     4.099 53067.20842629 13.99 102.344547  71.964685  2.482
 25     0.685 53102.20841957 12.93 102.323613  71.971930  2.371
 25     0.451 53102.20842021 12.71 102.318273  71.969020  2.371
 25     0.426 53102.20842086 13.14 102.312933  71.966100  2.371
 26     0.027 53137.20842652 11.96 102.368179  71.974895  2.437
 26     0.433 53137.20842716 11.85 102.362829  71.971985  2.437
 26     0.785 53137.20842781 11.60 102.357489  71.969075  2.437
 26     0.435 53137.20842845 11.63 102.352139  71.966165  2.437
 27     6.700 53172.20847483 27.27 102.355660  71.973193 24.857
 27     6.444 53172.20847548 24.92 102.350320  71.970283 24.857
 27     4.726 53172.20847612 29.31 102.344970  71.967373 24.857
 27     4.770 53172.20847677 33.26 102.339630  71.964463 24.857
 28     6.730 53207.20848976 16.67 102.345495  71.972224 19.096
 28     1.446 53207.20849041 21.92 102.340145  71.969314 19.096
 28     1.560 53207.20849105 23.83 102.334805  71.966404 19.096
 29     7.429 53242.20845741 21.51 102.343180  71.972812 21.217
 29     0.748 53242.20845805 21.38 102.337840  71.969902 21.217
 29     0.790 53242.20845870 27.37 102.332500  71.966992 21.217
 30    -0.171 53277.20842909 21.20 102.378391  71.974048 24.056
 30     0.275 53277.20842974 20.73 102.373034  71.971139 19.873
 30     0.334 53277.20843038 22.06 102.367694  71.968229 19.873
 30     0.309 53277.20843103 32.28 102.362344  71.965319 19.873
 31     0.239 53312.20846579 19.19 102.353243  71.973441  4.125
 31     0.321 53312.20846643 18.98 102.347903  71.970531  4.125
 31     0.050 53312.20846708 19.43 102.342553  71.967621  4.125
 31     0.166 53312.20846772 19.88 102.337213  71.964711  4.125
 32     1.211 53347.20843179 14.09 102.347152  71.973428  2.727
 32     0.128 53347.20843243 13.93 102.341802  71.970518  2.727
 32     0.049 53347.20843308 13.77 102.336462  71.967608  2.727
 32     0.200 53347.20843372 14.43 102.331122  71.964698  2.727
 33     1.700 53382.20839394 12.33 102.374615  71.972919  2.482
 33     0.534 53382.20839458 12.19 102.369265  71.970009  2.482
 33     0.526 53382.20839523 12.84 102.363925  71.967099  2.482
 33     0.107 53382.20839587 13.24 102.358575  71.964199  2.482
 34     0.020 53417.20841028 12.45 102.356266  71.972678  2.692
 34     0.520 53417.20841093 12.44 102.350926  71.969768  2.692
 34     4.555 53417.20841157 12.98 102.345576  71.966858  2.692
 35     2.462 53452.20840891 10.75 102.386806  71.975922  2.727
 35     0.889 53452.20840955 10.90 102.381456  71.973012  2.727
 35     1.595 53452.20841020 10.54 102.376106  71.970102  2.727
 35     2.156 53452.20841084 10.21 102.370756  71.967192  2.727
 35     1.600 53452.20841149 10.58 102.365416  71.964292  2.727
 36     0.904 53487.20849605 10.46 102.345517  71.971497  2.318
 36     1.223 53487.20849669 10.49 102.340167  71.968587  2.318
 36     0.565 53487.20849734 11.16 102.334827  71.965677  2.318
 37     6.848 53522.20848669 24.36 102.352728  71.972904 17.172
 37     5.531 53522.20848734 22.50 102.347388  71.969994 17.172
 37     5.072 53522.20848798 22.49 102.342048  71.967084 17.172
 37     5.253 53522.20848862 24.07 102.336708  71.964174 17.172
 38     7.435 53557.20851248 17.06 102.337631  71.971235 27.890
 38     6.713 53557.20851312 15.79 102.332291  71.968325 27.890
 38     5.382 53557.20851377 20.42 102.326951  71.965415 27.890
 39     6.308 53592.20844885 19.06 102.344428  71.973382 27.570
 39     6.164 53592.20844950 15.15 102.339088  71.970472 27.570
 39     2.951 53592.20845014 15.63 102.333748  71.967552 27.570
 40     0.830 53627.20843815 45.12 102.373036  71.973808 29.260
 40     0.745 53627.20843880 41.53 102.367686  71.970898 29.260
 40     0.698 53627.20843944 41.32 102.362336  71.967988 29.260
 40     0.823 53627.20844008 40.98 102.356996  71.965078 29.260
 41     0.453 53662.20846397 33.23 102.356567  71.973886  8.779
 41     0.484 53662.20846462 35.19 102.351217  71.970976  8.779
 41     0.412 53662.20846526 34.73 102.345877  71.968066  8.779
 41     0.276 53662.20846590 33.13 102.340537  71.965156  8.779
 42     0.293 53697.20843041 26.67 102.341813  71.973524  5.524
 42     0.306 53697.20843105 26.95 102.336473  71.970614  5.524
 42     0.284 53697.20843170 26.26 102.331133  71.967704  5.524
 43    -0.060 53732.20835326 17.83 102.334237  71.973360  2.823
 43     0.051 53732.20835390 17.06 102.328897  71.970450  2.823
 43    -0.042 53732.20835455 17.82 102.323557  71.967530  2.823
 44     0.001 53767.20832718 14.66 102.369414  71.974806  2.551
 44     0.053 53767.20832783 14.62 102.364074  71.971896  2.551
 44     0.502 53767.20832847 14.01 102.358724  71.968986  2.551
 44     0.508 53767.20832912 14.27 102.353384  71.966076  2.551
 45     0.092 53802.20832875 13.48 102.338403  71.972253  2.307
 45     0.368 53802.20832939 13.45 102.333063  71.969343  2.307
 45     0.034 53802.20833004 13.77 102.327723  71.966433  2.307
 46     0.105 53837.20833798 12.07 102.376858  71.975221  2.421
 46     0.122 53837.20833863 12.62 102.371508  71.972311  2.421
 46     1.035 53837.20833927 11.86 102.366161  71.969408  2.680
 46     0.707 53837.20833991 12.14 102.360811  71.966498  2.680
 46     0.808 53837.20834056 11.85 102.355471  71.963588  2.680
 47     5.271 53872.20839219 10.26 102.355408  71.972166  2.794
 47     4.962 53872.20839284  9.99 102.350068  71.969256  2.794
 47     4.868 53872.20839348 10.00 102.344718  71.966346  2.794
 48     7.080 53907.20843218 28.72 102.354452  71.973835 28.231
 48     6.470 53907.20843282 20.40 102.349112  71.970925 28.231
 48     6.182 53907.20843347 19.41 102.343762  71.968015 28.231
 48     6.216 53907.20843411 19.44 102.338422  71.965105 28.231
 49     6.070 53942.20845997 21.53 102.339586  71.972223 31.443
 49     0.594 53942.20846061 23.04 102.334246  71.969313 31.443
 49     0.711 53942.20846126 34.06 102.328906  71.966403 31.443
 50     7.133 53977.20841407 19.92 102.329747  71.971701 25.833
 50     0.817 53977.20841472 21.90 102.324407  71.968791 25.833
 50     0.857 53977.20841536 23.16 102.319067  71.965881 25.833
 51    18.713 54012.20841731 16.55 102.383052  71.975657  9.589
 51    22.428 54012.20841796 16.27 102.377702  71.972747  9.589
 51     2.296 54012.20841860 18.88 102.372352  71.969837  9.589
 51     2.497 54012.20841925 21.17 102.367002  71.966927  9.589
 51     2.715 54012.20841989 24.71 102.361660  71.964020 21.154
 52    -0.105 54047.20842973 27.22 102.364418  71.974294 10.477
 52     0.003 54047.20843038 25.92 102.359078  71.971384 10.477
 52     0.080 54047.20843102 26.15 102.353728  71.968474 10.477
 52     0.013 54047.20843167 26.37 102.348388  71.965564 10.477
 54     0.212 54117.20835532 15.13 102.327842  71.974030  2.746
 54     0.049 54117.20835596 15.83 102.322502  71.971120  2.746
 54    -0.034 54117.20835661 15.48 102.317162  71.968210  2.746
 54     0.013 54117.20835725 15.58 102.311822  71.965300  2.746
 55     0.194 54152.20837544 14.59 102.348350  71.971608  2.758
 55     0.515 54152.20837609 14.03 102.343010  71.968698  2.758
 55     0.172 54152.20837673 14.29 102.337670  71.965788  2.758
 56     0.909 54187.20834908 12.43 102.327425  71.971373  2.358
 56     0.431 54187.20834972 12.83 102.322085  71.968463  2.358
 56     0.387 54187.20835037 12.75 102.316746  71.965554  2.317
 57    23.369 54222.20838481  8.75 102.357206  71.972186  2.850
 57    23.882 54222.20838545  8.48 102.351856  71.969276  2.850
 57    24.413 54222.20838610  8.75 102.346516  71.966366  2.850
 58     7.905 54257.20840743 33.59 102.348604  71.972009 32.535
 58     7.879 54257.20840808 32.26 102.343254  71.969099 32.535
 58     7.862 54257.20840872 30.73 102.337914  71.966189 32.535
 59     7.504 54292.20840950 13.89 102.352739  71.972825 16.292
 59     5.854 54292.20841015 16.09 102.347389  71.969915 16.292
 59     2.957 54292.20841079 20.79 102.342049  71.967005 16.292
 59     3.757 54292.20841144 23.34 102.336709  71.964095 16.292
 60     7.472 54327.20840578 22.49 102.349176  71.974084 24.974
 60     7.516 54327.20840643 17.12 102.343826  71.971174 24.974
 60     6.872 54327.20840707 18.24 102.338486  71.968264 24.974
 60     5.093 54327.20840772 21.15 102.333146  71.965354 24.974
 61     1.458 54362.20835651 32.93 102.327015  71.972632 31.892
 61     1.287 54362.20835715 27.12 102.321675  71.969722 31.892
 61     1.025 54362.20835780 26.57 102.316335  71.966812 31.892
 62     0.063 54397.20834556 39.02 102.357933  71.973164 11.941
 62     0.075 54397.20834620 40.22 102.352593  71.970254 11.941
 62    -0.008 54397.20834684 41.28 102.347248  71.967340  9.558
 62    -0.109 54397.20834749 38.88 102.341908  71.964430  9.558
 63     0.143 54432.20830637 19.39 102.334124  71.971477  2.932
 63     0.140 54432.20830702 19.67 102.328784  71.968572  2.877
 63     0.121 54432.20830766 19.78 102.323444  71.965662  2.877
 64     0.305 54467.20832643 16.07 102.368161  71.974911  2.721
 64     0.498 54467.20832707 15.97 102.362811  71.972001  2.721
 64     0.523 54467.20832772 15.76 102.357471  71.969091  2.721
 64     0.338 54467.20832836 16.04 102.352126  71.966180  3.176
 65     0.360 54502.20832088 15.39 102.338986  71.971841  2.583
 65     0.452 54502.20832153 15.22 102.333646  71.968931  2.583
 65     0.376 54502.20832217 15.52 102.328306  71.966021  2.583
 66     0.302 54537.20834273 12.59 102.350695  71.972760  2.529
 66     0.516 54537.20834338 12.67 102.345345  71.969850  2.529
 66     0.190 54537.20834402 12.77 102.340005  71.966940  2.529
 66     0.386 54537.20834466 12.63 102.334665  71.964030  2.529
 67     0.100 54572.20832226 12.14 102.335733  71.973571  2.397
 67    -0.047 54572.20832290 11.97 102.330393  71.970661  2.397
 67     0.410 54572.20832355 11.92 102.325053  71.967751  2.397
 68     0.754 54607.20833613 32.10 102.351946  71.972578 20.967
 68     0.583 54607.20833677 26.26 102.346596  71.969668 20.967
 68     0.725 54607.20833742 35.88 102.341256  71.966758 20.967
 69     7.893 54642.20834510 22.07 102.346873  71.973491 25.494
 69     7.386 54642.20834574 18.06 102.341533  71.970581 25.494
 69     5.609 54642.20834639 19.19 102.336193  71.967671 25.494
 69     4.712 54642.20834703 30.64 102.330853  71.964761 25.494
 70     1.747 54677.20834718 19.10 102.347860  71.972150 20.719
 70     1.835 54677.20834782 19.84 102.342520  71.969240 20.719
 70     1.766 54677.20834846 22.32 102.337180  71.966330 20.719
 71     6.538 54712.20830163 20.00 102.333548  71.973063 22.636
 71     7.047 54712.20830227 16.12 102.328208  71.970153 22.636
 71     3.711 54712.20830292 18.10 102.322868  71.967243 22.636
 72     0.873 54747.20831523 46.48 102.357086  71.973567 28.713
 72     0.914 54747.20831588 42.89 102.351736  71.970657 28.713
 72     0.760 54747.20831652 36.29 102.346396  71.967747 28.713
 72     0.932 54747.20831717 37.73 102.341056  71.964837 28.713
 73     0.132 54782.20828792 15.42 102.342477  71.971223  2.996
 73     0.236 54782.20828857 15.88 102.337137  71.968313  2.996
 73     0.116 54782.20828921 16.23 102.331797  71.965403  2.996
 74     0.344 54817.20830816 11.94 102.357879  71.972608  2.599
 74     0.839 54817.20830881 12.23 102.352529  71.969698  2.599
 74     0.399 54817.20830945 12.41 102.347189  71.966788  2.599
 75     0.787 54852.20828549 10.20 102.339629  71.971264  2.445
 75     0.539 54852.20828613 11.05 102.334289  71.968354  2.445
 75     0.432 54852.20828677 11.39 102.328949  71.965444  2.445
 76     0.577 54887.20831284 10.44 102.350732  71.972368  2.678
 76     1.627 54887.20831349  9.98 102.345382  71.969458  2.678
 76     0.784 54887.20831413 10.08 102.340042  71.966548  2.678
 77     2.617 54922.20828614 10.79 102.325884  71.973520  2.201
 77     2.682 54922.20828678 11.08 102.320544  71.970610  2.201
 77     5.382 54922.20828743 11.54 102.315204  71.967700  2.201
 78    23.172 54957.20830860  8.04 102.358566  71.973138  2.504
 78    23.658 54957.20830925  8.33 102.353226  71.970228  2.504
 78    24.197 54957.20830989  8.05 102.347876  71.967318  2.504
 78    24.961 54957.20831054  8.38 102.342536  71.964398  2.504
 79     7.751 54992.20833169 30.94 102.350466  71.974028 28.208
 79     7.420 54992.20833233 25.77 102.345116  71.971118 28.208
 79     6.693 54992.20833298 25.09 102.339776  71.968208 28.208
 79     7.051 54992.20833362 26.01 102.334436  71.965298 28.208
 80     1.395 55027.20832298 23.94 102.342649  71.971566 20.729
 80     1.266 55027.20832362 22.13 102.337309  71.968656 20.729
 80     1.164 55027.20832427 23.96 102.331969  71.965746 20.729
 81     7.295 55062.20831562 17.32 102.345812  71.971355 14.822
 81     1.051 55062.20831627 19.56 102.340472  71.968445 14.822
 81     4.645 55062.20831691 18.63 102.335132  71.965535 14.822
 82     7.556 55097.20826418 20.38 102.325563  71.973180 23.507
 82     6.908 55097.20826482 20.14 102.320223  71.970270 23.507
 82     5.614 55097.20826547 19.57 102.314883  71.967360 23.507
 84     0.195 55167.20822606 17.10 102.342381  71.972629  2.717
 84     0.319 55167.20822671 17.41 102.337041  71.969719  2.717
 84     0.132 55167.20822735 17.65 102.331701  71.966809  2.717
 85    -0.172 55202.20825055 14.71 102.356326  71.973295  2.430
 85    -0.222 55202.20825119 14.68 102.350976  71.970385  2.430
 85     0.057 55202.20825184 14.43 102.345636  71.967475  2.430
 85     0.300 55202.20825248 14.20 102.340296  71.964555  2.430
 86     0.218 55237.20823338 12.08 102.335443  71.972661  2.287
 86     0.273 55237.20823403 12.08 102.330103  71.969751  2.287
 86     4.915 55237.20823467 12.13 102.324763  71.966841  2.287
 87     0.140 55272.20824520 12.39 102.347653  71.972438  2.275
 87     0.430 55272.20824585 12.05 102.342313  71.969528  2.275
 87     0.272 55272.20824649 12.28 102.336973  71.966618  2.275
 88     2.738 55307.20821548 11.40 102.330275  71.972604  2.528
 88     1.920 55307.20821612 11.32 102.324935  71.969694  2.528
 88     1.104 55307.20821677 11.39 102.319595  71.966784  2.528
 89     7.671 55342.20821460 24.41 102.352734  71.973198 23.914
 89     7.157 55342.20821525 25.30 102.347394  71.970288 23.914
 89     4.498 55342.20821589 28.38 102.342054  71.967378 23.914
 89     4.450 55342.20821653 37.04 102.336714  71.964468 23.914
 90     7.449 55377.20820887 21.53 102.341207  71.972037 24.662
 90     6.880 55377.20820951 17.75 102.335867  71.969127 24.662
 90     5.005 55377.20821016 20.74 102.330527  71.966217 24.662
 91     6.510 55412.20823174 22.68 102.358249  71.972896 16.949
 91     0.660 55412.20823238 25.00 102.352899  71.969986 16.949
 91     0.679 55412.20823302 25.15 102.347559  71.967076 16.949
 92     7.480 55447.20822307 22.07 102.346656  71.973181 19.459
 92     7.261 55447.20822371 18.16 102.341306  71.970271 19.459
 92     5.455 55447.20822435 20.74 102.335966  71.967361 19.459
 92     4.704 55447.20822500 25.34 102.330626  71.964451 19.459
 93     0.551 55482.20815459 25.78 102.322719  71.971878  5.991
 93     0.443 55482.20815524 24.91 102.317379  71.968968  5.991
 93     0.163 55482.20815588 25.84 102.312049  71.966058  5.991
