# NaN NaN NaN ;Mean Elev.(m), Avg Gradient(m/km), RMS Gradient(m/km) - SRTM1     
#   12.746  -1.184   7.806 ;Mean Elev.(m), Avg Gradient(m/km), RMS Gradient(m/km) - ASTER GDEM
#    0.187  -1.813  10.495 ;Mean Elev.(m), Avg Gradient(m/km), RMS Gradient(m/km) - GMTED2010 
  7 105.329421  72.774677     1.128     0.932 15 52469.20420919 18.629
  8 105.316760  72.770764     2.540     2.314 11 52504.20419657 15.643
 10 105.331922  72.773730    -0.216    -0.303 13 52574.20422223 20.927
 11 105.328333  72.775257     0.334     0.322 15 52609.20418151 15.822
 12 105.333511  72.768926     0.558     0.008 11 52644.20417514 15.382
 13 105.327055  72.774057     0.481     0.045 15 52679.20415385 15.054
 15 105.307531  72.773700     0.451     0.421 12 52749.20422349 10.919
 16 105.345863  72.767983     5.534     7.544 11 52784.20416486  5.970
 17 105.345528  72.769928     6.837     7.994 11 52819.20424099 21.260
 18 105.337853  72.769813     0.078     0.073 12 52854.20429016 52.145
 20 105.313024  72.773843    -0.155    -0.136 13 52924.20427752 47.779
 21 105.349803  72.770210     0.139     0.157 11 52959.20424380 21.342
 22 105.333901  72.770156     0.676     0.698 11 52994.20427468 16.737
 23 105.315078  72.773242     0.439     0.399 13 53029.20423868 13.505
 24 105.338569  72.770750     0.868     0.312 11 53064.20424613 13.970
 25 105.308136  72.772993     0.763     0.638 13 53099.20425833 12.119
 26 105.343029  72.770928     1.840     2.173 11 53134.20424508 10.599
 28 105.330141  72.772509     4.701     6.654 13 53204.20431695 13.856
 29 105.325656  72.774001     0.109     0.072 14 53239.20428518 33.632
 30 105.354054  72.768108    -0.426    -0.221 11 53274.20424830 36.420
 31 105.331365  72.771823    -0.017    -0.052 13 53309.20430195 20.546
 32 105.327368  72.775269     0.288     0.277 15 53344.20426782 16.169
 33 105.355575  72.768524     0.436     0.429 12 53379.20421418 13.446
 34 105.332757  72.771599     0.436     0.450 13 53414.20424493 11.471
 35 105.353246  72.767881     0.451     0.447 11 53449.20423584 11.202
 37 105.329944  72.773098     2.226     1.096 13 53519.20431845  6.794
 38 105.325105  72.774168     4.247     3.906 15 53554.20434091 18.680
 39 105.326316  72.773980     1.113     0.817 14 53589.20428751 17.988
 40 105.343179  72.768968     0.194     0.239 11 53624.20426410 49.021
 41 105.334394  72.769418     0.665     0.674 11 53659.20429118 31.114
 42 105.339830  72.782774     0.796     0.708  9 53694.20426635 20.202
 43 105.310459  72.772834    -0.139    -0.217 12 53729.20419186 19.448
 44 105.345934  72.768891    -0.008    -0.021 11 53764.20415404 19.194
 45 105.323845  72.775510     0.229     0.203 15 53799.20416078 14.828
 46 105.349372  72.768770     0.318     0.295 11 53834.20415862 12.500
 47 105.333836  72.770206     0.229     0.229 12 53869.20422221 13.404
 48 105.331473  72.772475     6.374     4.252 10 53904.20425542 23.687
 49 105.328349  72.775255     0.691     0.546 15 53939.20428920 20.348
 50 105.315876  72.774241     0.077     0.003 13 53974.20425008 24.469
 52 105.342941  72.770814     0.026     0.032 11 54044.20426300 24.035
 53 105.325594  72.775415     0.360     0.365 14 54079.20425631 14.991
 54 105.304988  72.772801     0.239     0.214 12 54114.20419369 13.883
 56 105.309569  72.773574     0.113     0.087 12 54184.20418351 10.330
 57 105.331568  72.767944     0.695     0.724 10 54219.20421255 12.223
 58 105.334626  72.774089     6.864     6.485 10 54254.20423584 13.462
 59 105.331366  72.773244     4.185     3.908 13 54289.20423937 18.459
 60 105.330488  72.772634     4.819     3.522 14 54324.20423699 16.714
 61 105.309331  72.773542     1.892     1.793 13 54359.20419268 18.499
 62 105.334923  72.772212     0.246     0.222 12 54394.20417713 27.928
 63 105.326986  72.775903     1.072     0.323 15 54429.20414204 14.166
 64 105.337465  72.769846     0.747     0.222 11 54464.20415658 13.198
 65 105.328523  72.775208     1.084     0.588 15 54499.20415260 11.740
 66 105.333247  72.771736     1.781     0.438 13 54534.20417063  9.091
 67 105.314472  72.774004     1.589     0.689 13 54569.20415676  8.298
 68 105.331324  72.770878     3.422     0.930 12 54604.20416527  5.910
 69 105.324766  72.771970     6.752     5.017 12 54639.20417578 20.810
 70 105.329231  72.773705     1.402     0.354 14 54674.20417797 18.451
 71 105.318834  72.773554     2.821     3.073 14 54709.20413591 16.210
 72 105.334258  72.771775    -0.181    -0.224 12 54744.20414464 50.681
 73 105.328073  72.773752     0.679     0.290 15 54779.20411897 20.156
 74 105.337149  72.769967     0.541     0.551 11 54814.20413821 15.519
 75 105.340227  72.782270     0.186     0.206  9 54849.20411623 14.694
 76 105.330781  72.770001     0.799     0.591 12 54884.20414202 11.898
 77 105.309315  72.774697     0.777     0.755 12 54919.20412053 10.663
 78 105.333577  72.770898     1.658     0.936 11 54954.20413637  8.905
 79 105.333012  72.773441     2.164     1.240 13 54989.20415994 40.390
 80 105.328411  72.774141     2.090     1.005 15 55024.20415172 17.063
 81 105.327673  72.772522     0.644    -0.166 14 55059.20414664 26.246
 82 105.308327  72.772662     0.771     0.768 13 55094.20410053 51.257
 83 105.331848  72.771509    -0.035    -0.015 13 55129.20408815 38.033
 84 105.327977  72.774642     0.290     0.297 15 55164.20406140 23.057
 85 105.333515  72.770245     0.521    -0.003 11 55199.20407975 21.879
 87 105.331956  72.772102     0.669     0.162 13 55269.20407419 18.808
 88 105.310191  72.772544     0.661     0.582 13 55304.20404751 15.456
 89 105.328138  72.771527    10.174    12.083 12 55339.20404670 29.208
 90 105.329363  72.774354     5.312     4.661 15 55374.20403780 23.567
 91 105.333223  72.770177    -0.088    -0.059 11 55409.20405966 41.706
 92 105.331364  72.774723     3.196     3.450 14 55444.20405482 18.467
 93 105.307890  72.773690     0.708     0.429 12 55479.20399275 30.315
