-139376.962   296.687     0.00    4.35
-139001.332   294.459    -5.93    5.11
-138625.606   288.896   -14.80   12.19
-138249.783   281.300   -20.21   17.93
-137873.863   273.572   -20.56   19.89
-137497.847   263.482   -26.83   19.24
-137121.733   253.853   -25.60   16.03
-136745.522   247.521   -16.83   11.02
-136369.215   251.066     9.42   15.27
-135992.810   262.700    30.91   21.31
-135616.308   274.941    32.51   19.13
-135239.709   284.275    24.78   13.78
-134863.012   290.715    17.09    6.29
-134486.218   291.810     2.91    3.01
-134109.326   290.742    -2.83    4.04
-133732.337   288.026    -7.20    4.97
-133355.250   282.842   -13.75    8.55
-132978.065   274.041   -23.33   12.30
-132600.783   262.608   -30.30   13.60
-132223.402   252.552   -26.65   12.00
-131845.924   242.582   -26.41   10.81
-131468.348   235.547   -18.63    9.57
-131090.673   230.900   -12.30    7.67
-130712.900   231.492     1.56    8.44
-130335.029   235.932    11.75    9.43
-129957.060   240.674    12.55    8.31
-129578.992   243.628     7.81    6.35
-129200.826   244.943     3.48    4.40
-128822.561   244.750    -0.51    4.01
-128444.198   242.254    -6.60    5.56
-128065.735   238.217   -10.67    6.96
-127687.174   233.059   -13.62    7.40
-127308.514   228.419   -12.25    8.24
-126929.755   223.767   -12.28    9.12
-126550.897   219.943   -10.09    9.89
-126171.940   214.981   -13.09   10.38
-125792.884   211.002   -10.50    9.41
-125413.728   210.182    -2.16    8.07
-125034.473   211.018     2.20    9.11
-124655.119   214.700     9.71   10.88
-124275.665   218.948    11.19   11.54
-123896.111   223.523    12.05   12.38
-123516.458   227.229     9.76   13.12
-123136.705   232.540    13.98   14.97
-122756.853   237.118    12.05   14.77
-122376.900   241.276    10.94   13.66
-121996.848   239.583    -4.45   14.73
-121616.695   239.399    -0.49   15.85
-121236.442   244.475    13.35   15.93
-120856.089   249.828    14.07   13.39
-120475.636   251.940     5.55    9.05
-120095.082   245.970   -15.69   15.12
-119714.428   233.330   -33.21   18.14
-119333.674   224.250   -23.85   13.87
-118952.818   221.925    -6.10   13.08
-118571.863   227.175    13.78   16.70
-118190.806   231.583    11.57   15.67
-117809.648   225.525   -15.89   17.43
-117428.390   217.100   -22.10   17.65
-117047.031   210.890   -16.28   12.70
-116665.570   209.453    -3.77    9.57
-116284.008   213.515    10.64    6.99
-115902.346   217.403    10.19    5.76
-115520.581   221.220    10.00    8.50
-115138.716   226.957    15.02   11.59
-114756.749   232.219    13.78   11.77
-114374.680   231.392    -2.17   13.14
-113992.510   226.629   -12.46   21.17
-113610.238   212.317   -37.44   37.36
-113227.864   198.565   -35.96   43.57
-112845.388   182.355   -42.38   45.79
-112477.209   170.691   -31.68   43.19
-112113.693   160.450   -28.17   34.74
-111750.088   154.380   -16.69   31.36
-111386.393   150.400   -10.94   27.92
-111022.609   145.504   -13.46   23.57
-110658.735   142.100    -9.36   20.48
-110294.771   138.408   -10.14   16.14
-109930.718   133.547   -13.35   10.54
-109566.575   130.557    -8.21    8.24
-109202.341   132.250     4.65   14.90
-108838.018   142.195    27.30   30.03
-108473.605   150.899    23.88   36.83
-108109.102   163.432    34.38   39.32
-107744.509   182.275    51.68   47.12
-107379.825   200.930    51.15   51.19
-107015.052   225.776    68.11   43.87
-106650.187   241.217    42.32   32.88
-106285.233   243.182     5.39   25.90
-105920.188   234.629   -23.43   27.98
-105555.052   216.463   -49.75   35.72
-105189.826   195.165   -58.31   39.81
-104824.509   164.027   -85.23   43.61
-104459.101   140.849   -63.43   35.44
-104093.603   121.850   -51.98   20.86
-103728.013   112.818   -24.70   10.57
-103362.333   111.882    -2.56    9.88
-102996.562   115.285     9.30   12.51
-102630.699   123.221    21.69   20.12
-102264.746   135.683    34.05   24.32
-101898.701   150.690    41.00   23.17
-101532.565   166.890    44.25   23.18
-101166.337   185.263    50.16   25.19
-100800.018   204.036    51.24   25.27
-100433.607   216.392    33.72   21.21
-100067.105   221.961    15.19   17.89
 -99700.512   212.683   -25.31   24.91
 -99333.826   196.405   -44.39   30.49
 -98967.049   176.263   -54.91   26.90
 -98600.180   169.012   -19.76   19.37
 -98233.219   173.504    12.24   21.17
 -97866.166   191.489    49.00   27.10
 -97499.021   212.914    58.35   27.97
 -97131.784   235.489    61.47   24.60
 -96764.454   254.301    51.21   20.75
 -96397.033   264.942    28.96   13.58
 -96029.519   268.468     9.59   10.67
 -95661.913   266.345    -5.77   13.62
 -95294.214   261.308   -13.70   15.11
 -94926.422   256.002   -14.43   15.60
 -94558.538   252.455    -9.64   17.40
 -94190.562   246.186   -17.03   19.77
 -93822.492   237.675   -23.12   23.66
 -93454.330   228.691   -24.40   23.70
 -93086.075   217.453   -30.51   20.79
 -92717.726   208.809   -23.47   17.76
 -92349.285   200.750   -21.87   12.06
 -91980.751   196.120   -12.56    7.16
 -91612.123   195.635    -1.31    5.70
 -91243.403   196.659     2.78    5.54
 -90874.589   200.111     9.36    6.18
 -90505.681   204.229    11.16    6.12
 -90136.680   209.886    15.33    7.78
 -89767.586   217.519    20.68   12.55
 -89398.398   228.191    28.91   17.72
 -89029.116   240.100    32.25   19.38
 -88659.740   252.283    32.98   19.69
 -88290.271   265.423    35.56   21.08
 -87920.708   279.225    37.35   24.72
 -87551.051   291.750    33.88   25.54
 -87181.300   303.067    30.60   23.88
 -86811.454   312.383    25.19   19.84
 -86441.515   321.171    23.75   18.02
 -86071.481   335.602    39.00   20.30
 -85701.353   350.464    40.15   21.29
 -85331.130   367.811    46.85   23.10
 -84960.814   383.217    41.60   19.48
 -84590.402   393.150    26.81   15.89
 -84219.896   400.050    18.62   14.60
 -83849.295   406.611    17.70   12.16
 -83478.600   413.127    17.58    8.25
 -83107.809   418.601    14.76    7.06
 -82736.924   421.683     8.31    6.14
 -82365.944   422.517     2.25    8.18
 -81994.868   419.465    -8.22   12.38
 -81623.698   411.705   -20.91   19.94
 -81252.432   394.596   -46.08   28.35
 -80881.072   374.058   -55.30   32.52
 -80509.615   347.892   -70.44   35.03
 -80138.064   322.417   -68.56   26.59
 -79766.417   307.446   -40.28   16.55
 -79394.674   303.799    -9.81   14.72
 -79022.836   308.510    12.67   16.96
 -78650.901   316.100    20.41   17.20
 -78278.872   318.939     7.63   17.89
 -77906.746   318.494    -1.20   18.98
 -77534.524   312.601   -15.83   18.25
 -77162.207   306.045   -17.61   15.06
 -76789.793   298.126   -21.26   11.69
 -76417.283   288.932   -24.68   14.79
 -76044.677   276.280   -33.95   17.72
 -75671.975   262.163   -37.88   17.53
 -75299.176   250.660   -30.86   14.16
 -74926.281   240.647   -26.85   10.45
 -74553.289   234.051   -17.68    9.45
 -74180.200   228.996   -13.55    8.50
 -73807.015   223.683   -14.23    7.70
 -73433.734   218.458   -14.00    7.62
 -73060.355   210.610   -21.02   11.35
 -72686.879   196.205   -38.57   19.06
 -72313.307   180.521   -41.98   20.74
 -71939.637   162.406   -48.48   18.03
 -71565.871   148.758   -36.51   14.16
 -71192.007   137.741   -29.47   10.48
 -70818.046   129.750   -21.37    7.39
 -70443.987   124.589   -13.80    5.03
 -70069.831   120.775   -10.19    5.76
 -69695.578   117.480    -8.80    6.42
 -69321.227   113.741    -9.99    6.50
 -68946.778   110.311    -9.16    7.66
 -68572.231   108.487    -4.87    9.70
 -68197.587   108.833     0.92   13.15
 -67822.845   112.510     9.81   16.72
 -67448.005   118.895    17.03   21.63
 -67073.066   126.029    19.02   23.00
 -66698.030   131.284    14.01   20.40
 -66322.896   129.791    -3.98   16.40
 -65947.663   126.234    -9.48   14.58
 -65572.332   120.000   -16.61   10.52
 -65196.902   116.083   -10.43    5.81
 -64821.374   116.316     0.62    4.16
 -64445.747   116.816     1.33    3.58
 -64070.022   116.233    -1.55    4.03
 -63694.198   116.058    -0.47    5.27
 -63318.275   115.447    -1.63    7.03
 -62942.253   115.013    -1.15    8.96
 -62566.133   113.520    -3.97    9.87
 -62189.913   113.386    -0.36    9.29
 -61813.594   114.725     3.56    8.95
 -61437.176   116.498     4.71    8.19
 -61060.658   116.320    -0.47    8.98
 -60684.041   106.879   -25.07   16.20
 -60307.325    96.004   -28.87   15.94
 -59930.509    84.634   -30.17   11.42
 -59553.594    78.291   -16.83    6.82
 -59176.579    76.852    -3.82    5.60
 -58799.464    78.389     4.08    8.02
 -58422.250    81.437     8.08   10.70
 -58044.935    81.831     1.05   11.64
 -57667.521    80.858    -2.58   12.37
 -57290.006    79.105    -4.64   11.38
 -56912.391    77.148    -5.18   10.84
 -56534.676    74.092    -8.09    9.45
 -56156.861    73.783    -0.82    8.66
 -55778.945    75.004     3.23    7.44
 -55400.929    77.143     5.66    6.15
 -55022.812    79.373     5.90    7.83
 -54644.595    84.411    13.32    8.72
 -54266.277    87.636     8.52    6.06
 -53887.858    84.820    -7.44    8.94
 -53509.338    81.113    -9.79    9.47
 -53130.718    79.433    -4.44   10.05
 -52751.996    82.114     7.08   11.92
 -52373.173    85.957    10.14   10.94
 -51994.249    86.725     2.03    9.37
 -51615.224    83.532    -8.42    7.25
 -51236.097    80.284    -8.57    6.10
 -50856.869    79.094    -3.14    5.71
 -50477.539    77.579    -3.99    4.70
 -50098.108    74.873    -7.13    5.18
 -49718.575    72.121    -7.25    5.94
 -49338.941    67.698   -11.65    6.43
 -48959.204    64.008    -9.72    8.76
 -48579.366    58.199   -15.29   11.80
 -48199.425    55.287    -7.67   11.15
 -47819.383    55.611     0.85   10.03
 -47439.238    60.800    13.65   12.86
 -47058.991    66.701    15.52   13.35
 -46678.642    71.924    13.73   12.40
 -46298.190    76.939    13.18   10.43
 -45917.636    83.284    16.67   11.72
 -45536.979    91.181    20.75   12.45
 -45156.220    97.658    17.01    9.24
 -44775.358    98.945     3.38    7.85
 -44394.393    94.270   -12.27   11.38
 -44013.325    84.155   -26.54   14.69
 -43632.154    73.815   -27.13   14.00
 -43250.880    64.371   -24.77    8.40
 -42869.503    59.148   -13.69    5.66
 -42488.023    55.981    -8.30    7.97
 -42106.439    51.709   -11.20    8.79
 -41724.752    47.685   -10.54    8.20
 -41342.961    45.284    -6.29    7.73
 -40961.067    44.774    -1.34    8.36
 -40579.069    44.437    -0.88    8.18
 -40196.967    45.306     2.28    7.78
 -39814.762    46.419     2.91    7.20
 -39432.452    45.832    -1.54    6.11
 -39050.039    45.535    -0.78    7.40
 -38667.522    41.842    -9.66   10.24
 -38284.900    37.742   -10.71   12.66
 -37908.339    32.355   -14.30   13.31
 -37545.059    27.403   -13.63   12.26
 -37181.688    23.449   -10.88   10.09
 -36818.226    19.350   -11.28    7.70
 -36454.673    16.904    -6.73    6.79
 -36091.029    15.197    -4.69    5.30
 -35727.293    14.938    -0.71    4.46
 -35363.466    17.075     5.87    5.20
 -34999.548    19.726     7.28    5.23
 -34635.539    23.397    10.09    4.09
 -34271.437    25.411     5.53    3.94
 -33907.245    27.450     5.60    3.94
 -33542.960    29.635     6.00    4.03
 -33178.584    31.508     5.14    4.70
 -32814.116    34.700     8.76    4.85
 -32449.556    38.197     9.59    4.29
 -32084.904    40.218     5.54    4.43
 -31720.160    41.992     4.86    4.01
 -31355.324    43.970     5.42    3.00
 -30990.396    45.000     2.82    2.50
 -30625.375    44.792    -0.57    2.38
 -30260.263    43.635    -3.17    3.39
 -29895.057    42.270    -3.74    3.84
 -29529.760    41.801    -1.29    3.30
 -29164.370    40.726    -2.94    3.54
 -28798.887    37.637    -8.45    6.58
 -28433.312    32.437   -14.22    8.55
 -28067.644    26.234   -16.96    9.13
 -27701.883    21.512   -12.91    7.31
 -27336.029    19.380    -5.83    4.32
 -26970.082    19.161    -0.60    4.52
 -26604.043    19.545     1.05    4.85
 -26237.910    19.650     0.29    4.54
 -25871.684    18.097    -4.24    4.59
 -25505.365    15.700    -6.54    4.46
 -25138.952    12.823    -7.85    4.45
 -24772.446    10.435    -6.51    3.43
 -24405.847     9.272    -3.17    2.92
 -24039.154     8.480    -2.16    2.62
 -23672.368     7.589    -2.43    2.33
 -23305.488     7.293    -0.81    2.33
 -22938.514     9.508     6.04    5.34
 -22571.446    13.742    11.53    9.00
 -22204.285    19.547    15.81   10.13
 -21837.029    24.927    14.65    9.69
 -21469.680    28.612    10.03    8.88
 -21102.236    29.510     2.45    8.77
 -20734.699    27.462    -5.57    8.99
 -20367.067    24.632    -7.70    8.26
 -19999.340    21.645    -8.12    6.22
 -19631.520    19.108    -6.90    3.84
 -19263.604    17.216    -5.14    3.31
 -18895.595    15.294    -5.22    4.00
 -18527.490    13.644    -4.48    3.82
 -18159.291    12.835    -2.20    3.65
 -17790.998    13.742     2.46    5.66
 -17422.609    15.083     3.64    6.83
 -17054.126    15.575     1.33    7.25
 -16685.547    13.398    -5.91    7.92
 -16316.874     9.325   -11.05    6.81
 -15948.105     5.774    -9.63    4.52
 -15579.241     4.210    -4.24    3.00
 -15210.282     4.983     2.10    3.38
 -14841.228     7.286     6.24    4.57
 -14472.078     8.612     3.59    4.99
 -14102.832    10.025     3.83    4.90
 -13733.491    10.250     0.61    5.18
 -13364.055     9.530    -1.95    4.53
 -12994.522     8.766    -2.07    3.63
 -12624.894     7.536    -3.33    3.82
 -12255.170     6.884    -1.76    3.46
 -11885.350     6.390    -1.34    3.04
 -11515.434     6.435     0.12    3.22
 -11145.422     5.858    -1.56    2.60
 -10775.314     5.185    -1.82    2.45
 -10405.110     4.474    -1.92    2.41
 -10034.809     3.782    -1.87    2.46
  -9664.412     3.315    -1.26    2.44
  -9293.918     2.397    -2.48    1.65
  -8923.328     1.774    -1.68    1.25
  -8552.641     1.574    -0.54    1.09
  -8181.858     2.203     1.70    2.20
  -7810.977     4.350     5.79    4.16
  -7440.000     7.529     8.57    4.94
  -7068.926    10.994     9.34    4.14
  -6697.755    13.321     6.27    3.24
  -6326.487    15.100     4.79    3.00
  -5955.121    15.514     1.11    2.77
  -5583.659    15.669     0.42    2.88
  -5212.099    17.302     4.39    3.88
  -4840.442    21.115    10.26    6.20
  -4468.687    25.581    12.01    6.85
  -4096.835    29.758    11.23    5.94
  -3724.885    32.131     6.38    4.52
  -3352.837    31.548    -1.57    5.10
  -2980.692    28.599    -7.92    5.54
  -2608.449    26.448    -5.78    4.72
  -2236.108    24.555    -5.09    3.97
  -1863.669    25.575     2.74    4.00
  -1491.131    26.842     3.40    3.50
  -1118.496    21.791   -13.55   10.30
   -745.762    14.599   -19.29   12.73
   -372.930     6.612   -21.42   10.48
      0.000     2.433   -11.21    4.94
    373.029     2.161    -0.73    3.48
    746.156     3.841     4.50    3.50
   1119.382     4.969     3.02    3.32
   1492.707     4.061    -2.43    3.27
   1866.130     3.182    -2.35    3.82
   2239.653     1.726    -3.90    3.52
   2613.274    -0.185    -5.11    0.33
   2986.994    -0.250    -0.17    0.00
   3360.814    -0.250     0.00    0.00
   3734.732     0.026     0.74    1.18
   4108.750     0.925     2.40    2.18
   4482.867     3.198     6.08    4.69
   4857.084     5.364     5.79    5.08
   5231.400     5.815     1.20    5.01
   5605.816     6.100     0.76    5.82
   5980.331     5.486    -1.64    5.72
   6354.946     5.851     0.97    6.20
   6729.661     5.996     0.39    5.60
   7104.476     6.355     0.96    4.78
   7479.391     6.621     0.71    4.17
   7854.406     5.337    -3.42    4.65
   8229.521     3.536    -4.80    4.75
   8604.736     1.382    -5.74    3.57
   8980.052    -0.178    -4.16    0.32
   9355.467     0.599     2.07    1.88
   9730.984     4.309     9.88    7.33
  10106.601    12.986    23.10   13.91
  10482.318    23.964    29.22   15.15
  10858.136    31.972    21.31   11.29
  11234.055    34.921     7.84    9.51
  11610.075    32.955    -5.23   10.19
  11986.196    26.942   -15.99   11.52
  12362.418    19.542   -19.67   11.33
  12738.741    17.339    -5.85    9.36
  13115.165    19.242     5.06   10.64
  13491.691    24.860    14.92   10.25
  13868.317    31.888    18.66    8.87
  14245.046    37.020    13.62    8.31
  14621.875    39.065     5.43    7.50
  14998.807    41.132     5.48    7.09
  15375.840    43.175     5.42    7.80
  15752.974    43.900     1.92    8.17
  16130.211    46.806     7.70    9.05
  16507.550    50.254     9.14    9.26
  16884.990    53.857     9.54   10.14
  17262.533    56.766     7.71   10.20
  17640.178    60.398     9.62    8.96
  18017.925    66.086    15.06    9.22
  18395.775    71.955    15.53   10.96
  18773.726    80.221    21.87   10.46
  19151.781    83.041     7.46    7.89
  19529.938    80.599    -6.46    8.86
  19908.198    78.789    -4.78    8.40
  20286.560    78.718    -0.19    8.22
  20665.025    79.150     1.14    8.66
  21043.594    79.885     1.94    8.95
  21422.265    77.543    -6.18    9.78
  21801.039    73.026   -11.93    7.94
  22179.917    71.631    -3.68    8.32
  22558.898    72.278     1.71    8.41
  22937.982    70.443    -4.84    7.40
  23317.169    69.742    -1.85    7.98
  23696.461    65.461   -11.29    9.41
  24075.855    58.254   -19.00   10.58
  24455.354    50.514   -20.40   10.86
  24834.956    44.334   -16.28    7.00
  25214.662    45.449     2.94    9.24
  25594.472    52.301    18.04   12.10
  25974.386    61.411    23.98   13.61
  26354.404    70.382    23.61   11.33
  26734.527    76.742    16.73   11.56
  27114.753    80.774    10.61   10.21
  27495.084    79.409    -3.59   10.14
  27875.520    76.877    -6.65   10.58
  28256.060    79.607     7.17   11.87
  28636.705    80.960     3.55   12.50
  29017.454    84.377     8.98   11.84
  29398.308    89.342    13.04    9.82
  29779.267    93.684    11.40    9.05
  30160.331    97.812    10.83    9.67
  30541.501   101.717    10.24    9.91
  30922.775   102.671     2.50   11.14
  31304.154   100.094    -6.76   12.86
  31685.639    95.782   -11.30   12.35
  32067.230    89.845   -15.56   11.19
  32448.925    86.162    -9.65    8.80
  32830.727    87.453     3.38    8.85
  33212.634    90.932     9.11   10.39
  33594.647    93.522     6.78    9.51
  33976.765    93.734     0.56    8.82
  34358.990    89.526   -11.01   10.28
  34741.321    84.996   -11.85   11.01
  35123.757    79.733   -13.76    8.98
  35506.300    74.975   -12.44    5.48
  35888.950    71.798    -8.30    6.99
  36271.705    68.577    -8.42    6.70
  36654.567    65.561    -7.88    4.11
  37020.255    64.875    -1.88    3.15
  37383.398    68.096     8.87    6.02
  37746.633    73.128    13.85   10.34
  38109.961    79.793    18.35   10.61
  38473.382    85.648    16.11    8.35
  38836.895    88.964     9.12    6.35
  39200.501    88.458    -1.39    6.49
  39564.200    87.664    -2.18    5.37
  39927.992    86.711    -2.62    4.77
  40291.877    88.483     4.87    6.42
  40655.856    92.337    10.59    8.28
  41019.927    94.742     6.61    8.06
  41384.091    97.548     7.71    6.25
  41748.349    99.531     5.44    5.34
  42112.701   101.719     6.00    6.57
  42477.145   105.850    11.34    9.08
  42841.683   111.508    15.52    9.91
  43206.315   118.156    18.23    8.19
  43571.041   122.733    12.55    7.99
  43935.860   124.821     5.72    8.79
  44300.773   125.648     2.26    7.84
  44665.780   126.297     1.78    5.79
  45030.881   125.078    -3.34    5.40
  45396.076   123.112    -5.38    5.64
  45761.365   118.950   -11.39    7.61
  46126.749   112.482   -17.70    9.26
  46492.226   104.851   -20.88   10.23
  46857.798    96.425   -23.05    9.63
  47223.464    88.545   -21.55    8.65
  47589.225    82.016   -17.85    7.37
  47955.081    74.867   -19.54    8.51
  48321.031    69.890   -13.60    8.55
  48687.075    65.109   -13.06    9.21
  49053.215    59.250   -16.00    8.51
  49419.449    54.703   -12.42    5.98
  49785.779    52.047    -7.25    3.11
  50152.203    53.205     3.16    4.98
  50518.722    59.006    15.83    8.10
  50885.337    59.814     2.20    9.24
  51252.047    55.612   -11.46   12.38
  51618.852    50.797   -13.13   11.51
  51985.752    48.561    -6.09    9.26
  52352.748    52.398    10.46   10.87
  52719.839    61.269    24.17   12.30
  53087.027    67.615    17.28   10.22
  53454.309    70.726     8.47    6.65
  53821.688    70.558    -0.46    5.82
  54189.162    70.062    -1.35    5.60
  54556.732    73.175     8.47    7.60
  54924.399    77.401    11.49    7.97
  55292.161    81.508    11.17    6.82
  55660.019    83.672     5.88    6.20
  56027.974    81.031    -7.18    9.30
  56396.025    75.411   -15.27   11.20
  56764.172    70.789   -12.56   10.86
  57132.416    68.773    -5.47   10.68
  57500.757    64.930   -10.43   10.45
  57869.193    64.898    -0.09   10.51
  58237.727    67.328     6.59   12.61
  58606.357    67.975     1.75   13.62
  58975.084    71.277     8.96   13.30
  59343.909    72.539     3.42   12.99
  59712.830    69.627    -7.89   12.94
  60081.848    66.990    -7.15   12.86
  60450.963    64.600    -6.47   13.31
  60820.175    65.526     2.51   13.94
  61189.485    69.058     9.56   15.44
  61558.892    70.028     2.63   14.37
  61928.397    72.010     5.36   11.65
  62297.999    72.471     1.25   10.78
  62667.699    71.880    -1.60    9.89
  63037.496    72.164     0.77   10.39
  63407.391    71.293    -2.36   10.97
  63777.384    69.604    -4.57   10.35
  64147.475    69.703     0.27   11.21
  64517.664    68.867    -2.26   11.25
  64887.951    70.308     3.89   12.37
  65258.336    76.145    15.76   13.12
  65628.820    79.289     8.49   11.63
  65999.401    84.933    15.23   10.13
  66370.082    88.998    10.97   10.84
  66740.860    91.942     7.94   11.17
  67111.737    97.852    15.94   12.40
  67482.713   104.432    17.74   15.66
  67853.787   110.596    16.61   18.57
  68224.961   116.695    16.43   19.70
  68596.233   119.959     8.79   19.44
  68967.604   119.625    -0.90   19.47
  69339.074   117.634    -5.36   17.69
  69710.643   116.805    -2.23   17.52
  70082.312   115.990    -2.19   15.82
  70454.079   116.315     0.87   14.41
  70825.946   118.868     6.87   14.46
  71197.913   123.766    13.17   13.51
  71569.979   127.788    10.81   11.57
  71942.144   130.626     7.63    9.89
  72314.409   131.983     3.64   10.83
  72686.774   131.288    -1.86   10.72
  73059.239   129.100    -5.88   10.54
  73431.804   124.165   -13.24    8.24
  73804.468   119.837   -11.62    6.26
  74177.233   117.774    -5.53    6.04
  74550.098   117.192    -1.56    5.29
  74923.063   117.870     1.82    4.56
  75296.129   116.703    -3.13    6.38
  75669.295   114.414    -6.14    9.27
  76042.561   109.283   -13.75   11.61
  76415.928   103.378   -15.82    9.59
  76789.396    99.062   -11.56    6.46
  77162.964    94.880   -11.20    6.60
  77536.633    91.391    -9.34    9.12
  77910.403    87.317   -10.90   11.00
  78284.274    82.527   -12.81    9.01
  78658.246    81.626    -2.41    7.14
  79032.319    84.083     6.57    6.99
  79406.494    87.304     8.61    5.75
  79780.769    86.712    -1.58    6.73
  80155.147    83.888    -7.54    8.79
  80529.625    82.419    -3.92    8.29
  80904.205    83.758     3.57    8.69
  81278.887    91.502    20.67    9.84
  81653.671    97.758    16.69    8.89
  82028.556    97.411    -0.92   13.12
  82403.543    91.610   -15.47   17.17
  82778.632    86.107   -14.67   16.70
  83153.823    82.398    -9.88   12.87
  83529.117    88.142    15.31   12.14
  83904.512    95.305    19.08   10.45
  84280.010   101.672    16.96    9.88
  84655.611   106.104    11.80   12.16
  85031.313   108.800     7.18   14.36
  85407.119   109.971     3.12   13.88
  85783.027   110.148     0.47   12.13
  86159.037   109.939    -0.56    9.42
  86535.151   110.292     0.94    7.47
  86911.367   109.198    -2.91    5.64
  87287.687   105.944    -8.65    8.71
  87664.109    98.242   -20.46   12.98
  88040.635    88.878   -24.87   11.08
  88417.264    84.935   -10.47    7.04
  88793.996    81.422    -9.32    9.44
  89170.832    77.367   -10.76   12.64
  89547.771    79.280     5.08   15.52
  89924.814    82.791     9.31   19.22
  90301.960    95.068    32.55   20.51
  90679.210   109.596    38.51   16.80
  91056.564   121.417    31.33   12.05
  91434.022   125.371    10.48    7.51
  91811.584   123.626    -4.62    7.82
  92189.250   115.696   -21.00   11.86
  92567.020   106.129   -25.33   13.22
  92944.895    95.006   -29.44   10.71
  93322.874    88.506   -17.20    7.04
  93700.957    84.859    -9.64    4.02
  94079.145    83.548    -3.47    4.07
  94457.437    81.506    -5.40    5.54
  94835.835    78.575    -7.74    6.30
  95214.337    78.470    -0.28    7.06
  95592.944    82.348    10.25    9.13
  95971.655    88.912    17.33    9.05
  96350.472    94.865    15.72    6.52
  96729.394    99.568    12.41    6.16
  97108.422   103.506    10.39    7.28
  97487.554   106.336     7.47    8.06
  97866.792   113.045    17.69   12.28
  98246.136   119.588    17.25   13.95
  98625.585   123.306     9.80   13.01
  99005.140   124.742     3.78   11.47
  99384.801   121.300    -9.07   11.35
  99764.567   115.012   -16.56    9.93
 100144.439   107.545   -19.66   11.33
 100524.418    98.184   -24.64   13.97
 100904.502    88.849   -24.56   15.92
 101284.693    81.250   -19.99   16.88
 101664.990    78.004    -8.54   19.28
 102045.394    70.979   -18.47   22.66
 102425.904    62.677   -21.82   25.90
 102806.520    55.304   -19.37   22.62
 103187.243    48.539   -17.77   18.43
 103568.073    43.704   -12.70   16.23
 103949.010    41.200    -6.57   13.55
 104330.054    38.653    -6.69    7.80
 104711.205    40.553     4.98    8.34
 105092.462    44.152     9.44    8.25
 105473.828    46.135     5.20    6.11
 105855.300    45.918    -0.57    5.95
 106236.880    42.873    -7.98    6.00
 106618.567    39.323    -9.30    4.76
 107000.362    38.372    -2.49    4.18
 107382.264    38.138    -0.61    4.48
 107764.274    37.096    -2.73    4.50
 108146.392    35.812    -3.36    4.59
 108528.618    35.636    -0.46    4.04
 108910.952    36.356     1.88    3.99
 109293.395    37.977     4.24    4.41
 109675.945    40.373     6.26    4.93
 110058.604    42.504     5.57    5.40
 110441.371    44.689     5.71    5.06
 110824.246    45.311     1.62    4.38
 111207.230    45.439     0.34    4.48
 111581.991    49.521    10.89    9.41
 111944.917    57.254    21.31   15.60
 112307.938    69.674    34.22   18.63
 112671.053    83.583    38.31   16.76
 113034.262    97.365    37.95   14.68
 113397.564   107.299    27.35   13.15
 113760.961   114.470    19.73   10.74
 114124.452   119.062    12.63   12.08
 114488.038   121.612     7.01   14.08
 114851.718   120.386    -3.37   13.89
 115215.492   116.998    -9.31   13.67
 115579.361   110.324   -18.34   12.06
 115943.324   106.788    -9.72    8.56
 116307.382   108.812     5.56   10.15
 116671.535   117.712    24.44   14.43
 117035.783   128.923    30.78   15.01
 117400.125   139.643    29.43   12.33
 117764.563   148.348    23.89    8.90
 118129.095   153.735    14.78    7.43
 118493.723   159.442    15.65    8.88
 118858.446   165.105    15.53   10.48
 119223.264   169.712    12.63   11.04
 119588.178   172.182     6.77   11.60
 119953.187   169.807    -6.51   14.32
 120318.291   159.561   -28.07   18.37
 120683.491   147.477   -33.09   18.59
 121048.787   133.520   -38.21   15.98
 121414.179   120.496   -35.65   14.98
 121779.666   108.810   -31.98   13.85
 122145.249    97.909   -29.82   13.45
 122510.929    86.781   -30.43   12.62
 122876.704    78.555   -22.49    9.30
 123242.575    73.380   -14.14    5.45
 123608.543    70.465    -7.96    3.92
 123974.607    68.659    -4.93    5.37
 124340.767    66.362    -6.27    6.30
 124707.024    62.773    -9.80    9.29
 125073.377    57.459   -14.51   10.99
 125439.827    53.227   -11.55   10.43
 125806.373    51.419    -4.93   10.92
 126173.016    51.653     0.64   11.58
 126539.756    52.081     1.17   12.74
 126906.593    51.427    -1.78   12.82
 127273.527    48.265    -8.62   10.25
 127640.558    45.376    -7.87    6.82
 128007.686    44.996    -1.03    3.59
 128374.911    44.343    -1.78    1.76
 128742.234    44.296    -0.13    1.35
 129109.654    44.888     1.61    2.09
 129477.171    46.354     3.99    4.09
 129844.786    47.819     3.98    5.24
 130212.499    49.296     4.02    5.39
 130580.309    49.705     1.11    4.28
 130948.217    49.419    -0.78    3.30
 131316.223    49.496     0.21    2.18
 131684.327    49.083    -1.12    2.06
 132052.529    48.204    -2.39    2.44
 132420.829    47.588    -1.67    3.17
 132789.227    46.250    -3.63    3.03
 133157.723    45.196    -2.86    2.89
 133526.318    44.373    -2.23    3.86
 133895.011    43.159    -3.29    4.40
 134263.802    42.496    -1.80    4.45
 134632.692    43.135     1.73    4.58
 135001.681    44.049     2.48    4.60
 135370.768    46.204     5.84    4.68
 135739.955    48.250     5.54    3.91
 136109.240    47.209    -2.82    4.37
 136478.624    44.231    -8.06    4.88
 136848.107    40.627    -9.75    5.52
 137217.689    37.735    -7.82    4.31
 137587.371    36.042    -4.58    2.68
 137957.152    36.455     1.11    3.10
 138327.032    37.661     3.26    4.13
 138697.012    38.735     2.90    4.82
 139067.091    40.620     5.10    5.23
 139437.270    41.951     3.60    5.23
 139807.548    43.429     3.99    5.88
 140177.927    45.365     5.23    6.30
 140548.405    46.451     2.93    5.78
 140918.983    46.642     0.51    4.40
 141289.661    45.941    -1.89    2.80
 141660.439    43.848    -5.65    3.31
 142031.318    41.687    -5.83    3.17
 142402.296    40.006    -4.53    2.66
 142773.375    38.825    -3.18    1.86
 143144.555    38.315    -1.38    1.85
 143515.835    38.073    -0.65    1.95
 143887.216    38.660     1.58    2.83
 144258.697    40.390     4.66    4.92
 144630.279    42.367     5.32    5.35
 145001.962    44.622     6.07    4.36
 145373.746    46.454     4.93    2.82
 145745.631    45.884    -1.53    2.71
 146117.617    45.550    -0.90    2.30
 146489.704    44.829    -1.94    2.34
 146861.893    43.742    -2.92    3.06
 147234.183    43.939     0.53    3.36
 147606.574    44.288     0.94    3.61
 147979.067    44.937     1.74    3.44
 148351.661    46.135     3.22    2.54
 148724.358    48.296     5.80    3.18
 149097.156    50.231     5.19    3.87
 149470.055    52.696     6.61    4.02
 149843.057    55.811     8.35    4.42
 150216.161    58.593     7.46    4.21
 150589.367    61.210     7.01    2.95
 150962.675    62.879     4.47    2.99
 151336.085    63.243     0.97    2.91
 151709.598    63.567     0.87    2.77
 152083.213    63.224    -0.92    2.92
 152456.931    61.869    -3.62    3.58
 152830.752    60.774    -2.93    4.04
 153204.675    61.683     2.43    5.57
 153578.701    64.449     7.40    8.32
 153952.830    67.595     8.41    8.52
 154327.061    69.833     5.98    7.78
 154701.396    69.742    -0.24    7.82
 155075.834    67.386    -6.29    6.71
 155450.376    66.750    -1.70    4.76
 155825.020    66.446    -0.81    2.76
 156199.768    66.153    -0.78    3.33
 156574.620    64.735    -3.78    4.06
 156949.575    63.542    -3.18    4.15
 157324.633    62.603    -2.50    2.88
 157699.796    62.857     0.68    3.49
 158075.062    63.927     2.85    4.04
 158450.433    66.683     7.34    5.60
 158825.907    69.849     8.43    7.11
 159201.485    73.788    10.49    9.25
 159577.168    80.157    16.96   10.99
 159952.955    86.223    16.14   10.65
 160328.846    91.638    14.41   10.33
 160704.842    97.202    14.80   13.23
 161080.942   101.123    10.43   16.47
 161457.147   100.989    -0.36   20.90
 161833.456   101.682     1.84   23.82
 162209.871    99.652    -5.39   21.83
 162586.390    95.934    -9.87   19.96
 162963.014    90.165   -15.32   17.54
 163339.744    82.532   -20.26   13.28
 163716.578    76.907   -14.93    7.84
 164093.518    74.306    -6.90    4.75
 164470.563    71.213    -8.20    5.14
 164847.714    68.298    -7.73    3.92
 165224.970    67.006    -3.43    2.93
 165602.332    65.787    -3.23    4.01
 165979.799    66.592     2.13    7.18
 166357.372    70.447    10.21   12.06
 166735.051    77.313    18.18   15.86
 167112.836    83.147    15.44   13.49
 167490.728    86.131     7.90    8.45
 167868.725    88.690     6.77   13.72
 168246.828    94.539    15.47   22.07
 168625.038   107.168    33.39   25.85
 169003.355   123.568    43.35   25.18
 169381.777   142.347    49.63   17.99
 169760.307   147.581    13.83   14.83
 170138.943   148.282     1.85   13.95
 170517.686   146.466    -4.79   12.98
 170896.536   140.189   -16.57   10.56
 171275.493   130.404   -25.82   13.53
 171654.556   118.978   -30.14   17.22
 172033.727   107.197   -31.07   16.71
 172413.006    96.291   -28.76   13.02
 172792.391    93.194    -8.16   11.10
 173171.884    93.453     0.68   10.15
 173551.485    94.176     1.91    7.55
 173931.193    94.043    -0.35    5.25
 174311.009    93.856    -0.49    5.95
 174690.933    96.735     7.58    8.62
 175070.964   101.409    12.30    9.99
 175451.104   103.743     6.14    8.33
 175831.351   102.194    -4.07    9.10
 176211.707    98.393    -9.99    8.76
 176592.171    97.787    -1.59    8.67
 176972.744   104.295    17.10   14.17
 177353.425   118.727    37.91   17.89
 177734.214   131.456    33.43   15.40
 178115.112   140.004    22.44    9.38
 178496.119   139.261    -1.95   12.33
 178877.235   133.980   -13.86   14.46
 179258.459   123.524   -27.43   13.56
 179639.793   114.817   -22.84   13.38
 180021.236   107.158   -20.08    8.95
 180402.788   104.456    -7.08    8.11
 180784.449   104.043    -1.08   10.19
 181166.220   107.842     9.95   12.32
 181548.100   111.604     9.85   10.11
 181930.090   111.856     0.66    6.92
 182312.189   109.912    -5.09    6.95
 182694.398   108.846    -2.79    8.26
 183076.717   108.373    -1.24    9.60
 183459.146   110.480     5.51    9.18
 183841.685   112.417     5.06    7.39
 184224.335   107.966   -11.63   14.71
 184607.094    96.390   -30.25   22.71
 184989.964    80.114   -42.51   26.09
 185372.944    66.711   -35.00   24.27
 185756.035    54.143   -32.81   25.25
 186139.237    40.223   -36.33   26.73
