# NaN NaN NaN ;Mean Elev.(m), Avg Gradient(m/km), RMS Gradient(m/km) - SRTM1     
#   20.838   0.690   2.078 ;Mean Elev.(m), Avg Gradient(m/km), RMS Gradient(m/km) - ASTER GDEM
#    1.200  -1.225   3.559 ;Mean Elev.(m), Avg Gradient(m/km), RMS Gradient(m/km) - GMTED2010 
  8     0.435 52485.54564160 28.50 104.859429  72.728231 11.596
  8     0.313 52485.54564225 28.46 104.853639  72.731101 11.596
  8     0.168 52485.54564289 26.30 104.847849  72.733981 11.596
  8    -0.052 52485.54564354 23.33 104.842059  72.736851 11.596
  8    -0.469 52485.54564418 20.15 104.836269  72.739721 11.596
  8    -0.377 52485.54564483 16.87 104.830469  72.742591 11.596
  8     0.080 52485.54564547 14.85 104.824679  72.745461 11.596
  8     2.471 52485.54564612 12.80 104.818879  72.748331 11.596
  8     0.496 52485.54564676 16.64 104.813079  72.751211 11.596
  9     4.581 52520.54560688 21.87 104.866971  72.728715 15.133
  9     4.102 52520.54560753 17.88 104.861181  72.731585 15.133
  9     4.324 52520.54560817 16.03 104.855401  72.734465 15.133
  9     0.553 52520.54560882 16.95 104.849611  72.737335 15.133
  9     0.753 52520.54560946 17.99 104.843811  72.740205 15.133
  9     0.727 52520.54561011 17.75 104.838021  72.743075 15.133
  9     9.909 52520.54561075 14.94 104.832231  72.745945 15.133
  9    10.651 52520.54561140 14.24 104.826431  72.748825 15.133
  9     8.525 52520.54561204 15.94 104.820629  72.751693  4.830
 10     0.079 52555.54565943 35.82 104.828737  72.730662 14.911
 10     0.268 52555.54566008 40.37 104.822947  72.733532 14.911
 10     0.143 52555.54566072 39.14 104.817157  72.736402 14.911
 10     0.261 52555.54566137 37.56 104.811357  72.739282 14.911
 10     0.155 52555.54566201 36.86 104.805557  72.742152 14.911
 10     0.109 52555.54566266 39.78 104.799757  72.745022 14.911
 10     0.141 52555.54566330 38.61 104.793957  72.747892 14.911
 11     0.015 52590.54564738 19.32 104.855043  72.727931  2.839
 11    -0.063 52590.54564803 19.47 104.849253  72.730801  2.839
 11     0.006 52590.54564867 20.31 104.843460  72.733672  3.445
 11     0.058 52590.54564932 21.15 104.837670  72.736542  3.445
 11     0.030 52590.54564996 21.30 104.831880  72.739422  3.445
 11    -0.027 52590.54565061 21.09 104.826080  72.742292  3.445
 11     0.015 52590.54565125 20.10 104.820280  72.745162  3.445
 11    -0.064 52590.54565190 19.38 104.814490  72.748032  3.445
 11    -0.072 52590.54565254 18.58 104.808690  72.750902  3.445
 12    -0.148 52625.54557501 14.50 104.875732  72.728303  3.550
 12     0.127 52625.54557566 14.88 104.869942  72.731173  3.550
 12    -0.104 52625.54557630 15.35 104.864152  72.734043  3.550
 12    -0.134 52625.54557695 16.93 104.858372  72.736913  3.550
 12    -0.154 52625.54557759 17.13 104.852572  72.739793  3.550
 12    -0.202 52625.54557824 18.24 104.846782  72.742663  3.550
 12    -0.195 52625.54557888 16.96 104.840992  72.745533  3.550
 12    -0.209 52625.54557953 16.13 104.835192  72.748403  3.550
 12    -0.190 52625.54558017 15.53 104.829392  72.751273  3.550
 13     0.177 52660.54561314 13.69 104.851956  72.729135  2.812
 13     0.087 52660.54561379 13.77 104.846166  72.732005  2.812
 13     0.058 52660.54561443 14.44 104.840376  72.734875  2.812
 13     0.005 52660.54561508 14.97 104.834586  72.737745  2.812
 13    -0.062 52660.54561572 15.38 104.828786  72.740615  2.812
 13    -0.048 52660.54561637 14.30 104.822996  72.743485  2.812
 13    -0.046 52660.54561701 13.72 104.817192  72.746360  2.448
 13    -0.068 52660.54561765 13.33 104.811392  72.749230  2.448
 13    -0.167 52660.54561830 11.93 104.805592  72.752100  2.448
 14     0.172 52695.54559356 14.36 104.825653  72.730256  2.835
 14     0.301 52695.54559421 13.51 104.819853  72.733126  2.835
 14     0.191 52695.54559485 13.61 104.814063  72.735996  2.835
 14     0.132 52695.54559550 13.80 104.808263  72.738866  2.835
 14     0.121 52695.54559614 12.66 104.802463  72.741746  2.835
 14     0.087 52695.54559679 12.10 104.796663  72.744616  2.835
 14     0.090 52695.54559743 11.61 104.790863  72.747486  2.835
 15     0.573 52730.54562193 10.91 104.859989  72.728070  2.079
 15     0.170 52730.54562257 11.88 104.854199  72.730940  2.079
 15     0.175 52730.54562322 11.84 104.848409  72.733810  2.079
 15    -0.036 52730.54562386 12.54 104.842619  72.736680  2.079
 15    -0.073 52730.54562450 12.10 104.836819  72.739550  2.079
 15    -0.187 52730.54562515 12.21 104.831029  72.742420  2.079
 15    -0.134 52730.54562579 11.42 104.825229  72.745300  2.079
 15     0.030 52730.54562644 11.02 104.819429  72.748170  2.079
 15     0.072 52730.54562708 10.16 104.813629  72.751040  2.079
 16     0.224 52765.54563214 10.11 104.867571  72.729245  2.596
 16     0.226 52765.54563278 10.99 104.861791  72.732125  2.596
 16     0.056 52765.54563343 11.16 104.856001  72.734995  2.596
 16    -0.133 52765.54563407 11.32 104.850211  72.737865  2.596
 16    -0.318 52765.54563472 11.36 104.844421  72.740735  2.596
 16    -0.414 52765.54563536 11.18 104.838631  72.743615  2.596
 16    -0.301 52765.54563601 11.27 104.832831  72.746485  2.596
 16    -0.144 52765.54563665 10.30 104.827041  72.749355  2.596
 16    -0.300 52765.54563730 10.15 104.821241  72.752225  2.596
 17     0.660 52800.54562696 30.18 104.825551  72.731541 21.584
 17     0.533 52800.54562761 32.92 104.819751  72.734411 21.584
 17     0.604 52800.54562825 35.24 104.813951  72.737281 21.584
 17     0.686 52800.54562890 37.92 104.808161  72.740151 21.584
 17     0.689 52800.54562954 37.38 104.802361  72.743021 21.584
 17     0.430 52800.54563019 37.20 104.796551  72.745891 21.584
 17     0.496 52800.54563083 38.86 104.790751  72.748771 21.584
 18     0.400 52835.54569450 31.82 104.830723  72.732480 11.353
 18     0.126 52835.54569515 30.16 104.824933  72.735350 11.353
 18    -0.386 52835.54569579 28.61 104.819133  72.738220 11.353
 18    -0.868 52835.54569644 25.08 104.813333  72.741090 11.353
 18    -1.286 52835.54569708 22.39 104.807533  72.743960 11.353
 18     0.008 52835.54569773 20.32 104.801733  72.746830 11.353
 18     1.002 52835.54569837 20.35 104.795933  72.749700 11.353
 19     0.525 52870.54573501 29.28 104.846080  72.730749 19.882
 19     0.364 52870.54573566 24.57 104.840280  72.733619 19.882
 19     0.131 52870.54573630 19.23 104.834496  72.736492  9.552
 19     0.276 52870.54573695 17.07 104.828696  72.739362  9.552
 19     0.315 52870.54573759 15.87 104.822896  72.742232  9.552
 19     0.542 52870.54573823 14.10 104.817096  72.745102  9.552
 19     2.881 52870.54573888 12.97 104.811296  72.747972  9.552
 19     4.020 52870.54573952 13.04 104.805496  72.750842  9.552
 20     0.137 52905.54573445 42.38 104.860985  72.727777 27.345
 20    -0.102 52905.54573510 48.19 104.855195  72.730647 27.345
 20    -0.216 52905.54573574 50.47 104.849405  72.733527 27.345
 20    -0.333 52905.54573639 45.99 104.843615  72.736397 27.345
 20    -0.349 52905.54573703 40.60 104.837825  72.739267 27.345
 20    -1.210 52905.54573768 34.32 104.832035  72.742137 27.345
 20    -1.055 52905.54573832 32.12 104.826235  72.745007 27.345
 20    -1.017 52905.54573897 30.92 104.820435  72.747877 27.345
 20    -0.434 52905.54573961 49.63 104.814635  72.750757 27.345
 21   290.468 52940.54566752 27.21 104.827493  72.728905  4.934
 21   290.626 52940.54566817 27.83 104.821693  72.731775  4.934
 21   290.535 52940.54566881 28.48 104.815903  72.734645  4.934
 21   290.528 52940.54566946 29.05 104.810103  72.737515  4.934
 21   290.546 52940.54567010 28.73 104.804303  72.740395  4.934
 21   290.509 52940.54567075 28.01 104.798503  72.743265  4.934
 21   290.633 52940.54567139 26.03 104.792703  72.746135  4.934
 21   290.649 52940.54567203 25.05 104.786893  72.749005  4.934
 22    -0.294 52975.54571447 19.76 104.831545  72.732073  3.358
 22    -0.374 52975.54571511 20.25 104.825745  72.734943  3.358
 22    -0.329 52975.54571576 20.22 104.819955  72.737813  3.358
 22    -0.265 52975.54571640 19.49 104.814155  72.740693  3.358
 22    -0.273 52975.54571705 19.60 104.808355  72.743563  3.358
 22    -0.288 52975.54571769 18.29 104.802555  72.746433  3.358
 22    -0.154 52975.54571833 17.40 104.796755  72.749303  3.358
 23     0.311 53010.54571741 16.43 104.852255  72.728516  4.156
 23    -0.259 53010.54571805 17.30 104.846475  72.731396  4.156
 23    -0.282 53010.54571870 17.88 104.840685  72.734266  4.156
 23    -0.221 53010.54571934 17.74 104.834885  72.737136  4.156
 23    -0.201 53010.54571998 18.47 104.829095  72.740006  4.156
 23    -0.121 53010.54572063 19.65 104.823295  72.742876  4.156
 23    -0.001 53010.54572127 19.30 104.817505  72.745746  4.156
 23     0.103 53010.54572192 19.49 104.811705  72.748626  4.156
 23     0.063 53010.54572256 18.48 104.805905  72.751496  4.156
 24    -0.248 53045.54568130 15.66 104.828100  72.731127  3.149
 24    -0.159 53045.54568195 16.33 104.822300  72.733997  3.149
 24    -0.018 53045.54568259 16.82 104.816510  72.736867  3.149
 24     0.021 53045.54568324 17.77 104.810710  72.739737  3.149
 24     0.093 53045.54568388 19.31 104.804910  72.742607  3.149
 24     0.123 53045.54568453 19.18 104.799114  72.745484  4.082
 24     0.116 53045.54568517 18.08 104.793314  72.748344  4.082
 25    -0.049 53080.54571476 14.37 104.848322  72.730752  2.910
 25    -0.058 53080.54571540 15.29 104.842532  72.733622  2.910
 25    -0.229 53080.54571605 16.19 104.836742  72.736492  2.910
 25    -0.081 53080.54571669 16.87 104.830952  72.739372  2.910
 25    -0.047 53080.54571734 17.65 104.825152  72.742242  2.910
 25     0.134 53080.54571798 17.36 104.819363  72.745112  4.446
 25     0.308 53080.54571862 17.95 104.813563  72.747982  4.446
 25     0.312 53080.54571927 17.93 104.807763  72.750852  4.446
 26    -0.283 53115.54568617 13.80 104.823412  72.731638  2.454
 26    -0.061 53115.54568681 13.05 104.817622  72.734508  2.454
 26    -0.100 53115.54568746 13.81 104.811822  72.737378  2.454
 26     0.071 53115.54568810 14.70 104.806032  72.740248  2.454
 26     0.259 53115.54568875 13.14 104.800225  72.743117  2.879
 26     0.276 53115.54568939 14.01 104.794425  72.745997  2.879
 26     0.292 53115.54569003 12.69 104.788625  72.748867  2.879
 27     0.206 53150.54573329 11.00 104.834564  72.733121  2.260
 27    -0.041 53150.54573393 11.75 104.828774  72.736001  2.260
 27    -0.025 53150.54573458 12.10 104.822984  72.738871  2.260
 27     0.037 53150.54573522 11.41 104.817179  72.741740  2.809
 27     0.198 53150.54573587 10.76 104.811389  72.744610  2.809
 27     0.165 53150.54573651 12.41 104.805589  72.747480  2.809
 27     0.262 53150.54573716 10.70 104.799779  72.750350  2.809
 28     3.375 53185.54572128 28.75 104.856136  72.728252 21.462
 28     3.095 53185.54572193 28.78 104.850346  72.731132 21.462
 28     3.159 53185.54572257 27.41 104.844556  72.734002 21.462
 28     3.239 53185.54572322 26.41 104.838766  72.736872 21.462
 28     3.171 53185.54572386 25.89 104.832976  72.739742 21.462
 28     3.094 53185.54572451 25.40 104.827176  72.742612 21.462
 28     2.767 53185.54572515 25.60 104.821376  72.745482 21.462
 28     2.647 53185.54572580 25.41 104.815576  72.748352 21.462
 28     3.116 53185.54572644 23.33 104.809776  72.751232 21.462
 29     0.085 53220.54574701 48.80 104.860009  72.728226 23.697
 29     0.098 53220.54574766 43.39 104.854219  72.731096 23.697
 29    -0.005 53220.54574830 36.42 104.848429  72.733966 23.697
 29    -0.110 53220.54574895 31.02 104.842639  72.736836 23.697
 29    -0.582 53220.54574959 28.06 104.836849  72.739706 23.697
 29    -0.935 53220.54575024 27.62 104.831049  72.742586 23.697
 29    -0.251 53220.54575088 25.20 104.825249  72.745456 23.697
 29     0.084 53220.54575153 24.38 104.819449  72.748326 23.697
 29     0.197 53220.54575217 31.67 104.813649  72.751196 23.697
 30     4.319 53255.54572345 29.45 104.869312  72.727935 20.153
 30     0.132 53255.54572409 26.57 104.863532  72.730815 20.153
 30    -0.173 53255.54572474 26.51 104.857742  72.733685 20.153
 30    -0.338 53255.54572538 23.20 104.851952  72.736555 20.153
 30    -0.519 53255.54572602 17.86 104.846162  72.739425 20.153
 30    -0.929 53255.54572667 18.19 104.840372  72.742305 20.153
 30    -0.061 53255.54572731 15.56 104.834572  72.745175 20.153
 30    -1.529 53255.54572796 16.50 104.828782  72.748045 20.153
 30     0.276 53255.54572860 12.07 104.822982  72.750915 20.153
 32     0.219 53325.54570955 16.47 104.858391  72.729270  3.142
 32     0.302 53325.54571020 17.01 104.852601  72.732140  3.142
 32     0.239 53325.54571084 16.99 104.846811  72.735010  3.142
 32     0.136 53325.54571149 17.93 104.841021  72.737880  3.142
 32     0.146 53325.54571213 19.07 104.835221  72.740760  3.142
 32     0.160 53325.54571278 17.75 104.829431  72.743630  3.142
 32     0.202 53325.54571342 17.23 104.823631  72.746500  3.142
 32     0.149 53325.54571407 17.13 104.817831  72.749370  3.142
 32     0.121 53325.54571471 16.42 104.812031  72.752240  3.142
 33     0.245 53360.54566860 12.47 104.867703  72.730308  2.309
 33     0.066 53360.54566924 13.07 104.861923  72.733188  2.309
 33    -0.074 53360.54566989 13.16 104.856133  72.736058  2.309
 33    -0.166 53360.54567053 13.47 104.850333  72.738928  2.309
 33    -0.149 53360.54567118 13.48 104.844542  72.741796  2.490
 33    -0.220 53360.54567182 14.02 104.838752  72.744676  2.490
 33    -0.167 53360.54567247 13.45 104.832952  72.747546  2.490
 33    -0.159 53360.54567311 12.72 104.827152  72.750416  2.490
 33    -0.259 53360.54567376 12.49 104.821352  72.753286  2.490
 34    -0.095 53395.54568899 12.32 104.827684  72.732247  2.234
 34    -0.028 53395.54568963 12.64 104.821882  72.735115  2.650
 34    -0.007 53395.54569028 12.20 104.816092  72.737985  2.650
 34     0.006 53395.54569092 12.18 104.810292  72.740855  2.650
 34     0.007 53395.54569157 11.70 104.804492  72.743725  2.650
 34    -0.001 53395.54569221 10.78 104.798692  72.746595  2.650
 34    -0.052 53395.54569286 10.14 104.792892  72.749465  2.650
 35     0.485 53430.54567994 10.80 104.868828  72.729195  2.148
 35     0.192 53430.54568059 10.79 104.863038  72.732075  2.148
 35     0.167 53430.54568123 10.72 104.857248  72.734945  2.148
 35    -0.108 53430.54568188 11.70 104.851458  72.737815  2.148
 35    -0.189 53430.54568252 11.62 104.845672  72.740684  2.566
 35    -0.170 53430.54568317 11.34 104.839872  72.743564  2.566
 35    -0.217 53430.54568381 11.89 104.834082  72.746434  2.566
 35    -0.172 53430.54568445 11.37 104.828282  72.749304  2.566
 35    -0.134 53430.54568510 10.87 104.822482  72.752174  2.566
 36    -0.063 53465.54571032 10.91 104.825006  72.732754  2.359
 36     0.001 53465.54571097 10.81 104.819206  72.735624  2.359
 36    -0.045 53465.54571161 10.68 104.813406  72.738494  2.359
 36    -0.052 53465.54571226 10.09 104.807606  72.741364  2.359
 36    -0.079 53465.54571290  9.91 104.801806  72.744234  2.359
 36     0.029 53465.54571355  9.57 104.796006  72.747104  2.359
 37     0.360 53500.54577051  9.14 104.834944  72.733477  2.080
 37    -0.047 53500.54577115  9.60 104.829157  72.736343  2.101
 37    -0.026 53500.54577180  9.29 104.823357  72.739223  2.101
 37    -0.139 53500.54577244  8.72 104.817567  72.742093  2.101
 37     0.046 53500.54577309  8.73 104.811767  72.744963  2.101
 37     0.230 53500.54577373  7.97 104.805967  72.747833  2.101
 37     0.322 53500.54577438  7.35 104.800167  72.750703  2.101
 38     3.927 53535.54575746 23.27 104.857412  72.729558 23.058
 38     3.312 53535.54575810 20.19 104.851622  72.732428 23.058
 38     2.945 53535.54575875 16.56 104.845829  72.735300  5.983
 38     2.500 53535.54575939 15.20 104.840039  72.738170  5.983
 38     7.792 53535.54576003 14.35 104.834239  72.741050  5.983
 38     4.025 53535.54576068 13.70 104.828449  72.743920  5.983
 38    12.038 53535.54576132 13.31 104.822649  72.746790  5.983
 38    11.141 53535.54576197 15.23 104.816849  72.749660  5.983
 38    13.263 53535.54576261 14.91 104.811049  72.752530  5.983
 39     0.259 53570.54576745 41.24 104.852065  72.728634 38.057
 39     0.139 53570.54576810 38.46 104.846275  72.731514 38.057
 39     0.080 53570.54576874 34.66 104.840485  72.734384 38.057
 39    -0.198 53570.54576939 30.51 104.834695  72.737254 38.057
 39    -0.814 53570.54577003 27.68 104.828903  72.740129 10.747
 39    -0.997 53570.54577068 23.75 104.823103  72.742999 10.747
 39    -0.567 53570.54577132 21.80 104.817313  72.745869 10.747
 39     0.034 53570.54577197 20.78 104.811513  72.748739 10.747
 39     0.104 53570.54577261 29.61 104.805713  72.751609 10.747
 40     4.928 53605.54571470 25.73 104.872352  72.730198  9.877
 40     0.562 53605.54571534 21.28 104.866572  72.733068  9.877
 40     0.163 53605.54571599 20.50 104.860782  72.735938  9.877
 40     0.186 53605.54571663 20.04 104.854992  72.738808  9.877
 40     0.207 53605.54571728 21.07 104.849200  72.741681  4.136
 40     0.399 53605.54571792 21.52 104.843410  72.744551  4.136
 40     0.644 53605.54571856 21.05 104.837610  72.747431  4.136
 40     0.894 53605.54571921 21.83 104.831810  72.750301  4.136
 40     0.818 53605.54571985 29.83 104.826020  72.753171  4.136
 41     0.657 53640.54571570 31.61 104.825815  72.731008 22.271
 41     0.178 53640.54571634 22.09 104.820025  72.733878 22.271
 41    -0.011 53640.54571699 16.99 104.814232  72.736752  8.074
 41     0.206 53640.54571763 16.80 104.808432  72.739622  8.074
 41     0.126 53640.54571828 16.11 104.802632  72.742492  8.074
 41     2.821 53640.54571892 14.96 104.796832  72.745362  8.074
 41     6.657 53640.54571957 14.53 104.791032  72.748242  8.074
 42     0.353 53675.54573533 27.63 104.836855  72.732716  4.400
 42     0.396 53675.54573597 28.22 104.831065  72.735586  4.400
 42     0.294 53675.54573662 28.93 104.825271  72.738458  6.018
 42     0.439 53675.54573726 28.13 104.819471  72.741328  6.018
 42     0.453 53675.54573791 28.16 104.813681  72.744198  6.018
 42     0.312 53675.54573855 25.56 104.807881  72.747068  6.018
 42     0.364 53675.54573920 23.06 104.802081  72.749938  6.018
 43    -0.203 53710.54566358 15.70 104.875246  72.728949  2.722
 43    -0.147 53710.54566422 16.96 104.869456  72.731819  2.722
 43    -0.071 53710.54566486 17.32 104.863676  72.734699  2.722
 43    -0.112 53710.54566551 18.06 104.857886  72.737569  2.722
 43    -0.106 53710.54566615 18.80 104.852086  72.740439  2.722
 43    -0.301 53710.54566680 19.85 104.846293  72.743308  3.484
 43    -0.226 53710.54566744 19.88 104.840503  72.746188  3.484
 43    -0.214 53710.54566809 19.63 104.834703  72.749058  3.484
 43    -0.194 53710.54566873 18.18 104.828903  72.751928  3.484
 44    -0.403 53745.54557466 16.77 104.824992  72.729519  2.563
 44    -0.263 53745.54557530 16.57 104.819192  72.732389  2.563
 44    -0.138 53745.54557595 17.57 104.813396  72.735259  4.029
 44     0.053 53745.54557659 18.31 104.807606  72.738129  4.029
 44     0.081 53745.54557723 17.91 104.801806  72.741009  4.029
 44     0.137 53745.54557788 18.31 104.795996  72.743869  4.029
 44     0.117 53745.54557852 16.92 104.790196  72.746749  4.029
 45     0.206 53780.54560515 13.10 104.855410  72.729356  2.553
 45    -0.052 53780.54560580 13.07 104.849620  72.732226  2.553
 45    -0.124 53780.54560644 13.57 104.843830  72.735106  2.553
 45    -0.141 53780.54560709 14.44 104.838040  72.737976  2.553
 45    -0.043 53780.54560773 13.91 104.832243  72.740847  2.960
 45    -0.097 53780.54560838 14.77 104.826443  72.743717  2.960
 45    -0.068 53780.54560902 14.60 104.820643  72.746587  2.960
 45    -0.052 53780.54560967 13.57 104.814853  72.749457  2.960
 45    -0.060 53780.54561031 12.82 104.809043  72.752327  2.960
 46    -0.239 53815.54557463 12.68 104.877125  72.732575  3.032
 46    -0.155 53815.54557528 12.81 104.871335  72.735455  3.032
 46    -0.300 53815.54557592 13.38 104.865555  72.738325  3.032
 46    -0.205 53815.54557657 13.32 104.859765  72.741195  3.032
 46    -0.188 53815.54557721 13.24 104.853965  72.744065  3.032
 46    -0.226 53815.54557786 14.12 104.848175  72.746945  3.032
 46    -0.010 53815.54557850 13.02 104.842385  72.749815  3.032
 46    -0.067 53815.54557915 13.56 104.836585  72.752685  3.032
 47    -0.337 53850.54564152 12.51 104.827197  72.730942  2.642
 47    -0.334 53850.54564216 13.04 104.821397  72.733812  2.642
 47    -0.222 53850.54564281 14.00 104.815607  72.736682  2.642
 47    -0.094 53850.54564345 13.55 104.809807  72.739552  2.642
 47     0.016 53850.54564410 13.83 104.804010  72.742422  2.877
 47     0.186 53850.54564474 12.21 104.798210  72.745292  2.877
 47     0.184 53850.54564538 11.27 104.792410  72.748172  2.877
 48     1.170 53885.54565069  9.22 104.856183  72.728540  2.132
 48     1.136 53885.54565133  8.93 104.850393  72.731410  2.132
 48     0.665 53885.54565198  9.10 104.844603  72.734290  2.132
 48     0.249 53885.54565262 10.06 104.838813  72.737160  2.132
 48     0.074 53885.54565327 10.14 104.833010  72.740030  2.424
 48     0.107 53885.54565391  9.76 104.827220  72.742900  2.424
 48     0.286 53885.54565456  9.07 104.821420  72.745770  2.424
 48     0.157 53885.54565520  8.32 104.815620  72.748640  2.424
 49     0.552 53920.54572072 22.78 104.833317  72.732840 18.296
 49     0.322 53920.54572137 18.63 104.827517  72.735710 18.296
 49     0.395 53920.54572201 15.25 104.821727  72.738580 18.296
 49     0.573 53920.54572266 14.23 104.815927  72.741460 18.296
 49    13.659 53920.54572330 13.89 104.810136  72.744328 12.344
 49     2.746 53920.54572395 15.20 104.804336  72.747198 12.344
 49     0.923 53920.54572459 24.26 104.798536  72.750068 12.344
 50     0.149 53955.54571845 35.89 104.841817  72.731388 25.073
 50    -0.064 53955.54571909 32.82 104.836027  72.734258 25.073
 50    -0.862 53955.54571974 32.37 104.830227  72.737128 25.073
 50    -0.844 53955.54572038 32.98 104.824437  72.739998 25.073
 50    -0.511 53955.54572103 36.00 104.818637  72.742868 25.073
 50    -0.509 53955.54572167 39.28 104.812847  72.745738 25.073
 50    -0.579 53955.54572232 34.75 104.807041  72.748614  9.275
 50    -0.842 53955.54572296 30.88 104.801241  72.751484  9.275
 51     4.786 53990.54563576 25.48 104.880724  72.729458 16.175
 51     4.336 53990.54563641 21.12 104.874934  72.732328 16.175
 51     3.797 53990.54563705 20.49 104.869144  72.735198 16.175
 51    -0.543 53990.54563770 21.04 104.863354  72.738068 16.175
 51    -0.950 53990.54563834 21.01 104.857564  72.740948 16.175
 51    -1.632 53990.54563899 20.74 104.851774  72.743818 16.175
 51    -0.501 53990.54563963 18.35 104.845984  72.746688 16.175
 51    -0.216 53990.54564027 17.31 104.840183  72.749565  4.060
 51     0.350 53990.54564092 14.59 104.834383  72.752435  4.060
 52     0.068 54025.54570326 38.22 104.824741  72.733924 10.175
 52    -0.020 54025.54570390 37.10 104.818951  72.736794 10.175
 52    -0.144 54025.54570454 34.97 104.813151  72.739664 10.175
 52    -0.077 54025.54570519 33.99 104.807351  72.742534 10.175
 52     0.190 54025.54570583 35.31 104.801552  72.745411  4.796
 52     0.227 54025.54570648 31.90 104.795752  72.748271  4.796
 53     0.180 54060.54569429 15.88 104.860793  72.727457  2.920
 53     0.068 54060.54569493 16.45 104.855003  72.730327  2.920
 53     0.019 54060.54569558 16.75 104.849213  72.733197  2.920
 53     0.084 54060.54569622 17.19 104.843423  72.736077  2.920
 53     0.051 54060.54569687 17.22 104.837623  72.738947  2.920
 53    -0.090 54060.54569751 17.49 104.831833  72.741817  2.920
 53    -0.038 54060.54569816 18.13 104.826033  72.744687  2.920
 53     0.092 54060.54569880 17.43 104.820233  72.747557  2.920
 53     0.091 54060.54569944 16.48 104.814436  72.750427  2.483
 54     0.292 54095.54566879 13.52 104.872848  72.728207  2.658
 54    -0.061 54095.54566944 14.13 104.867058  72.731077  2.658
 54     0.089 54095.54567008 13.91 104.861268  72.733947  2.658
 54     0.078 54095.54567073 15.02 104.855478  72.736827  2.658
 54     0.031 54095.54567137 15.05 104.849688  72.739697  2.658
 54     0.115 54095.54567202 15.08 104.843898  72.742567  2.658
 54     0.116 54095.54567266 15.23 104.838108  72.745437  2.658
 54     0.027 54095.54567331 15.72 104.832308  72.748307  2.658
 54     0.072 54095.54567395 14.88 104.826508  72.751187  2.658
 55    -0.291 54130.54561628 14.13 104.825502  72.731224  2.374
 55    -0.282 54130.54561692 13.62 104.819702  72.734094  2.374
 55    -0.231 54130.54561757 13.70 104.813912  72.736964  2.374
 55    -0.258 54130.54561821 14.11 104.808112  72.739834  2.374
 55    -0.207 54130.54561886 12.87 104.802310  72.742711  2.424
 55    -0.076 54130.54561950 12.47 104.796510  72.745581  2.424
 55     0.013 54130.54562014 11.70 104.790700  72.748451  2.424
 56    -0.097 54165.54564098 12.24 104.859681  72.729194  3.036
 56     0.029 54165.54564163 12.15 104.853891  72.732064  3.036
 56    -0.180 54165.54564227 12.51 104.848101  72.734944  3.036
 56    -0.340 54165.54564292 12.88 104.842311  72.737814  3.036
 56    -0.490 54165.54564356 13.20 104.836521  72.740684  3.036
 56    -0.521 54165.54564421 12.90 104.830721  72.743554  3.036
 56    -0.462 54165.54564485 12.66 104.824931  72.746424  3.036
 56    -0.337 54165.54564550 12.27 104.819131  72.749294  3.036
 56    -0.421 54165.54564614 11.19 104.813331  72.752174  3.036
 57    -0.318 54200.54561949 13.40 104.827663  72.733300  3.012
 57    -0.257 54200.54562014 13.12 104.821863  72.736170  3.012
 57    -0.331 54200.54562078 13.10 104.816073  72.739040  3.012
 57    -0.294 54200.54562142 12.85 104.810273  72.741910  3.012
 57    -0.236 54200.54562207 12.30 104.804473  72.744790  3.012
 57    -0.078 54200.54562271 11.27 104.798673  72.747660  3.012
 58     0.411 54235.54565702 11.54 104.837442  72.733521  2.466
 58     0.096 54235.54565766 11.83 104.831642  72.736391  2.466
 58    -0.014 54235.54565831 11.45 104.825852  72.739261  2.466
 58    -0.188 54235.54565895 11.07 104.820052  72.742131  2.466
 58    -0.120 54235.54565960 10.79 104.814252  72.745001  2.466
 58    -0.070 54235.54566024 10.68 104.808452  72.747871  2.466
 58    -0.089 54235.54566088  9.85 104.802652  72.750751  2.466
 59     3.938 54270.54567608 26.92 104.855617  72.728699  5.377
 59     3.318 54270.54567672 23.33 104.849827  72.731569  5.377
 59     2.345 54270.54567737 19.72 104.844037  72.734439  5.377
 59     1.966 54270.54567801 17.57 104.838237  72.737319  5.377
 59     2.484 54270.54567866 16.10 104.832447  72.740189  5.377
 59     3.013 54270.54567930 15.26 104.826657  72.743059  5.377
 59    10.619 54270.54567995 15.79 104.820857  72.745929  5.377
 59    11.727 54270.54568059 15.77 104.815057  72.748799  5.377
 59    12.556 54270.54568124 19.09 104.809257  72.751669  5.377
 60     0.811 54305.54567935 20.43 104.848016  72.730424  9.199
 60     0.543 54305.54567999 17.45 104.842226  72.733294  9.199
 60     0.437 54305.54568064 14.78 104.836436  72.736164  9.199
 60     0.609 54305.54568128 12.75 104.830636  72.739034  9.199
 60     0.685 54305.54568193 11.17 104.824846  72.741904  9.199
 60     0.811 54305.54568257 11.35 104.819046  72.744774  9.199
 60     2.624 54305.54568322 10.78 104.813246  72.747644  9.199
 60     4.124 54305.54568386 11.60 104.807446  72.750524  9.199
 61     4.284 54340.54566095 27.33 104.865395  72.728269 11.384
 61     0.230 54340.54566159 27.54 104.859605  72.731139 11.384
 61     0.046 54340.54566224 28.13 104.853815  72.734009 11.384
 61    -0.273 54340.54566288 26.41 104.848025  72.736889 11.384
 61    -0.570 54340.54566353 22.87 104.842235  72.739759 11.384
 61    -0.957 54340.54566417 20.23 104.836435  72.742629 11.384
 61    -1.552 54340.54566481 19.23 104.830645  72.745499 11.384
 61     0.367 54340.54566546 15.40 104.824845  72.748369 11.384
 61     0.534 54340.54566610 15.51 104.819045  72.751239 11.384
 62     0.368 54375.54561470 22.00 104.833366  72.733883 13.935
 62     0.087 54375.54561534 20.04 104.827566  72.736763 13.935
 62    -0.600 54375.54561599 20.97 104.821776  72.739633 13.935
 62    -1.600 54375.54561663 21.29 104.815976  72.742503 13.935
 62    -1.942 54375.54561728 20.44 104.810176  72.745373 13.935
 62    -0.109 54375.54561792 18.53 104.804376  72.748243 13.935
 62     1.322 54375.54561857 17.21 104.798576  72.751113 13.935
 63     0.176 54410.54560768 19.85 104.854957  72.728609  4.800
 63     0.022 54410.54560832 21.48 104.849167  72.731479  4.800
 63     0.069 54410.54560897 22.01 104.843377  72.734349  4.800
 63     0.020 54410.54560961 22.68 104.837587  72.737229  4.800
 63    -0.038 54410.54561026 23.25 104.831797  72.740099  4.800
 63    -0.129 54410.54561090 23.42 104.825997  72.742969  4.800
 63    -0.067 54410.54561155 23.43 104.820197  72.745839  4.800
 63     0.050 54410.54561219 23.02 104.814407  72.748709  4.800
 63     0.089 54410.54561284 21.25 104.808597  72.751579  4.800
 65     0.238 54480.54559905 11.88 104.852009  72.729661  2.323
 65     0.188 54480.54559970 12.56 104.846219  72.732531  2.323
 65     0.116 54480.54560034 12.71 104.840429  72.735401  2.323
 65    -0.017 54480.54560099 12.81 104.834639  72.738271  2.323
 65    -0.074 54480.54560163 12.86 104.828839  72.741151  2.323
 65    -0.031 54480.54560228 12.67 104.823042  72.744019  2.330
 65    -0.050 54480.54560292 12.78 104.817242  72.746889  2.330
 65    -0.105 54480.54560357 11.80 104.811442  72.749759  2.330
 65    -0.112 54480.54560421 11.23 104.805642  72.752629  2.330
 66     0.160 54515.54559242 10.65 104.827021  72.732392  2.137
 66     0.149 54515.54559307 10.55 104.821228  72.735257  2.406
 66     0.040 54515.54559371 10.68 104.815428  72.738127  2.406
 66    -0.082 54515.54559436 10.32 104.809628  72.740997  2.406
 66     0.137 54515.54559500  9.66 104.803828  72.743867  2.406
 66     0.202 54515.54559564  9.44 104.798028  72.746737  2.406
 66     0.221 54515.54559629  8.59 104.792228  72.749617  2.406
 67     0.581 54550.54561168  9.26 104.864495  72.728630  2.154
 67     0.375 54550.54561233  9.25 104.858705  72.731500  2.154
 67     0.264 54550.54561297  8.81 104.852925  72.734370  2.154
 67    -0.053 54550.54561362  9.28 104.847125  72.737240  2.154
 67    -0.208 54550.54561426  8.98 104.841335  72.740120  2.154
 67    -0.353 54550.54561491  9.61 104.835545  72.742990  2.154
 67    -0.334 54550.54561555  9.22 104.829746  72.745863  2.200
 67    -0.200 54550.54561620  8.26 104.823946  72.748733  2.200
 67    -0.127 54550.54561684  7.92 104.818146  72.751603  2.200
 68     0.587 54585.54558781  8.72 104.841013  72.732443  2.043
 68     0.115 54585.54558845  9.04 104.835223  72.735313  2.043
 68     0.046 54585.54558910  8.65 104.829419  72.738186  2.262
 68    -0.047 54585.54558974  8.50 104.823629  72.741056  2.262
 68    -0.052 54585.54559039  8.74 104.817829  72.743926  2.262
 68     0.056 54585.54559103  8.08 104.812029  72.746796  2.262
 68     0.122 54585.54559168  7.41 104.806229  72.749666  2.262
 68     0.111 54585.54559232  7.06 104.800429  72.752536  2.262
 69    -3.054 54620.54560614 12.53 104.851322  72.728905 11.950
 69    -3.248 54620.54560678 14.09 104.845532  72.731785 11.950
 69    -2.190 54620.54560743 14.24 104.839742  72.734655 11.950
 69    -1.484 54620.54560807 16.68 104.833952  72.737525 11.950
 69    -0.880 54620.54560872 18.20 104.828155  72.740398 15.416
 69    -0.181 54620.54560936 22.20 104.822355  72.743268 15.416
 69     0.422 54620.54561001 21.35 104.816555  72.746138 15.416
 69     0.613 54620.54561065 27.45 104.810765  72.749008 15.416
 69     0.702 54620.54561130 34.56 104.804955  72.751878 15.416
 70     0.819 54655.54561638 25.53 104.853632  72.728021 16.275
 70     0.739 54655.54561702 20.59 104.847852  72.730891 16.275
 70     0.352 54655.54561767 17.90 104.842062  72.733761 16.275
 70     0.164 54655.54561831 15.93 104.836262  72.736641 16.275
 70     0.463 54655.54561896 14.38 104.830472  72.739511 16.275
 70     0.426 54655.54561960 14.26 104.824678  72.742382 10.787
 70     1.652 54655.54562025 12.81 104.818878  72.745252 10.787
 70     0.714 54655.54562089 14.43 104.813078  72.748122 10.787
 70    15.549 54655.54562154 13.86 104.807278  72.750992 10.787
 71     0.375 54690.54560231 54.19 104.857926  72.729647 32.010
 71     0.440 54690.54560295 51.88 104.852136  72.732517 32.010
 71     0.289 54690.54560360 51.24 104.846346  72.735387 32.010
 71     0.363 54690.54560424 50.09 104.840556  72.738257 32.010
 71     0.340 54690.54560489 50.09 104.834766  72.741127 32.010
 71     0.209 54690.54560553 47.27 104.828966  72.744007 32.010
 71    -0.180 54690.54560617 24.76 104.823176  72.746877 32.010
 71     0.107 54690.54560682 22.21 104.817376  72.749747 32.010
 71     0.199 54690.54560746 44.87 104.811566  72.752617 32.010
 72    -0.225 54725.54556855 35.05 104.827336  72.733019 20.175
 72    -0.693 54725.54556919 35.14 104.821536  72.735887  9.768
 72    -0.584 54725.54556984 33.24 104.815736  72.738757  9.768
 72    -0.288 54725.54557048 30.70 104.809946  72.741627  9.768
 72    -0.311 54725.54557113 31.74 104.804146  72.744497  9.768
 72    -0.438 54725.54557177 33.05 104.798336  72.747367  9.768
 73     0.297 54760.54557900 24.58 104.852036  72.729795  6.311
 73     0.095 54760.54557965 26.55 104.846246  72.732665  6.311
 73     0.231 54760.54558029 27.61 104.840456  72.735535  6.311
 73     0.265 54760.54558094 28.54 104.834666  72.738405  6.311
 73     0.134 54760.54558158 29.75 104.828866  72.741275  6.311
 73     0.185 54760.54558223 29.41 104.823076  72.744145  6.311
 73     0.224 54760.54558287 29.23 104.817272  72.747020  4.315
 73     0.073 54760.54558352 28.79 104.811472  72.749890  4.315
 73     0.112 54760.54558416 28.09 104.805672  72.752760  4.315
 74    -0.122 54795.54556149 15.80 104.824489  72.730704  2.702
 74    -0.372 54795.54556213 16.56 104.818685  72.733579  2.832
 74    -0.314 54795.54556278 17.17 104.812895  72.736449  2.832
 74    -0.404 54795.54556342 17.04 104.807095  72.739319  2.832
 74    -0.289 54795.54556407 16.20 104.801295  72.742189  2.832
 74    -0.267 54795.54556471 15.54 104.795495  72.745059  2.832
 74    -0.045 54795.54556536 14.18 104.789695  72.747939  2.832
 75     0.443 54830.54557914 13.98 104.850333  72.729648  2.451
 75     0.297 54830.54557979 14.23 104.844543  72.732518  2.451
 75     0.075 54830.54558043 14.54 104.838753  72.735388  2.451
 75    -0.018 54830.54558108 14.76 104.832953  72.738258  2.451
 75     0.025 54830.54558172 14.68 104.827163  72.741138  2.451
 75    -0.046 54830.54558237 14.46 104.821364  72.744006  2.536
 75    -0.065 54830.54558301 14.34 104.815564  72.746876  2.536
 75    -0.091 54830.54558366 13.57 104.809764  72.749746  2.536
 75    -0.144 54830.54558430 12.92 104.803964  72.752616  2.536
 76    -0.119 54865.54555690 12.01 104.825791  72.733776  2.538
 76    -0.098 54865.54555755 12.83 104.819991  72.736646  2.538
 76    -0.215 54865.54555819 12.36 104.814201  72.739516  2.538
 76    -0.120 54865.54555884 11.54 104.808401  72.742386  2.538
 76    -0.011 54865.54555948 11.30 104.802601  72.745256  2.538
 76     0.202 54865.54556013 10.39 104.796791  72.748126  2.538
 77     0.334 54900.54557763 10.49 104.860752  72.728189  2.296
 77     0.298 54900.54557827 10.55 104.854962  72.731059  2.296
 77    -0.025 54900.54557891 10.92 104.849172  72.733929  2.296
 77    -0.282 54900.54557956 11.41 104.843382  72.736799  2.296
 77    -0.404 54900.54558020 11.87 104.837592  72.739669  2.296
 77    -0.459 54900.54558085 12.05 104.831802  72.742549  2.296
 77    -0.514 54900.54558149 11.44 104.826001  72.745419  2.389
 77    -0.303 54900.54558214 10.57 104.820201  72.748289  2.389
 77    -0.083 54900.54558278  9.36 104.814401  72.751159  2.389
 78    -0.084 54935.54554857 10.91 104.830845  72.734735  2.079
 78    -0.070 54935.54554921 10.37 104.825045  72.737615  2.079
 78    -0.102 54935.54554986 10.35 104.819246  72.740482  2.336
 78    -0.132 54935.54555050 10.13 104.813456  72.743352  2.336
 78    -0.058 54935.54555115  9.10 104.807656  72.746222  2.336
 78    -0.012 54935.54555179  9.20 104.801856  72.749092  2.336
 79     0.424 54970.54558023  8.30 104.846231  72.730582  2.091
 79     0.302 54970.54558088  8.44 104.840441  72.733452  2.091
 79     0.020 54970.54558152  9.18 104.834651  72.736322  2.091
 79    -0.095 54970.54558217  8.87 104.828851  72.739192  2.091
 79    -0.105 54970.54558281  8.84 104.823061  72.742072  2.091
 79    -0.084 54970.54558346  7.95 104.817258  72.744939  2.470
 79    -0.042 54970.54558410  8.01 104.811458  72.747809  2.470
 79    -0.134 54970.54558475  6.94 104.805658  72.750679  2.470
 80     1.409 55005.54559953 53.16 104.849138  72.729758 43.728
 80     1.465 55005.54560017 52.17 104.843348  72.732628 43.728
 80     1.444 55005.54560082 51.98 104.837558  72.735498 43.728
 80     1.407 55005.54560146 52.78 104.831758  72.738368 43.728
 80     1.369 55005.54560211 52.87 104.825968  72.741238 43.728
 80     1.332 55005.54560275 53.86 104.820168  72.744118 43.728
 80     1.307 55005.54560340 54.36 104.814368  72.746988 43.728
 80     1.294 55005.54560404 53.44 104.808568  72.749858 43.728
 80     1.330 55005.54560469 52.33 104.802768  72.752728 43.728
 81     0.538 55040.54558708 25.75 104.853755  72.728764 16.582
 81     0.526 55040.54558773 23.34 104.847965  72.731634 16.582
 81     0.312 55040.54558837 21.04 104.842175  72.734504 16.582
 81     0.045 55040.54558901 19.00 104.836385  72.737374 16.582
 81     0.269 55040.54558966 17.14 104.830585  72.740254 16.582
 81     0.336 55040.54559030 16.11 104.824788  72.743124 11.560
 81     0.428 55040.54559095 17.00 104.818998  72.745994 11.560
 81     0.523 55040.54559159 20.88 104.813198  72.748864 11.560
 81     0.707 55040.54559224 33.88 104.807388  72.751734 11.560
 82     0.163 55075.54556883 43.26 104.864070  72.728147 23.941
 82    -0.136 55075.54556947 40.05 104.858280  72.731017 23.941
 82    -0.098 55075.54557012 33.72 104.852490  72.733897 23.941
 82    -0.393 55075.54557076 32.47 104.846700  72.736767 23.941
 82    -0.667 55075.54557141 29.47 104.840910  72.739637 23.941
 82    -0.957 55075.54557205 24.61 104.835120  72.742507 23.941
 82    -1.500 55075.54557269 25.04 104.829320  72.745377 23.941
 82    -0.627 55075.54557334 22.93 104.823520  72.748257 23.941
 82    -0.090 55075.54557398 20.13 104.817728  72.751125  6.903
 83     0.150 55110.54552074 35.18 104.832725  72.732270 22.688
 83    -0.186 55110.54552138 30.13 104.826925  72.735140 22.688
 83    -0.440 55110.54552202 27.66 104.821135  72.738010 22.688
 83    -0.584 55110.54552267 27.32 104.815333  72.740883  6.483
 83    -0.577 55110.54552331 26.70 104.809533  72.743753  6.483
 83    -0.430 55110.54552396 25.90 104.803733  72.746623  6.483
 83    -0.171 55110.54552460 23.97 104.797933  72.749493  6.483
 84     0.118 55145.54552210 26.44 104.855244  72.728131  4.418
 84     0.133 55145.54552275 28.32 104.849454  72.731001  4.418
 84     0.022 55145.54552339 27.77 104.843664  72.733871  4.418
 84     0.141 55145.54552404 28.34 104.837874  72.736741  4.418
 84     0.040 55145.54552468 28.88 104.832074  72.739611  4.418
 84    -0.014 55145.54552533 29.91 104.826284  72.742491  4.418
 84    -0.100 55145.54552597 29.12 104.820483  72.745358  3.932
 84     0.014 55145.54552661 28.42 104.814683  72.748228  3.932
 84     0.200 55145.54552726 27.06 104.808883  72.751098  3.932
 85    -0.108 55180.54549779 23.79 104.823281  72.732362  3.822
 85    -0.160 55180.54549844 24.01 104.817481  72.735232  3.822
 85    -0.086 55180.54549908 24.44 104.811691  72.738102  3.822
 85    -0.188 55180.54549973 24.12 104.805891  72.740972  3.822
 85    -0.068 55180.54550037 23.56 104.800091  72.743842  3.822
 85    -0.046 55180.54550102 23.34 104.794281  72.746712  3.822
 85     0.067 55180.54550166 21.43 104.788481  72.749582  3.822
 86     0.324 55215.54551706 19.88 104.853899  72.730155  3.827
 86     0.450 55215.54551770 20.47 104.848119  72.733035  3.827
 86     0.480 55215.54551835 20.90 104.842319  72.735905  3.827
 86     0.593 55215.54551899 21.15 104.836529  72.738775  3.827
 86     0.660 55215.54551964 21.70 104.830739  72.741645  3.827
 86     0.669 55215.54552028 21.47 104.824939  72.744515  3.827
 86     0.621 55215.54552093 20.69 104.819139  72.747385  3.827
 86     0.565 55215.54552157 20.46 104.813339  72.750255  3.827
 87    -0.080 55250.54549481 18.77 104.829906  72.733992  3.238
 87    -0.087 55250.54549545 18.85 104.824113  72.736857  3.682
 87    -0.011 55250.54549610 20.01 104.818313  72.739727  3.682
 87     0.019 55250.54549674 19.51 104.812513  72.742597  3.682
 87     0.063 55250.54549739 19.66 104.806713  72.745467  3.682
 87     0.136 55250.54549803 19.04 104.800913  72.748337  3.682
 88     0.751 55285.54550994 15.23 104.866426  72.726714  3.424
 88     0.264 55285.54551058 14.75 104.860646  72.729584  3.424
 88     0.202 55285.54551123 15.09 104.854856  72.732464  3.424
 88    -0.090 55285.54551187 15.47 104.849066  72.735334  3.424
 88    -0.184 55285.54551252 15.94 104.843276  72.738204  3.424
 88    -0.215 55285.54551316 16.52 104.837486  72.741074  3.424
 88    -0.251 55285.54551381 16.49 104.831686  72.743954  3.424
 88    -0.024 55285.54551445 16.75 104.825886  72.746824  3.424
 88     0.027 55285.54551510 15.92 104.820086  72.749692  2.742
 88     0.131 55285.54551574 15.15 104.814286  72.752562  2.742
 89     0.285 55320.54548432 13.18 104.848973  72.730587  2.516
 89     0.229 55320.54548496 13.55 104.843183  72.733467  2.516
 89     0.026 55320.54548561 13.90 104.837383  72.736337  2.516
 89    -0.026 55320.54548625 14.56 104.831593  72.739207  2.516
 89    -0.045 55320.54548690 14.46 104.825802  72.742081  2.652
 89     0.033 55320.54548754 14.61 104.820002  72.744951  2.652
 89     0.114 55320.54548819 13.61 104.814202  72.747821  2.652
 89     0.153 55320.54548883 13.23 104.808402  72.750691  2.652
 90     3.247 55355.54548476 23.68 104.852476  72.730178 19.024
 90     0.915 55355.54548541 23.04 104.846686  72.733048 19.024
 90     0.935 55355.54548605 19.81 104.840896  72.735918 19.024
 90     1.147 55355.54548670 18.95 104.835106  72.738798 19.024
 90     1.042 55355.54548734 17.90 104.829306  72.741668 19.024
 90     1.084 55355.54548799 19.21 104.823514  72.744537  9.252
 90     2.018 55355.54548863 21.46 104.817714  72.747407  9.252
 90     3.187 55355.54548928 23.02 104.811914  72.750277  9.252
 91    -5.269 55390.54548632 26.84 104.827649  72.734306 17.633
 91    -0.441 55390.54548696 20.02 104.821853  72.737173  9.103
 91     0.143 55390.54548760 15.02 104.816053  72.740043  9.103
 91     0.359 55390.54548825 14.16 104.810253  72.742913  9.103
 91     2.593 55390.54548889 12.54 104.804463  72.745783  9.103
 91     3.018 55390.54548954 15.79 104.798653  72.748653  9.103
 92     0.907 55425.54550148 33.87 104.852994  72.728935 28.683
 92     0.584 55425.54550213 43.71 104.847204  72.731805 28.683
 92     0.553 55425.54550277 50.29 104.841414  72.734675 28.683
 92     0.708 55425.54550342 49.15 104.835624  72.737545 28.683
 92     0.603 55425.54550406 48.90 104.829824  72.740415 28.683
 92     0.654 55425.54550471 45.57 104.824034  72.743295 28.683
 92     0.492 55425.54550535 46.78 104.818228  72.746162  7.188
 92     0.649 55425.54550599 36.59 104.812428  72.749032  7.188
 92     0.175 55425.54550664 27.62 104.806628  72.751902  7.188
 93     0.351 55460.54546931 42.27 104.867596  72.728569 20.643
 93    -0.152 55460.54546995 42.27 104.861816  72.731439 20.643
 93    -0.209 55460.54547060 37.78 104.856026  72.734309 20.643
 93    -0.429 55460.54547124 33.45 104.850236  72.737189 20.643
 93    -0.888 55460.54547189 30.17 104.844436  72.740059 20.643
 93    -1.385 55460.54547253 24.69 104.838646  72.742929 20.643
 93    -1.899 55460.54547317 22.43 104.832856  72.745799 20.643
 93    -2.068 55460.54547382 19.96 104.827056  72.748669 20.643
 93    -1.560 55460.54547446 18.81 104.821256  72.751539 20.643
