 -76383.472   112.573     0.00   18.57
 -76019.114   103.742   -24.24   15.97
 -75654.664   104.497     2.07   15.88
 -75290.123   112.950    23.18   23.58
 -74925.489   127.784    40.68   28.81
 -74560.764   145.052    47.34   23.25
 -74195.946   159.374    39.26   16.43
 -73831.037   167.317    21.76   15.77
 -73466.035   172.641    14.59   19.19
 -73100.941   171.456    -3.24   23.97
 -72735.755   165.808   -15.46   27.92
 -72370.476   150.270   -42.54   30.46
 -72005.105   132.407   -48.89   34.89
 -71639.641   116.260   -44.18   31.91
 -71274.085   100.343   -43.54   22.05
 -70908.436    96.952    -9.27   16.33
 -70542.694   100.142     8.72   15.39
 -70176.860   102.266     5.81   13.34
 -69810.933    99.558    -7.40   14.03
 -69444.912    92.382   -19.61   15.69
 -69078.799    80.372   -32.80   12.74
 -68712.593    72.252   -22.17    7.72
 -68346.293    68.063   -11.44    5.83
 -67979.900    68.284     0.60    6.38
 -67613.414    75.139    18.71   12.98
 -67246.835    85.784    29.04   18.65
 -66880.162   101.976    44.16   20.69
 -66513.396   118.443    44.89   18.66
 -66146.536   133.033    39.77   14.29
 -65779.582   141.817    23.94    9.05
 -65412.534   145.117     8.99    5.26
 -65045.393   141.664    -9.41    9.44
 -64678.158   134.224   -20.26   11.99
 -64310.829   128.792   -14.79   11.43
 -63943.406   124.650   -11.27   11.57
 -63575.889   122.464    -5.95   12.81
 -63208.278   120.217    -6.11   12.71
 -62840.572   115.849   -11.88   12.75
 -62472.772   107.809   -21.86   17.96
 -62104.878    96.930   -29.57   22.09
 -61736.889    82.520   -39.16   21.80
 -61368.806    69.687   -34.86   16.26
 -61000.628    61.637   -21.87   10.08
 -60632.355    58.928    -7.35    6.20
 -60263.988    60.280     3.67    5.78
 -59895.526    62.531     6.11    5.09
 -59526.969    63.536     2.73    3.62
 -59158.317    63.259    -0.75    4.53
 -58789.570    57.962   -14.36    9.30
 -58420.728    49.719   -22.35   11.87
 -58051.790    42.964   -18.31   10.07
 -57682.758    40.768    -5.95    7.75
 -57313.630    40.922     0.42    7.76
 -56944.406    44.775    10.43    8.72
 -56575.087    49.102    11.72    7.03
 -56205.673    50.720     4.38    5.16
 -55836.163    48.090    -7.12    6.79
 -55466.557    43.664   -11.97    7.63
 -55096.855    40.632    -8.20    6.27
 -54727.057    38.316    -6.26    4.57
 -54357.164    39.397     2.92    4.66
 -53987.175    43.885    12.13    6.06
 -53617.089    47.276     9.16    7.44
 -53246.907    50.939     9.89    7.30
 -52876.629    53.177     6.05    5.77
 -52506.255    53.607     1.16    4.85
 -52135.784    53.305    -0.82    4.54
 -51765.217    53.459     0.42    5.08
 -51394.553    54.328     2.35    5.13
 -51023.793    53.330    -2.69    6.21
 -50652.936    48.824   -12.15    9.30
 -50281.982    41.153   -20.68   11.01
 -49910.931    34.196   -18.75    8.63
 -49539.784    31.690    -6.75    6.67
 -49168.539    32.399     1.91    7.75
 -48797.197    34.599     5.92    7.10
 -48425.759    34.296    -0.81    6.84
 -48054.222    31.309    -8.04    6.12
 -47682.589    27.959    -9.01    7.48
 -47310.858    26.272    -4.54    9.04
 -46939.030    24.448    -4.91    9.31
 -46567.104    23.501    -2.55    8.65
 -46195.081    23.082    -1.13    7.54
 -45822.960    28.761    15.26   10.70
 -45450.741    35.800    18.91   11.89
 -45078.424    43.075    19.54    9.79
 -44706.010    45.728     7.12    7.49
 -44333.497    43.881    -4.96    8.33
 -43960.886    40.220    -9.83    7.90
 -43588.177    36.427   -10.17    5.72
 -43215.370    33.665    -7.41    4.30
 -42842.465    31.912    -4.70    3.71
 -42469.461    30.776    -3.05    3.20
 -42096.359    30.004    -2.07    2.89
 -41723.158    29.556    -1.20    2.65
 -41349.858    28.953    -1.62    2.45
 -40976.460    28.352    -1.61    2.27
 -40602.963    27.292    -2.84    2.15
 -40229.368    26.010    -3.43    1.69
 -39855.673    25.459    -1.48    1.37
 -39481.879    25.373    -0.23    1.33
 -39107.986    25.959     1.57    1.05
 -38733.994    25.824    -0.36    1.22
 -38359.903    24.012    -4.84    3.44
 -37985.712    21.650    -6.31    5.37
 -37611.422    20.489    -3.10    6.64
 -37237.032    23.147     7.10    9.47
 -36862.543    29.150    16.03   11.29
 -36487.954    36.611    19.92    8.65
 -36113.266    39.256     7.06    6.35
 -35738.478    37.872    -3.69    6.42
 -35363.589    31.966   -15.76    9.60
 -34988.601    24.777   -19.17   11.26
 -34613.513    17.607   -19.11    9.89
 -34238.324    12.792   -12.83    5.62
 -33863.036    11.240    -4.14    5.23
 -33487.647    11.896     1.75    5.58
 -33112.158    13.800     5.07    5.84
 -32736.568    17.512     9.88    6.88
 -32360.877    21.333    10.17    6.00
 -31985.087    23.304     5.25    3.72
 -31609.195    23.397     0.25    2.86
 -31233.203    22.706    -1.84    3.06
 -30857.109    23.524     2.18    4.83
 -30480.915    25.483     5.21    6.59
 -30104.620    27.974     6.62    7.38
 -29728.224    29.526     4.12    7.17
 -29351.726    29.344    -0.48    6.07
 -28975.127    26.360    -7.92    5.84
 -28598.427    21.128   -13.89    7.10
 -28221.625    16.542   -12.17    6.24
 -27844.722    13.359    -8.45    3.52
 -27467.718    14.123     2.03    4.45
 -27090.611    17.361     8.59    6.38
 -26713.403    21.562    11.14    6.75
 -26336.093    25.158     9.53    6.93
 -25958.681    27.405     5.96    6.83
 -25581.167    28.816     3.74    5.88
 -25203.551    29.368     1.46    4.49
 -24825.833    31.100     4.58    4.26
 -24448.013    33.280     5.77    4.37
 -24070.090    34.913     4.32    3.55
 -23692.065    33.647    -3.35    5.66
 -23313.937    29.145   -11.91    8.34
 -22935.707    23.126   -15.91    8.11
 -22557.374    19.008   -10.88    5.06
 -22178.938    16.979    -5.36    2.67
 -21800.399    16.619    -0.95    2.34
 -21421.758    16.900     0.74    3.03
 -21043.013    18.245     3.55    3.69
 -20664.166    19.004     2.00    3.50
 -20285.215    20.581     4.16    3.99
 -19906.161    21.165     1.54    4.58
 -19527.003    20.835    -0.87    5.04
 -19147.742    19.902    -2.46    5.16
 -18768.378    18.600    -3.43    4.47
 -18388.910    18.667     0.17    3.67
 -18009.338    20.800     5.62    3.69
 -17629.663    22.825     5.33    3.54
 -17249.884    23.989     3.07    3.63
 -16870.000    23.300    -1.81    4.20
 -16490.013    22.238    -2.80    4.63
 -16109.922    20.048    -5.76    5.42
 -15729.726    17.591    -6.46    5.00
 -15349.426    16.730    -2.26    4.13
 -14969.022    16.250    -1.26    4.29
 -14588.513    17.597     3.54    4.30
 -14207.900    20.075     6.51    4.70
 -13827.182    21.273     3.15    4.23
 -13446.360    20.155    -2.94    4.08
 -13065.432    18.337    -4.77    3.08
 -12684.400    18.722     1.01    3.18
 -12303.263    19.361     1.68    3.54
 -11922.021    20.336     2.56    3.14
 -11540.673    20.352     0.04    3.79
 -11159.220    16.672    -9.65    6.99
 -10777.662    13.355    -8.69    6.58
 -10395.999    10.540    -7.38    4.45
 -10014.230     9.351    -3.11    3.56
  -9632.356     9.662     0.82    4.09
  -9250.375     9.652    -0.03    3.94
  -8868.289     8.254    -3.66    5.02
  -8486.098     6.208    -5.35    5.30
  -8103.800     3.435    -7.25    3.67
  -7721.396     1.283    -5.63    1.47
  -7338.886     0.682    -1.57    1.28
  -6956.270     0.240    -1.15    0.95
  -6573.548    -0.153    -1.03    0.25
  -6190.719    -0.200    -0.12    0.00
  -5821.527     0.050     0.68    0.69
  -5458.401     0.359     0.85    0.94
  -5095.181     0.689     0.91    1.01
  -4731.870     1.098     1.12    0.97
  -4368.465     1.241     0.39    0.87
  -4004.968     1.296     0.15    0.81
  -3641.378     1.475     0.49    0.70
  -3277.696     1.777     0.83    0.27
  -2913.920     2.107     0.91    0.66
  -2550.052     2.792     1.88    1.27
  -2186.090     2.730    -0.17    1.92
  -1822.036     2.136    -1.63    2.34
  -1457.888     0.936    -3.30    2.03
  -1093.647    -0.036    -2.67    0.75
   -729.313    -0.200    -0.45    0.00
   -364.885    -0.200     0.00    0.00
     -0.364    -0.200     0.00    0.00
    364.251    -0.200     0.00    0.00
    728.959    -0.200     0.00    0.00
   1093.761     2.777     8.16   10.20
   1458.657    12.754    27.34   23.25
   1823.647    26.002    36.30   28.91
   2188.730    38.564    34.41   28.13
   2553.908    45.631    19.35   23.59
   2919.179    45.172    -1.26   20.14
   3284.545    41.304   -10.59   12.93
   3650.005    41.273    -0.09   10.07
   4015.559    45.866    12.56    9.12
   4381.208    50.093    11.56   12.22
   4746.950    54.464    11.95   14.26
   5112.788    63.542    24.81   15.00
   5478.720    67.785    11.59   11.60
   5844.746    68.680     2.45   10.98
   6210.868    72.663    10.88   13.47
   6577.084    74.402     4.75   15.93
   6943.395    69.499   -13.39   18.61
   7309.801    59.276   -27.90   24.14
   7676.302    48.808   -28.56   22.62
   8042.898    47.340    -4.00   20.37
   8409.589    47.491     0.41   18.06
   8776.375    50.608     8.50   14.85
   9143.257    56.381    15.74   11.37
   9510.234    59.682     9.00   11.68
   9877.307    65.048    14.62   12.74
  10244.475    69.518    12.17    9.05
  10611.739    66.652    -7.80   10.73
  10979.098    60.155   -17.69   13.38
  11346.553    50.971   -24.99   12.46
  11714.105    44.996   -16.26   10.25
  12081.752    44.955    -0.11   10.17
  12449.495    46.850     5.15   10.20
  12817.334    51.113    11.59    9.25
  13185.269    52.918     4.90    7.99
  13553.300    51.417    -4.08    8.92
  13921.428    45.405   -16.33   11.62
  14289.652    35.246   -27.59   16.21
  14657.973    26.858   -22.77   16.20
  15026.390    21.800   -13.73   12.95
  15394.903    23.024     3.32   14.42
  15763.514    37.034    38.01   17.50
  16132.221    46.017    24.36   15.06
  16501.025    48.264     6.09   12.66
  16869.926    47.594    -1.82   11.34
  17238.923    46.188    -3.81    8.65
  17608.018    44.163    -5.49    4.98
  17977.211    46.332     5.87    6.25
  18346.500    50.363    10.92    7.21
  18715.886    54.098    10.11    9.23
  19085.370    62.060    21.55   11.32
  19454.952    71.675    26.02   13.53
  19824.631    82.000    27.93   12.63
  20194.407    88.644    17.97   10.42
  20564.282    88.957     0.84   10.34
  20934.254    83.963   -13.50   11.72
  21304.324    77.648   -17.07    8.76
  21674.491    73.485   -11.24    6.42
  22044.757    72.470    -2.74    6.74
  22415.121    73.016     1.47    7.67
  22785.583    76.507     9.42    9.08
  23156.144    82.076    15.03   10.02
  23526.802    85.686     9.74   11.01
  23897.559    85.917     0.62   10.68
  24268.415    81.441   -12.07   12.72
  24639.369    75.219   -16.77   13.65
  25010.421    67.775   -20.06    9.39
  25381.573    65.123    -7.15    8.67
  25752.823    61.202   -10.56    7.99
  26124.172    58.542    -7.16    7.20
  26495.620    59.098     1.50    7.48
  26867.167    59.918     2.21    7.86
  27238.813    59.887    -0.08    8.89
  27610.559    59.571    -0.85    9.07
  27982.403    60.392     2.21   10.37
  28354.347    59.343    -2.82   11.30
  28726.391    58.423    -2.47   12.69
  29098.534    56.435    -5.34   12.10
  29470.776    54.923    -4.06   10.96
  29843.119    51.371    -9.54   10.73
  30215.561    48.776    -6.97   10.86
  30588.102    47.909    -2.33   12.75
  30960.744    48.475     1.52   15.21
  31333.486    52.121     9.78   16.09
  31706.328    54.010     5.07   15.23
  32079.270    57.367     9.00   12.67
  32452.312    58.048     1.83   12.20
  32825.454    56.289    -4.72   12.59
  33198.697    54.215    -5.56   13.11
  33572.041    51.993    -5.95   12.06
  33945.485    50.566    -3.82   10.82
  34319.030    48.699    -5.00    9.61
  34692.675    46.521    -5.83    8.26
  35066.421    41.084   -14.55    7.84
  35440.268    36.769   -11.54    9.65
  35814.216    37.328     1.49   11.04
  36188.266    40.576     8.69   11.51
  36562.416    45.979    14.44    9.98
  36936.667    50.769    12.80    4.75
  37311.020    49.754    -2.71    4.63
  37685.475    47.060    -7.19    6.43
  38060.030    43.156   -10.42    9.23
  38434.688    36.441   -17.92   14.17
  38809.447    30.754   -15.18   14.62
  39184.307    27.411    -8.92   11.86
  39559.270    28.070     1.76   10.90
  39934.334    29.904     4.89   11.48
  40309.500    31.402     3.99   11.06
  40684.769    30.716    -1.83   10.12
  41060.139    29.048    -4.44    9.13
  41435.612    31.297     5.99   12.53
  41811.187    36.746    14.51   17.37
  42186.865    42.566    15.49   17.97
  42562.645    49.480    18.40   12.96
  42938.527    53.000     9.37   10.48
  43314.512    54.514     4.02    9.81
  43690.600    53.870    -1.71    9.45
  44066.791    52.189    -4.47    9.69
  44443.085    51.602    -1.56    8.78
  44819.481    46.355   -13.94    8.63
  45195.981    44.066    -6.08   10.16
  45572.584    44.216     0.40   11.52
  45949.290    41.409    -7.45   11.34
  46326.100    43.131     4.57   10.63
  46703.013    45.957     7.50   11.80
  47080.029    52.304    16.84   12.79
  47457.149    62.297    26.50   13.51
  47834.373    69.911    20.19   12.15
  48211.700    74.746    12.81   11.13
  48589.131    77.669     7.74   10.55
  48966.667    79.523     4.91   12.27
  49344.306    77.121    -6.36   12.07
  49722.049    74.292    -7.49   13.21
  50099.897    67.382   -18.29   13.20
  50477.848    62.131   -13.89    8.41
  50855.905    61.866    -0.70    8.55
  51234.065    66.464    12.16   11.38
  51612.330    73.855    19.54   11.24
  51990.700    79.972    16.17   10.64
  52369.175    82.234     5.98    9.91
  52747.754    88.579    16.76   11.65
  53126.438    91.134     6.75   11.13
  53505.227    90.847    -0.76   11.03
  53884.122    90.281    -1.50   11.16
  54263.121    86.961    -8.76    9.70
  54642.226    87.371     1.08   10.07
  55021.436    89.358     5.24   10.65
  55400.751    89.095    -0.69    9.51
  55780.172    87.583    -3.98    8.23
  56159.699    88.227     1.70    9.02
  56539.331    96.036    20.57   14.68
  56919.069   107.892    31.22   15.88
  57298.912   116.385    22.36   12.15
  57678.862   120.721    11.41   12.73
  58058.918   122.228     3.96   13.60
  58439.080   120.205    -5.32   13.62
  58819.348   115.285   -12.94   13.50
  59199.723   110.485   -12.62   12.94
  59580.203   106.254   -11.12    9.57
  59960.791   105.247    -2.65    7.22
  60341.485   105.115    -0.35    8.14
  60722.285   102.008    -8.16   13.05
  61103.193    98.355    -9.59   15.54
  61484.207    92.010   -16.65   14.49
  61865.328    89.973    -5.34   11.85
  62246.556    88.907    -2.80    8.73
  62627.891    90.281     3.60    7.54
  63009.334    90.918     1.67    6.82
  63390.884    90.116    -2.10    5.74
  63772.541    88.240    -4.92    4.82
  64154.305    85.451    -7.31    4.48
  64536.178    83.625    -4.78    3.90
  64918.158    83.285    -0.89    3.70
  65300.245    83.623     0.89    5.02
  65682.441    84.172     1.43    4.60
  66064.744    84.070    -0.27    4.27
  66447.156    82.545    -3.99    5.59
  66829.675    80.257    -5.98    7.91
  67212.303    78.680    -4.12    8.36
  67595.039    78.845     0.43    8.70
  67977.883    83.784    12.90   11.29
  68360.836    92.602    23.03   15.68
  68739.194   102.906    27.23   15.81
  69102.103   114.047    30.70   13.65
  69465.106   123.270    25.41   11.93
  69828.202   131.163    21.74   10.56
  70191.393   137.400    17.18    8.52
  70554.677   140.882     9.59    5.73
  70918.056   141.207     0.89    5.10
  71281.529   135.216   -16.48   11.50
  71645.096   126.915   -22.83   13.48
  72008.757   117.477   -25.95   12.76
  72372.513   109.176   -22.82    9.97
  72736.363   103.251   -16.29    9.27
  73100.308    97.600   -15.53    8.51
  73464.347    93.381   -11.59    8.12
  73828.481    91.522    -5.11    8.10
  74192.710    90.066    -4.00    7.69
  74557.034    87.147    -8.01    8.17
  74921.452    85.349    -4.93    7.95
  75285.966    83.487    -5.11    7.53
  75650.574    80.978    -6.88    7.92
  76015.278    80.045    -2.56    7.74
  76380.077    83.442     9.31   11.51
  76744.972    92.777    25.58   20.22
  77109.961   105.661    35.30   20.91
  77475.046   113.166    20.56   15.58
  77840.227   112.300    -2.37   17.13
  78205.503   101.439   -29.74   19.70
  78570.875    91.823   -26.32   15.17
  78936.343    85.400   -17.57   10.81
  79301.906    82.070    -9.11    6.19
  79667.566    81.944    -0.34    4.79
  80033.321    82.793     2.32    5.77
  80399.173    84.722     5.27    6.87
  80765.120    83.929    -2.17    7.03
  81131.164    80.454    -9.49    8.70
  81497.304    73.584   -18.76   11.89
  81863.541    67.406   -16.87   12.20
  82229.874    61.600   -15.85   11.45
  82596.303    57.352   -11.59   11.14
  82962.829    52.619   -12.92    9.90
  83329.452    48.823   -10.35    7.40
  83696.172    45.721    -8.46    6.33
  84062.988    44.913    -2.20    7.92
  84429.901    42.816    -5.72    9.24
  84796.912    40.075    -7.47    9.81
  85164.019    35.808   -11.62    7.41
  85531.223    34.012    -4.89    5.03
  85898.525    34.505     1.34    5.78
  86265.924    35.612     3.01    5.45
  86633.421    36.656     2.84    4.60
  87001.015    37.645     2.69    3.03
  87368.706    38.181     1.46    2.98
  87736.495    37.919    -0.71    3.14
  88104.382    37.251    -1.82    2.75
  88472.366    36.171    -2.94    3.77
  88840.449    35.838    -0.90    5.23
  89208.629    35.620    -0.59    6.64
  89576.908    35.567    -0.14    6.81
  89945.284    36.011     1.20    6.95
  90313.759    36.548     1.46    7.82
  90682.332    37.439     2.42    9.39
  91051.003    39.417     5.36   11.93
  91419.773    39.897     1.30   14.38
  91788.641    38.221    -4.54   18.01
  92157.607    35.331    -7.84   18.08
  92526.673    31.534   -10.29   14.72
  92895.837    30.364    -3.17   11.17
  93265.100    28.762    -4.34    8.77
  93634.462    28.026    -1.99    5.77
  94003.923    33.141    13.85   11.86
  94373.483    40.187    19.07   17.38
  94743.142    49.905    26.29   18.27
  95112.900    56.612    18.14   16.92
  95482.758    60.054     9.31   15.14
  95852.715    62.937     7.79   12.23
  96222.771    66.554     9.77   12.93
  96592.927    70.230     9.93   12.69
  96963.183    72.486     6.09   10.88
  97333.538    73.267     2.11   11.75
  97703.993    72.186    -2.92   13.39
  98074.548    70.737    -3.91   15.22
  98445.203    70.912     0.47   18.23
  98815.958    70.079    -2.25   19.89
  99186.813    69.746    -0.90   22.77
  99557.769    65.300   -11.98   24.72
  99928.824    59.006   -16.96   24.02
 100299.980    54.410   -12.39   17.91
 100671.237    53.740    -1.80   14.10
 101042.594    57.545    10.25   15.12
 101414.052    63.672    16.50   17.35
 101785.610    65.921     6.05   20.05
 102157.269    63.832    -5.62   21.25
 102529.029    61.139    -7.24   18.83
 102900.890    60.199    -2.53   15.40
 103272.852    60.640     1.19   13.14
 103644.915    59.394    -3.35   14.12
 104017.079    58.390    -2.70   15.85
 104389.345    57.470    -2.47   18.25
 104761.712    59.808     6.28   19.20
 105134.180    61.724     5.14   18.87
 105506.750    64.320     6.97   19.37
 105879.422    63.058    -3.39   20.43
 106252.195    60.177    -7.73   20.48
 106625.070    56.823    -9.00   19.42
 106998.047    53.030   -10.17   19.63
 107371.126    49.262   -10.10   18.84
 107744.307    46.185    -8.25   15.45
 108117.591    43.547    -7.07   11.96
 108490.976    42.708    -2.25    8.72
 108864.463    43.079     0.99    5.93
 109238.054    44.033     2.56    5.77
 109611.746    44.296     0.70    6.06
 109985.541    45.233     2.51    6.30
 110359.439    45.612     1.01    6.61
 110733.439    45.296    -0.84    7.73
 111107.543    45.082    -0.57    8.76
 111481.749    42.450    -7.03    9.65
 111856.058    36.855   -14.95    8.20
 112230.470    31.957   -13.08    5.44
 112604.985    29.693    -6.05    3.37
 112979.604    29.185    -1.36    2.69
 113354.326    29.867     1.82    3.56
 113729.151    31.562     4.52    4.58
 114104.080    34.554     7.98    6.19
 114479.113    38.615    10.83    6.39
 114854.249    43.163    12.12    5.87
 115229.489    48.606    14.51    9.10
 115604.833    53.106    11.99   10.76
 115980.280    58.621    14.69    9.85
 116355.832    61.860     8.63    8.06
 116731.488    60.778    -2.88    8.55
 117107.248    55.695   -13.53    8.87
 117483.113    51.356   -11.55    8.36
 117859.081    48.320    -8.08    6.02
 118235.155    47.153    -3.10    4.14
 118611.332    47.386     0.62    3.71
 118987.615    48.681     3.44    5.62
 119364.002    51.927     8.62    8.30
 119740.494    57.648    15.19   10.28
 120117.091    63.493    15.52    9.68
 120493.793    68.609    13.58    9.51
 120870.600    73.365    12.62    9.79
 121247.512    78.718    14.20    8.82
 121624.529    83.763    13.38    8.05
 122001.652    87.880    10.92    8.61
 122378.880    93.823    15.76    9.57
 122756.214    98.289    11.84    7.25
 123133.654   102.273    10.56    6.56
 123511.199   104.186     5.07    8.78
 123888.850   105.014     2.19   10.61
 124266.606   104.770    -0.65   10.14
 124644.469   104.594    -0.46    9.22
 125022.438   101.911    -7.10    8.72
 125400.513   102.733     2.17    9.94
 125778.695   105.196     6.51   10.58
 126156.982   110.527    14.09   12.18
 126535.376   116.600    16.05   11.42
 126913.877   120.770    11.02    8.97
 127292.484   124.047     8.66    5.64
 127671.198   123.956    -0.24    5.03
 128050.019   121.237    -7.18    5.12
 128428.947   117.511    -9.83    5.53
 128807.981   113.755    -9.91    6.07
 129187.123   109.708   -10.67    5.88
 129566.372   107.124    -6.81    5.53
 129945.728   106.416    -1.87    5.52
 130325.191   110.741    11.40   10.73
 130704.762   117.023    16.55   13.08
 131084.441   123.692    17.57   10.00
 131464.227   125.252     4.11    6.94
 131844.121   121.861    -8.93    8.11
 132224.122   115.778   -16.01    7.79
 132604.232   111.719   -10.68    7.48
 132984.450   109.221    -6.57    7.10
 133364.775   109.437     0.57    7.45
 133745.209   108.368    -2.81    7.38
 134125.751   106.588    -4.68    7.11
 134506.402   103.506    -8.10    6.06
 134887.161   101.678    -4.80    4.90
 135268.028   101.223    -1.20    5.56
 135649.004   101.668     1.17    6.41
 136030.089   103.960     6.02    9.00
 136411.283   107.425     9.09   11.37
 136792.586   110.937     9.21   11.77
 137173.997   114.164     8.46   10.09
 137555.518   114.499     0.88    9.56
 137937.148   113.500    -2.62   10.80
 138318.888   114.082     1.52   12.74
 138700.736   115.823     4.56   13.20
 139082.695   117.259     3.76   12.09
 139464.763   117.617     0.94   10.58
 139846.940   115.237    -6.23    9.07
 140229.228   114.300    -2.45    7.44
 140611.625   113.925    -0.98    5.62
 140994.132   113.550    -0.98    4.49
 141376.749   112.617    -2.44    5.25
 141759.477   109.954    -6.96    5.85
 142142.315   105.734   -11.03    6.03
 142525.263   101.260   -11.68    5.83
 142908.321    97.123   -10.80    4.89
 143291.491    96.019    -2.88    4.23
 143659.055    96.853     2.27    4.86
 144021.856    97.725     2.40    6.46
 144384.751    97.778     0.15    6.78
 144747.741    96.126    -4.55    6.27
 145110.827    93.126    -8.26    4.60
 145474.008    90.823    -6.34    4.97
 145837.285    89.195    -4.48    4.34
 146200.656    87.402    -4.93    2.89
 146564.124    86.800    -1.66    2.38
 146927.687    87.499     1.92    2.73
 147291.345    86.852    -1.78    3.42
 147655.099    85.564    -3.54    5.33
 148018.950    84.131    -3.94    6.72
 148382.896    82.528    -4.40    6.63
 148746.938    83.234     1.94    7.13
 149111.076    85.873     7.25    7.59
 149475.310    90.435    12.53    7.30
 149839.640    94.330    10.69    5.29
 150204.067    95.672     3.68    3.56
 150568.590    95.587    -0.23    2.59
 150933.209    94.519    -2.93    3.38
 151297.925    93.211    -3.59    4.64
 151662.738    90.704    -6.87    6.37
 152027.647    86.661   -11.08    8.90
 152392.653    85.165    -4.10    8.90
 152757.756    86.524     3.72   11.10
 153122.956    88.428     5.21   11.79
 153488.253    90.472     5.60    9.37
 153853.647    89.571    -2.47    7.89
 154219.138    87.721    -5.06    5.55
 154584.726    88.149     1.17    5.57
 154950.412    93.972    15.93   10.60
 155316.195   104.518    28.83   15.23
 155682.075   117.624    35.82   17.34
 156048.053   131.685    38.42   16.80
 156414.129   143.126    31.26   13.46
 156780.302   149.416    17.18    9.32
 157146.573   150.871     3.97    6.68
 157512.942   149.808    -2.90    5.33
 157879.409   148.019    -4.88    4.87
 158245.974   146.770    -3.41    5.49
 158612.637   146.069    -1.91    6.50
 158979.399   143.684    -6.50    8.11
 159346.258   139.786   -10.63    9.89
 159713.216   133.672   -16.66   11.42
 160080.273   125.734   -21.63   11.02
 160447.428   116.756   -24.45   11.09
 160814.681   106.652   -27.52   12.89
 161182.033    95.511   -30.33   13.01
 161549.484    86.264   -25.17   11.64
 161917.034    78.002   -22.48    9.30
 162284.683    74.654    -9.11    8.35
 162652.431    73.380    -3.47    7.63
 163020.278    74.262     2.40    5.97
 163388.224    74.631     1.00    5.11
 163756.269    73.612    -2.77    8.67
 164124.414    73.357    -0.69   13.26
 164492.658    71.652    -4.63   14.51
 164861.001    68.895    -7.49   13.71
 165229.444    66.352    -6.90   11.15
 165597.987    62.476   -10.52    7.95
 165966.630    59.270    -8.70    7.67
