# NaN NaN NaN ;Mean Elev.(m), Avg Gradient(m/km), RMS Gradient(m/km) - SRTM1     
#  -19.490  -2.966   8.315 ;Mean Elev.(m), Avg Gradient(m/km), RMS Gradient(m/km) - ASTER GDEM
#    1.159  -3.244   7.218 ;Mean Elev.(m), Avg Gradient(m/km), RMS Gradient(m/km) - GMTED2010 
  6     5.725 52437.20829290 48.37 103.114916  72.381523 28.758
  6     5.650 52437.20829354 49.76 103.109336  72.378623 28.758
  6     5.712 52437.20829419 50.30 103.103756  72.375733 28.758
  6     5.678 52437.20829483 51.30 103.098186  72.372843 28.758
  6     5.586 52437.20829548 52.15 103.092616  72.369953 28.758
  6     5.557 52437.20829612 52.07 103.087046  72.367063 28.758
  6     5.648 52437.20829677 52.55 103.081480  72.364170 46.232
  6     5.566 52437.20829741 52.24 103.075910  72.361280 46.232
  6     5.653 52437.20829805 51.82 103.070350  72.358390 46.232
  6     5.611 52437.20829870 50.70 103.064790  72.355500 46.232
  6     5.606 52437.20829934 52.14 103.059230  72.352610 46.232
  6     5.653 52437.20829999 51.47 103.053670  72.349720 46.232
  6     5.609 52437.20830063 52.25 103.048110  72.346820 46.232
  7     4.370 52472.20829444 19.72 103.110911  72.380190  9.838
  7     3.389 52472.20829508 19.94 103.105341  72.377300  9.838
  7     4.060 52472.20829573 17.66 103.099771  72.374410  9.838
  7     3.855 52472.20829637 16.58 103.094201  72.371520  9.838
  7     3.471 52472.20829702 16.31 103.088623  72.368628 16.022
  7     3.258 52472.20829766 16.93 103.083063  72.365738 16.022
  7     3.434 52472.20829831 17.07 103.077493  72.362848 16.022
  7     1.573 52472.20829895 20.26 103.071933  72.359958 16.022
  7     1.182 52472.20829960 23.56 103.066363  72.357068 16.022
  7     3.395 52472.20830024 16.43 103.060803  72.354178 16.022
  7     4.222 52472.20830089 16.51 103.055243  72.351278 16.022
  7     4.350 52472.20830153 15.35 103.049693  72.348388 16.022
  8   -10.743 52507.20826958 22.43 103.108897  72.380188 12.426
  8   -10.267 52507.20827023 19.63 103.103317  72.377298 12.426
  8    -9.420 52507.20827087 17.98 103.097747  72.374408 12.426
  8    -9.744 52507.20827151 18.07 103.092174  72.371515 18.564
  8    -9.998 52507.20827216 19.69 103.086604  72.368625 18.564
  8   -10.475 52507.20827280 19.66 103.081044  72.365735 18.564
  8   -12.375 52507.20827345 22.90 103.075474  72.362845 18.564
  8   -12.346 52507.20827409 25.56 103.069914  72.359955 18.564
  8   -12.199 52507.20827474 25.88 103.064354  72.357065 18.564
  8   -10.442 52507.20827538 18.87 103.058794  72.354165 18.564
  8   -10.806 52507.20827603 17.81 103.053234  72.351275 18.564
  8    -9.598 52507.20827667 18.20 103.047674  72.348385 18.564
  9    -0.197 52542.20825758 35.60 103.087023  72.350418 21.871
  9     0.509 52542.20825823 42.83 103.081463  72.347518 21.871
  9    -0.391 52542.20825887 42.35 103.075903  72.344628 21.871
  9    -0.450 52542.20825952 48.56 103.070343  72.341738 21.871
  9    -0.443 52542.20826016 51.40 103.064793  72.338848 21.871
  9    -0.118 52542.20826081 40.76 103.059233  72.335958 21.871
  9    -0.572 52542.20826145 41.82 103.053683  72.333058 21.871
 10     3.617 52577.20830233 18.17 103.112551  72.377804  2.931
 10     3.148 52577.20830297 18.38 103.106971  72.374914  2.931
 10     3.146 52577.20830362 18.57 103.101401  72.372024  2.931
 10     3.449 52577.20830426 17.47 103.095831  72.369134  2.931
 10     3.387 52577.20830491 18.25 103.090261  72.366244  2.931
 10     3.051 52577.20830555 18.37 103.084691  72.363354  2.931
 10     3.134 52577.20830620 18.99 103.079131  72.360464  2.931
 10     3.046 52577.20830684 19.18 103.073561  72.357574  2.931
 10     2.624 52577.20830748 19.78 103.068001  72.354674  2.931
 10     3.019 52577.20830813 18.80 103.062441  72.351784  2.931
 10     3.045 52577.20830877 18.36 103.056881  72.348894  2.931
 10     3.279 52577.20830942 17.95 103.051321  72.346004  2.931
 10     3.379 52577.20831006 17.95 103.045771  72.343114  2.931
 11     3.571 52612.20826595 14.95 103.103093  72.379433  2.076
 11     3.001 52612.20826660 15.37 103.097513  72.376543  2.076
 11     3.588 52612.20826724 14.54 103.091953  72.373653  2.076
 11     3.489 52612.20826788 14.43 103.086383  72.370763  2.076
 11     3.390 52612.20826853 14.33 103.080813  72.367873  2.076
 11     3.462 52612.20826917 14.20 103.075243  72.364983  2.076
 11     3.281 52612.20826982 14.45 103.069683  72.362083  2.076
 11     3.576 52612.20827046 14.22 103.064123  72.359193  2.076
 11     3.889 52612.20827111 14.64 103.058553  72.356303  2.076
 12     2.564 52647.20825374 10.88 103.093511  72.363075  2.007
 12     2.034 52647.20825439 10.63 103.087951  72.360185  2.007
 12     2.388 52647.20825503 10.83 103.082381  72.357285  2.007
 12     1.870 52647.20825568 10.84 103.076821  72.354395  2.007
 12     2.685 52647.20825632 10.62 103.071261  72.351505  2.007
 12     2.102 52647.20825697 10.65 103.065701  72.348615  2.007
 12     2.498 52647.20825761 10.73 103.060141  72.345725  2.007
 12     2.980 52647.20825826 10.58 103.054591  72.342835  2.007
 12     2.165 52647.20825890 10.63 103.049031  72.339935  2.007
 13     3.036 52682.20822120 10.00 103.112463  72.378397  2.056
 13     2.990 52682.20822184 10.28 103.106893  72.375507  2.056
 13     2.427 52682.20822249 10.24 103.101323  72.372617  2.056
 13     3.081 52682.20822313  9.61 103.095753  72.369717  2.056
 13     3.391 52682.20822378  9.54 103.090183  72.366827  2.056
 13     3.301 52682.20822442  9.39 103.084613  72.363937  2.056
 13     2.628 52682.20822507  9.37 103.079053  72.361047  2.056
 13     3.028 52682.20822571  9.74 103.073493  72.358157  2.056
 13     3.073 52682.20822636  9.70 103.067933  72.355267  2.056
 13     3.056 52682.20822700  9.35 103.062373  72.352367  2.056
 13     3.169 52682.20822764  9.34 103.056813  72.349477  2.056
 13     3.504 52682.20822829  9.19 103.051263  72.346587  2.056
 13     3.261 52682.20822893  9.38 103.045703  72.343697  2.056
 14     3.580 52717.20828245  8.97 103.097975  72.367145  2.508
 14     2.929 52717.20828309  9.17 103.092405  72.364255  2.508
 14     2.943 52717.20828373  9.07 103.086845  72.361365  2.508
 14     3.162 52717.20828438  8.84 103.081275  72.358475  2.508
 14     2.853 52717.20828502  8.49 103.075715  72.355585  2.508
 14     2.810 52717.20828567  9.09 103.070155  72.352695  2.508
 14     2.795 52717.20828631  8.99 103.064595  72.349805  2.508
 14     2.843 52717.20828696  9.01 103.059035  72.346905  2.508
 14     3.099 52717.20828760  8.93 103.053475  72.344015  2.508
 14     2.843 52717.20828825  9.24 103.047924  72.341123  2.068
 15     3.785 52752.20830681  8.33 103.080978  72.375065  2.783
 15     3.380 52752.20830745  8.02 103.075408  72.372175  2.783
 15     3.493 52752.20830810  8.00 103.069846  72.369277  1.744
 15     2.929 52752.20830874  7.63 103.064276  72.366387  1.744
 15     3.362 52752.20830939  8.02 103.058716  72.363497  1.744
 16     4.983 52787.20825562  8.15 103.085668  72.350724  3.750
 16     2.994 52787.20825626  8.69 103.080098  72.347834  3.750
 16     1.957 52787.20825690  9.65 103.074538  72.344944  3.750
 16     0.834 52787.20825755 10.92 103.068978  72.342044  3.750
 16     1.030 52787.20825819 13.07 103.063428  72.339154  3.750
 16     1.726 52787.20825884 12.08 103.057868  72.336264  3.750
 16     1.876 52787.20825948 12.41 103.052318  72.333374  3.750
 17     4.531 52822.20832737 22.52 103.088223  72.355638 22.016
 17     4.623 52822.20832801 19.67 103.082653  72.352748 22.016
 17     4.654 52822.20832866 17.99 103.077093  72.349858 22.016
 17     3.945 52822.20832930 21.17 103.071533  72.346968 22.016
 17     3.396 52822.20832995 20.83 103.065973  72.344078 22.016
 17     2.520 52822.20833059 22.81 103.060423  72.341188 22.016
 17     2.350 52822.20833124 25.29 103.054863  72.338288 22.016
 18     4.151 52857.20837390 19.02 103.090535  72.358507 19.538
 18     4.038 52857.20837455 16.65 103.084980  72.355620 20.094
 18     2.993 52857.20837519 17.17 103.079410  72.352720 20.094
 18     0.412 52857.20837584 19.86 103.073850  72.349830 20.094
 18     0.411 52857.20837648 22.61 103.068290  72.346940 20.094
 18     0.672 52857.20837713 25.45 103.062740  72.344050 20.094
 18     0.777 52857.20837777 26.23 103.057180  72.341160 20.094
 18     0.748 52857.20837842 27.98 103.051630  72.338260 20.094
 19     3.604 52892.20840486 21.18 103.087669  72.366187 11.497
 19     3.469 52892.20840551 22.03 103.082109  72.363297 11.497
 19     3.253 52892.20840615 22.71 103.076539  72.360407 11.497
 19     1.498 52892.20840680 25.67 103.070979  72.357516 22.558
 19     2.521 52892.20840744 22.60 103.065419  72.354626 22.558
 19     3.500 52892.20840809 20.89 103.059859  72.351726 22.558
 19     1.238 52892.20840873 24.51 103.054299  72.348836 22.558
 19     1.636 52892.20840938 24.97 103.048739  72.345946 22.558
 21     0.471 52962.20832950 20.19 103.084831  72.349339  3.207
 21     0.348 52962.20833014 21.20 103.079271  72.346449  3.207
 21     0.836 52962.20833079 20.91 103.073721  72.343559  3.207
 21     0.851 52962.20833143 20.71 103.068161  72.340669  3.207
 21     1.171 52962.20833208 20.33 103.062601  72.337779  3.207
 21     2.306 52962.20833272 20.29 103.057051  72.334879  3.207
 21     2.851 52962.20833336 19.84 103.051501  72.331989  3.207
 22     3.359 52997.20836536 17.00 103.116997  72.380432  3.186
 22     2.957 52997.20836600 17.39 103.111417  72.377542  3.186
 22     2.907 52997.20836665 17.24 103.105847  72.374652  3.186
 22     2.933 52997.20836729 17.31 103.100267  72.371762  3.186
 22     3.463 52997.20836794 17.23 103.094697  72.368862  3.186
 22     3.152 52997.20836858 18.24 103.089137  72.365972  3.186
 22     2.320 52997.20836923 18.39 103.083567  72.363082  3.186
 22     3.377 52997.20836987 17.61 103.077997  72.360192  3.186
 22     3.030 52997.20837052 18.29 103.072437  72.357302  3.186
 22     2.915 52997.20837116 18.33 103.066877  72.354412  3.186
 22     2.617 52997.20837181 19.33 103.061317  72.351522  3.186
 22     2.665 52997.20837245 18.42 103.055757  72.348622  3.186
 22     3.346 52997.20837310 18.10 103.050197  72.345732  3.186
 23     3.958 53032.20832547 13.51 103.085525  72.374886  2.544
 23     4.046 53032.20832612 13.78 103.079955  72.371996  2.544
 23     3.969 53032.20832676 13.50 103.074395  72.369106  2.544
 23     4.451 53032.20832741 13.00 103.068825  72.366206  2.544
 23     4.311 53032.20832805 13.69 103.063265  72.363316  2.544
 23     4.900 53032.20832870 13.90 103.057705  72.360426  2.544
 24     2.694 53067.20833797 16.47 103.091539  72.362094  3.680
 24     2.807 53067.20833861 15.81 103.085969  72.359204  3.680
 24     3.244 53067.20833926 16.36 103.080409  72.356314  3.680
 24     2.378 53067.20833990 17.03 103.074849  72.353424  3.680
 24     2.354 53067.20834055 17.16 103.069289  72.350534  3.680
 24     2.483 53067.20834119 16.94 103.063729  72.347644  3.680
 24     2.594 53067.20834184 17.48 103.058169  72.344744  3.680
 24     1.279 53067.20834248 20.29 103.052619  72.341854  3.680
 24     2.304 53067.20834313 17.85 103.047059  72.338964  3.680
 25     3.660 53102.20832996 15.35 103.081661  72.375196  3.568
 25     4.253 53102.20833060 13.99 103.076091  72.372306  3.568
 25     3.910 53102.20833125 14.61 103.070531  72.369416  3.568
 25     4.109 53102.20833189 14.16 103.064961  72.366516  3.568
 25     4.424 53102.20833254 14.83 103.059401  72.363626  3.568
 26     2.956 53137.20834142 12.28 103.088214  72.357783  2.475
 26     2.227 53137.20834206 12.61 103.082654  72.354893  2.475
 26     1.889 53137.20834271 13.63 103.077094  72.352003  2.475
 26     2.050 53137.20834335 13.48 103.071534  72.349113  2.475
 26     1.963 53137.20834400 13.41 103.065974  72.346213  2.475
 26     2.379 53137.20834464 13.23 103.060414  72.343323  2.475
 26     2.144 53137.20834529 13.45 103.054864  72.340433  2.475
 26     2.234 53137.20834593 12.59 103.049307  72.337537  2.286
 27     3.762 53172.20838522 25.18 103.114488  72.376342 14.841
 27     3.877 53172.20838651 26.16 103.103338  72.370562 14.841
 27     3.958 53172.20838716 25.97 103.097768  72.367672 14.841
 27     4.123 53172.20838780 24.34 103.092198  72.364782 14.841
 27     4.217 53172.20838844 24.53 103.086638  72.361892 14.841
 27     4.217 53172.20838909 24.07 103.081068  72.359002 14.841
 27     4.048 53172.20838973 26.11 103.075508  72.356102 14.841
 27     3.723 53172.20839038 26.90 103.069948  72.353212 14.841
 27     3.811 53172.20839102 25.55 103.064388  72.350322 14.841
 27     3.761 53172.20839167 24.31 103.058828  72.347432 14.841
 27     2.964 53172.20839231 26.31 103.053268  72.344542 14.841
 27     2.392 53172.20839296 27.91 103.047718  72.341642 14.841
 28     2.682 53207.20839886 23.17 103.115182  72.381190 14.093
 28     2.619 53207.20839951 22.02 103.109602  72.378300 14.093
 28     3.155 53207.20840015 18.85 103.104032  72.375410 14.093
 28     3.331 53207.20840080 17.50 103.098462  72.372520 14.093
 28     3.443 53207.20840144 16.64 103.092892  72.369630 14.093
 28     3.229 53207.20840208 18.14 103.087322  72.366740 14.093
 28     3.184 53207.20840273 20.12 103.081752  72.363850 14.093
 28     0.796 53207.20840337 23.70 103.076192  72.360950 14.093
 28     0.914 53207.20840402 23.62 103.070632  72.358060 14.093
 28     1.509 53207.20840466 21.61 103.065062  72.355170 14.093
 28     2.186 53207.20840531 18.99 103.059502  72.352280 14.093
 28     3.699 53207.20840595 18.76 103.053952  72.349390 14.093
 28     2.156 53207.20840660 22.21 103.048392  72.346490 14.093
 29     3.077 53242.20836651 25.82 103.112715  72.381809 14.228
 29     2.522 53242.20836716 25.17 103.107145  72.378919 14.228
 29     2.611 53242.20836780 24.96 103.101565  72.376029 14.228
 29     2.926 53242.20836844 23.81 103.095995  72.373139 14.228
 29     3.096 53242.20836909 22.35 103.090425  72.370249 14.228
 29     3.424 53242.20836973 21.78 103.084865  72.367359 14.228
 29     2.906 53242.20837038 24.41 103.079295  72.364469 14.228
 29     2.961 53242.20837102 23.93 103.073735  72.361569 14.228
 29     2.742 53242.20837167 23.53 103.068175  72.358679 14.228
 29     0.306 53242.20837231 26.60 103.062615  72.355789 14.228
 29     0.542 53242.20837296 23.85 103.057055  72.352899 14.228
 29     0.178 53242.20837360 29.50 103.051495  72.350009 14.228
 29     0.426 53242.20837425 32.62 103.045945  72.347109 14.228
 30     3.928 53277.20834529 16.05 103.087580  72.351102 17.985
 30     3.708 53277.20834593 16.75 103.082020  72.348212 17.985
 30     3.801 53277.20834658 18.43 103.076460  72.345312 17.985
 30     0.264 53277.20834722 19.25 103.070900  72.342422 17.985
 30     0.197 53277.20834786 20.78 103.065340  72.339532 17.985
 30     0.114 53277.20834851 29.57 103.059790  72.336642 17.985
 30     0.289 53277.20834915 35.84 103.054230  72.333752 17.985
 31     2.924 53312.20837553 18.21 103.117591  72.379479  4.288
 31     2.723 53312.20837618 18.04 103.112021  72.376589  4.288
 31     2.620 53312.20837682 18.91 103.106451  72.373699  4.288
 31     1.961 53312.20837747 18.53 103.100871  72.370809  4.288
 31     1.962 53312.20837811 19.49 103.095301  72.367919  4.288
 31     1.372 53312.20837876 19.80 103.089741  72.365029  4.288
 31     1.227 53312.20837940 21.12 103.084171  72.362139  4.288
 31     1.294 53312.20838005 21.73 103.078601  72.359249  4.288
 31     1.303 53312.20838069 21.92 103.073041  72.356359  4.288
 31     1.250 53312.20838134 22.05 103.067481  72.353469  4.288
 31     1.257 53312.20838198 21.92 103.061921  72.350569  4.288
 31     1.050 53312.20838263 21.96 103.056361  72.347679  4.288
 31     1.213 53312.20838327 21.05 103.050801  72.344789  4.288
 31     1.499 53312.20838392 20.58 103.045251  72.341899  4.288
 32     3.203 53347.20834089 14.57 103.116821  72.382406  2.900
 32     3.053 53347.20834153 14.53 103.111251  72.379516  2.900
 32     2.956 53347.20834218 14.60 103.105681  72.376626  2.900
 32     2.736 53347.20834282 14.77 103.100101  72.373726  2.900
 32     2.430 53347.20834347 14.52 103.094531  72.370836  2.900
 32     3.190 53347.20834411 14.52 103.088971  72.367946  2.900
 32     2.463 53347.20834475 14.61 103.083401  72.365056  2.900
 32     1.528 53347.20834540 15.51 103.077831  72.362166  2.900
 32     1.866 53347.20834604 15.28 103.072271  72.359276  2.900
 32     2.739 53347.20834669 15.45 103.066711  72.356386  2.900
 32     2.590 53347.20834733 16.38 103.061151  72.353486  2.900
 32     2.983 53347.20834798 15.26 103.055591  72.350596  2.900
 32     3.468 53347.20834862 15.04 103.050041  72.347706  2.900
 33     1.233 53382.20830949 13.32 103.089222  72.352881  2.357
 33     1.088 53382.20831013 13.04 103.083652  72.349991  2.357
 33     0.840 53382.20831078 13.54 103.078092  72.347101  2.357
 33     1.282 53382.20831142 13.77 103.072532  72.344211  2.357
 33     1.411 53382.20831206 13.99 103.066982  72.341321  2.357
 33     1.167 53382.20831271 13.84 103.061422  72.338421  2.357
 33     2.036 53382.20831335 13.61 103.055866  72.335531  2.481
 34     2.879 53417.20832261 11.71 103.098144  72.367180  2.278
 34     2.884 53417.20832325 11.68 103.092574  72.364290  2.278
 34     3.064 53417.20832390 11.42 103.087004  72.361400  2.278
 34     2.934 53417.20832454 11.38 103.081444  72.358510  2.278
 34     2.648 53417.20832519 11.72 103.075884  72.355620  2.278
 34     2.666 53417.20832583 11.75 103.070324  72.352720  2.278
 34     2.709 53417.20832648 11.77 103.064764  72.349830  2.278
 34     3.365 53417.20832712 12.14 103.059204  72.346940  2.278
 34     3.018 53417.20832777 12.00 103.053654  72.344050  2.278
 34     2.735 53417.20832841 11.88 103.048104  72.341160  2.278
 35     1.656 53452.20832639 10.35 103.085077  72.347166  2.083
 35     1.367 53452.20832703 10.72 103.079517  72.344276  2.083
 35     1.330 53452.20832768 10.61 103.073957  72.341386  2.083
 35     1.305 53452.20832832 10.38 103.068397  72.338496  2.083
 35     2.236 53452.20832897 10.42 103.062847  72.335606  2.083
 35     3.169 53452.20832961 10.63 103.057287  72.332706  2.083
 35     3.435 53452.20833026 10.51 103.051737  72.329815  1.968
 36     2.930 53487.20840515 11.46 103.115331  72.380445  2.155
 36     3.396 53487.20840579 10.82 103.109751  72.377555  2.155
 36     2.897 53487.20840644 10.95 103.104181  72.374665  2.155
 36     3.203 53487.20840708 10.71 103.098601  72.371775  2.155
 36     3.588 53487.20840773 10.42 103.093031  72.368885  2.155
 36     3.400 53487.20840837 10.30 103.087461  72.365995  2.155
 36     3.525 53487.20840902 10.03 103.081901  72.363095  2.155
 36     3.380 53487.20840966 10.19 103.076331  72.360205  2.155
 36     3.338 53487.20841031 10.10 103.070771  72.357315  2.155
 36     3.162 53487.20841095 10.10 103.065201  72.354425  2.155
 36     4.259 53487.20841160 10.29 103.059641  72.351535  2.155
 36     4.052 53487.20841224  9.71 103.054081  72.348645  2.155
 36     3.948 53487.20841289  9.69 103.048531  72.345745  2.155
 37     2.840 53522.20839644 25.29 103.116959  72.378989 27.537
 37     2.709 53522.20839708 28.88 103.111379  72.376099 27.537
 37     2.627 53522.20839773 31.86 103.105809  72.373199 27.537
 37     1.707 53522.20839837 36.91 103.100239  72.370309 27.537
 37     3.698 53522.20839901 34.84 103.094669  72.367419 27.537
 37     1.542 53522.20839966 35.84 103.089099  72.364529 27.537
 37     1.611 53522.20840030 36.47 103.083539  72.361639 27.537
 37     1.654 53522.20840095 35.00 103.077969  72.358749 27.537
 37     1.438 53522.20840159 33.37 103.072409  72.355859 27.537
 37     1.543 53522.20840224 30.26 103.066849  72.352959 27.537
 37     1.599 53522.20840288 30.73 103.061289  72.350069 27.537
 37     1.507 53522.20840353 32.75 103.055729  72.347179 27.537
 37     1.595 53522.20840417 36.56 103.050179  72.344289 27.537
 38     2.867 53557.20842609 20.62 103.068246  72.359981 14.075
 38     1.988 53557.20842673 24.25 103.062686  72.357081 14.075
 38     4.793 53557.20842738 18.94 103.057126  72.354191 14.075
 38     4.422 53557.20842867 18.45 103.046006  72.348411 14.075
 39     2.513 53592.20835860 22.01 103.108320  72.379500 12.391
 39     2.977 53592.20835924 18.16 103.102750  72.376610 12.391
 39     3.084 53592.20835989 18.14 103.097180  72.373720 12.391
 39     2.984 53592.20836053 17.79 103.091610  72.370830 12.391
 39     2.970 53592.20836118 17.88 103.086050  72.367940 12.391
 39     3.054 53592.20836182 18.05 103.080480  72.365040 12.391
 39     1.422 53592.20836247 19.58 103.074920  72.362150 12.391
 39     1.368 53592.20836311 22.61 103.069360  72.359260 12.391
 39     1.701 53592.20836376 19.88 103.063800  72.356370 12.391
 39     3.375 53592.20836440 15.39 103.058240  72.353480 12.391
 39     2.454 53592.20836505 16.92 103.052680  72.350580 12.391
 39     4.056 53592.20836569 15.70 103.047130  72.347690 12.391
 40     2.039 53627.20835370 46.51 103.087816  72.353747 28.769
 40     3.340 53627.20835434 48.56 103.082256  72.350857 28.769
 40     2.537 53627.20835499 46.96 103.076696  72.347967 28.769
 40     2.643 53627.20835563 46.04 103.071136  72.345077 28.769
 40     2.079 53627.20835628 47.33 103.065576  72.342187 28.769
 40     2.616 53627.20835692 45.53 103.060016  72.339297 28.769
 40     0.797 53627.20835757 52.23 103.054456  72.336397 28.769
 41     1.888 53662.20837436 24.19 103.115438  72.377020  6.910
 41     2.815 53662.20837501 21.87 103.109858  72.374130  6.910
 41     2.381 53662.20837565 22.42 103.104288  72.371240  6.910
 41     2.370 53662.20837629 22.00 103.098718  72.368350  6.910
 41     1.289 53662.20837694 23.74 103.093148  72.365460  6.910
 41     1.204 53662.20837758 25.14 103.087578  72.362570  6.910
 41     0.784 53662.20837887 28.50 103.076448  72.356780  6.910
 41     1.010 53662.20837952 28.85 103.070888  72.353890  6.910
 41     1.151 53662.20838016 29.35 103.065328  72.351000  6.910
 41     0.931 53662.20838081 29.15 103.059768  72.348110  6.910
 41     0.527 53662.20838145 27.95 103.054208  72.345220  6.910
 41     0.698 53662.20838210 26.20 103.048658  72.342320  6.910
 42     3.321 53697.20834015 16.75 103.105818  72.379628  3.361
 42     3.362 53697.20834080 17.13 103.100248  72.376738  3.361
 42     4.179 53697.20834144 16.68 103.094678  72.373838  3.361
 42     3.602 53697.20834209 16.76 103.089108  72.370948  3.361
 42     3.383 53697.20834273 16.95 103.083538  72.368058  3.361
 42     3.179 53697.20834338 17.23 103.077978  72.365168  3.361
 42     3.000 53697.20834402 17.45 103.072408  72.362278  3.361
 42     1.705 53697.20834467 18.69 103.066848  72.359388  3.361
 42     2.442 53697.20834531 19.20 103.061288  72.356498  3.361
 42     3.070 53697.20834596 19.16 103.055728  72.353598  3.361
 42     2.786 53697.20834660 19.06 103.050168  72.350708  3.361
 43     3.957 53732.20826365 16.72 103.092405  72.376611  2.959
 43     4.587 53732.20826429 16.56 103.086835  72.373721  2.959
 43     4.834 53732.20826494 16.20 103.081265  72.370831  2.959
 43     4.772 53732.20826558 15.97 103.075695  72.367941  2.959
 43     4.767 53732.20826622 16.34 103.070135  72.365041  2.959
 43     4.078 53732.20826687 16.95 103.064575  72.362151  2.959
 43     4.540 53732.20826751 16.76 103.059015  72.359261  2.959
 44     2.866 53767.20824209 12.88 103.089420  72.357685  2.338
 44     2.986 53767.20824273 12.66 103.083860  72.354795  2.338
 44     3.196 53767.20824338 12.48 103.078300  72.351905  2.338
 44     1.903 53767.20824402 12.75 103.072740  72.349015  2.338
 44     2.174 53767.20824467 12.67 103.067180  72.346125  2.338
 44     2.529 53767.20824531 13.00 103.061620  72.343225  2.338
 44     2.137 53767.20824596 12.82 103.056070  72.340335  2.338
 44     2.188 53767.20824660 13.17 103.050510  72.337445  2.338
 45     4.268 53802.20823785 12.88 103.107761  72.381279  2.393
 45     4.210 53802.20823849 12.57 103.102191  72.378379  2.393
 45     4.476 53802.20823914 12.95 103.096621  72.375489  2.393
 45     4.116 53802.20823978 12.83 103.091051  72.372599  2.393
 45     4.320 53802.20824043 12.57 103.085481  72.369709  2.393
 45     4.066 53802.20824107 12.45 103.079921  72.366819  2.393
 45     4.370 53802.20824172 12.12 103.074351  72.363929  2.393
 45     4.029 53802.20824236 12.22 103.068791  72.361039  2.393
 45     3.941 53802.20824301 13.24 103.063231  72.358139  2.393
 45     3.910 53802.20824365 13.34 103.057671  72.355249  2.393
 45     4.463 53802.20824494 12.31 103.046561  72.349469  2.393
 46     1.501 53837.20825417 12.95 103.086064  72.352288  2.457
 46     1.340 53837.20825482 13.04 103.080504  72.349398  2.457
 46     2.212 53837.20825546 12.93 103.074944  72.346498  2.457
 46     1.870 53837.20825611 12.83 103.069384  72.343608  2.457
 46     1.747 53837.20825675 12.89 103.063824  72.340718  2.457
 46     2.040 53837.20825740 12.80 103.058274  72.337828  2.457
 46     2.024 53837.20825804 12.67 103.052714  72.334938  2.457
 47     3.206 53872.20830451 11.45 103.097426  72.366653  2.265
 47     3.119 53872.20830516 11.69 103.091856  72.363763  2.265
 47     3.339 53872.20830580 12.00 103.086286  72.360873  2.265
 47     3.285 53872.20830645 11.63 103.080726  72.357973  2.265
 47     2.948 53872.20830709 11.79 103.075156  72.355083  2.265
 47     2.662 53872.20830774 12.56 103.069596  72.352193  2.265
 47     3.165 53872.20830838 12.05 103.064036  72.349303  2.265
 47     3.437 53872.20830903 11.75 103.058486  72.346413  2.265
 47     3.103 53872.20830967 12.11 103.052926  72.343523  2.265
 47     2.746 53872.20831032 12.49 103.047376  72.340623  2.265
 48     5.644 53907.20834257 22.11 103.113321  72.376997  8.954
 48     5.824 53907.20834837 20.80 103.063221  72.350977  8.954
 48     5.068 53907.20834902 21.20 103.057661  72.348077  8.954
 48     4.956 53907.20834966 21.61 103.052101  72.345187  8.954
 48     4.877 53907.20835031 21.43 103.046541  72.342297  8.954
 49     2.582 53942.20836907 26.62 103.109336  72.381196 15.606
 49     2.472 53942.20836971 22.35 103.103756  72.378296 15.606
 49     2.278 53942.20837036 21.00 103.098186  72.375406 15.606
 49     2.251 53942.20837100 21.53 103.092616  72.372516 15.606
 49     1.999 53942.20837165 21.83 103.087038  72.369625 21.753
 49     1.033 53942.20837229 22.58 103.081468  72.366735 21.753
 49     0.547 53942.20837294 24.14 103.075908  72.363845 21.753
 49     0.816 53942.20837358 25.08 103.070338  72.360955 21.753
 49     1.094 53942.20837422 22.47 103.064778  72.358065 21.753
 49    -0.338 53942.20837487 25.37 103.059218  72.355175 21.753
 49    -0.106 53942.20837551 28.95 103.053658  72.352275 21.753
 49     0.384 53942.20837616 32.13 103.048098  72.349385 21.753
 50     3.621 53977.20832446 23.40 103.087899  72.374954 16.410
 50     1.179 53977.20832511 23.89 103.082329  72.372064 16.410
 50     1.057 53977.20832575 24.29 103.076759  72.369174 16.410
 50     0.849 53977.20832640 27.48 103.071200  72.366282 28.428
 50     1.173 53977.20832704 27.57 103.065630  72.363392 28.428
 50     1.470 53977.20832769 29.47 103.060070  72.360492 28.428
 51     4.186 54012.20833415 18.36 103.086813  72.349815 12.467
 51     4.329 54012.20833479 17.90 103.081253  72.346925 12.467
 51     4.911 54012.20833544 17.50 103.075693  72.344035 12.467
 51     3.446 54012.20833608 19.17 103.070133  72.341135 12.467
 51     2.122 54012.20833673 19.39 103.064573  72.338245 12.467
 51     2.555 54012.20833737 18.59 103.059023  72.335355 12.467
 51     3.319 54012.20833802 19.54 103.053473  72.332465 12.467
 52     0.419 54047.20834399 22.21 103.089846  72.360089  5.474
 52     0.208 54047.20834464 22.35 103.084276  72.357199  5.474
 52     0.238 54047.20834528 23.43 103.078716  72.354309  5.474
 52     0.388 54047.20834593 24.17 103.073156  72.351409  5.474
 52     0.138 54047.20834657 25.05 103.067596  72.348519  5.474
 52     0.560 54047.20834721 23.53 103.062046  72.345629  5.474
 52     0.399 54047.20834786 23.61 103.056486  72.342739  5.474
 52     0.694 54047.20834850 21.80 103.050936  72.339849  5.474
 54     3.168 54117.20826635 12.26 103.080408  72.374418  3.587
 54     3.041 54117.20826700 11.84 103.074848  72.371528  3.587
 54     3.427 54117.20826764 11.87 103.069278  72.368628  3.587
 54     3.814 54117.20826828 11.57 103.063714  72.365739  2.112
 54     3.982 54117.20826893 11.91 103.058154  72.362849  2.112
 55     2.427 54152.20828519 11.43 103.112494  72.377670  3.097
 55     2.740 54152.20828583 11.16 103.106914  72.374790  3.097
 55     2.073 54152.20828648 11.29 103.101344  72.371890  3.097
 55     2.529 54152.20828712 11.44 103.095771  72.369001  2.129
 55     2.403 54152.20828777 11.32 103.090201  72.366111  2.129
 55     2.266 54152.20828841 10.86 103.084641  72.363221  2.129
 55     2.585 54152.20828906 11.02 103.079071  72.360331  2.129
 55     2.551 54152.20828970 11.14 103.073511  72.357441  2.129
 55     2.458 54152.20829035 11.31 103.067951  72.354541  2.129
 55     2.814 54152.20829099 10.98 103.062391  72.351651  2.129
 55     2.405 54152.20829164 10.83 103.056831  72.348761  2.129
 55     3.034 54152.20829228 10.57 103.051271  72.345871  2.129
 55     2.668 54152.20829293 10.81 103.045721  72.342981  2.129
 56     2.176 54187.20825882  9.87 103.091006  72.377530  2.958
 56     2.559 54187.20825947  9.26 103.085436  72.374640  2.958
 56     1.813 54187.20826011  9.50 103.079870  72.371752  1.929
 56     2.447 54187.20826076  9.24 103.074300  72.368852  1.929
 56     2.455 54187.20826140  9.21 103.068740  72.365962  1.929
 56     2.551 54187.20826205  9.30 103.063180  72.363072  1.929
 56     2.449 54187.20826269  9.00 103.057620  72.360182  1.929
 57     4.480 54222.20829778  9.98 103.093725  72.363773  1.759
 57     5.086 54222.20829842 10.26 103.088165  72.360883  1.759
 57     4.504 54222.20829907 10.00 103.082595  72.357993  1.759
 57     4.981 54222.20829971  9.62 103.077035  72.355103  1.759
 57     4.623 54222.20830036 10.04 103.071475  72.352203  1.759
 57     4.505 54222.20830100 10.10 103.065915  72.349313  1.759
 57     4.621 54222.20830164  9.92 103.060355  72.346423  1.759
 57     3.910 54222.20830229 10.09 103.054795  72.343533  1.759
 57     3.876 54222.20830293 10.17 103.049245  72.340643  1.759
 58     4.196 54257.20831976 18.14 103.090471  72.366523 17.417
 58     4.592 54257.20832040 17.10 103.084901  72.363633 17.417
 58     4.166 54257.20832104 17.46 103.079341  72.360743 17.417
 58     4.255 54257.20832169 18.48 103.073771  72.357853 17.417
 58     3.923 54257.20832233 20.63 103.068211  72.354963 17.417
 58     4.084 54257.20832298 19.93 103.062651  72.352073 17.417
 58     4.323 54257.20832362 20.47 103.057091  72.349173 17.417
 58     3.779 54257.20832427 21.91 103.051531  72.346283 17.417
 58     3.694 54257.20832491 22.10 103.045981  72.343393 17.417
 59     3.544 54292.20832118 18.50 103.100229  72.370208 10.980
 59     3.704 54292.20832183 18.63 103.094659  72.367318 18.330
 59     3.843 54292.20832247 18.78 103.089089  72.364428 18.330
 59     3.794 54292.20832311 17.99 103.083529  72.361538 18.330
 59     3.738 54292.20832376 16.93 103.077959  72.358648 18.330
 59     3.636 54292.20832440 16.73 103.072399  72.355758 18.330
 59     3.605 54292.20832505 17.53 103.066839  72.352858 18.330
 59     3.870 54292.20832569 16.75 103.061279  72.349968 18.330
 59     3.682 54292.20832634 18.72 103.055729  72.347078 18.330
 59     2.012 54292.20832698 23.91 103.050169  72.344188 18.330
 60     5.053 54327.20831553 20.59 103.113340  72.380160  8.711
 60     4.340 54327.20831617 21.35 103.107770  72.377270  8.711
 60     4.049 54327.20831682 21.71 103.102190  72.374380  8.711
 60     4.763 54327.20832197 19.17 103.057676  72.351246 18.886
 60     4.353 54327.20832262 18.63 103.052126  72.348356 18.886
 60     4.043 54327.20832326 20.38 103.046566  72.345466 18.886
 62     0.262 54397.20826304 32.70 103.055490  72.344507  9.192
 62     0.369 54397.20826368 31.26 103.049940  72.341617  9.192
 63     2.957 54432.20821547 13.19 103.103409  72.380509  3.094
 63     2.512 54432.20821612 12.97 103.097839  72.377619  3.094
 63     2.392 54432.20821676 13.10 103.092269  72.374726  2.523
 63     2.948 54432.20821741 13.43 103.086699  72.371836  2.523
 63     2.859 54432.20821805 13.53 103.081129  72.368946  2.523
 63     3.097 54432.20821869 13.35 103.075559  72.366056  2.523
 63     2.657 54432.20821934 13.96 103.069999  72.363166  2.523
 63     2.761 54432.20821998 13.90 103.064439  72.360266  2.523
 63     2.819 54432.20822063 14.36 103.058879  72.357376  2.523
 64     2.372 54467.20824133 11.94 103.088223  72.357790  2.444
 64     1.826 54467.20824197 12.39 103.082663  72.354900  2.444
 64     1.744 54467.20824262 12.02 103.077103  72.352010  2.444
 64     1.756 54467.20824326 11.52 103.071543  72.349120  2.444
 64     1.750 54467.20824391 12.35 103.065983  72.346230  2.444
 64     1.472 54467.20824455 12.72 103.060423  72.343330  2.444
 64     1.772 54467.20824520 12.53 103.054873  72.340440  2.444
 64     1.254 54467.20824584 12.12 103.049313  72.337550  2.444
 65     3.099 54502.20822998 10.27 103.108414  72.380849  2.057
 65     3.147 54502.20823063 10.36 103.102834  72.377949  2.057
 65     3.283 54502.20823127 10.09 103.097264  72.375059  2.057
 65     3.510 54502.20823192 10.41 103.091694  72.372169  2.057
 65     3.682 54502.20823256 10.15 103.086124  72.369279  2.057
 65     4.164 54502.20823321  9.91 103.080564  72.366389  2.057
 65     3.157 54502.20823385 10.27 103.074994  72.363499  2.057
 65     3.844 54502.20823450 10.50 103.069434  72.360609  2.057
 65     3.873 54502.20823514 10.02 103.063874  72.357709  2.057
 65     3.652 54502.20823579 10.72 103.058314  72.354819  2.057
 65     4.129 54502.20823708 10.14 103.047194  72.349039  2.057
 66     2.909 54537.20825248  9.62 103.114848  72.378829  2.153
 66     3.072 54537.20825312 10.03 103.109278  72.375939  2.153
 66     2.915 54537.20825377  9.90 103.103698  72.373049  2.153
 66     3.349 54537.20825441  9.77 103.098128  72.370159  2.153
 66     3.681 54537.20825505  9.37 103.092568  72.367259  2.153
 66     3.869 54537.20825570  9.52 103.086998  72.364369  2.153
 66     3.811 54537.20825634  9.61 103.081428  72.361479  2.153
 66     3.226 54537.20825699 10.16 103.075868  72.358589  2.153
 66     2.914 54537.20825763 10.25 103.070308  72.355699  2.153
 66     2.944 54537.20825828 10.08 103.064748  72.352809  2.153
 66     3.421 54537.20825892 10.26 103.059188  72.349919  2.153
 66     3.380 54537.20825957  9.79 103.053628  72.347019  2.153
 66     3.260 54537.20826021  9.83 103.048078  72.344129  2.153
 67     3.382 54572.20823265  9.67 103.094018  72.376819  2.180
 67     3.641 54572.20823329  9.40 103.088448  72.373929  2.180
 67     3.850 54572.20823394  9.33 103.082878  72.371039  2.180
 67     4.247 54572.20823458  9.20 103.077318  72.368149  2.180
 67     4.610 54572.20823523  8.64 103.071748  72.365249  2.180
 67     4.330 54572.20823587  9.18 103.066188  72.362359  2.180
 67     4.724 54572.20823652  9.10 103.060628  72.359469  2.180
 68     4.005 54607.20824587  7.52 103.116180  72.378644  2.135
 68     4.021 54607.20824652  7.20 103.110610  72.375754  2.135
 68     3.875 54607.20824716  7.27 103.105030  72.372864  2.135
 68     3.989 54607.20824781  7.32 103.099460  72.369974  2.135
 68     4.338 54607.20824845  7.35 103.093890  72.367084  2.135
 68     4.180 54607.20824910  7.56 103.088330  72.364184  2.135
 68     4.149 54607.20824974  7.77 103.082760  72.361294  2.135
 68     4.487 54607.20825038  7.33 103.077200  72.358404  2.135
 68     4.282 54607.20825103  7.60 103.071630  72.355514  2.135
 68     4.279 54607.20825167  7.89 103.066070  72.352624  2.135
 68     4.075 54607.20825232  8.04 103.060510  72.349734  2.135
 68     3.849 54607.20825296  8.38 103.054960  72.346834  2.135
 68     3.553 54607.20825361  8.73 103.049400  72.343944  2.135
 69     3.564 54642.20826129 45.23 103.055357  72.350657 19.571
 69     3.681 54642.20826194 39.05 103.049797  72.347757 19.571
 70     3.032 54677.20825692 19.28 103.112013  72.378226 13.809
 70     2.979 54677.20825757 19.48 103.106443  72.375336 13.809
 70     2.847 54677.20825821 20.12 103.100863  72.372446 13.809
 70     3.085 54677.20825885 20.13 103.095293  72.369556 13.809
 70     3.203 54677.20825950 19.79 103.089723  72.366666 13.809
 70     3.322 54677.20826014 20.96 103.084163  72.363766 13.809
 70     1.166 54677.20826079 22.91 103.078593  72.360876 13.809
 70     0.891 54677.20826143 25.99 103.073033  72.357986 13.809
 70     0.969 54677.20826208 24.02 103.067473  72.355096 13.809
 70     1.369 54677.20826272 19.86 103.061913  72.352206 13.809
 70     2.123 54677.20826337 17.24 103.056353  72.349316 13.809
 70     2.090 54677.20826401 18.40 103.050793  72.346416 13.809
 71     4.420 54712.20821266 17.11 103.086166  72.373431 18.628
 71     3.770 54712.20821331 17.66 103.080596  72.370541 18.628
 71     3.290 54712.20821395 18.81 103.075036  72.367651 18.628
 71     3.185 54712.20821459 20.44 103.069466  72.364761 18.628
 71     3.347 54712.20821524 22.57 103.063906  72.361871 18.628
 71     3.392 54712.20821588 24.88 103.058346  72.358971 18.628
 72     3.524 54747.20822562 23.98 103.115890  72.376707  6.540
 72     3.863 54747.20822756 24.03 103.099170  72.368037  6.540
 72     3.332 54747.20822820 24.18 103.093610  72.365137  6.540
 72     3.110 54747.20822885 24.80 103.088040  72.362247  6.540
 72     2.719 54747.20822949 25.73 103.082470  72.359357  6.540
 72     2.523 54747.20823013 26.22 103.076910  72.356467  6.540
 72     2.481 54747.20823078 26.56 103.071350  72.353577  6.540
 72     1.770 54747.20823142 28.21 103.065790  72.350687  6.540
 72     1.598 54747.20823207 28.23 103.060230  72.347797  6.540
 72     1.121 54747.20823271 28.67 103.054670  72.344897  6.540
 72     0.833 54747.20823336 33.95 103.049120  72.342007  6.540
 73     3.283 54782.20819702 14.69 103.111946  72.380204  2.591
 73     3.047 54782.20819767 14.96 103.106366  72.377314  2.591
 73     3.089 54782.20819831 14.79 103.100796  72.374424  2.591
 73     2.900 54782.20819896 14.91 103.095226  72.371534  2.591
 73     2.760 54782.20819960 15.25 103.089656  72.368644  2.591
 73     3.034 54782.20820024 15.69 103.084096  72.365744  2.591
 73     2.324 54782.20820089 15.83 103.078526  72.362854  2.591
 73     1.846 54782.20820153 15.89 103.072966  72.359964  2.591
 73     1.891 54782.20820218 16.32 103.067406  72.357074  2.591
 73     2.770 54782.20820282 15.90 103.061846  72.354184  2.591
 73     2.824 54782.20820347 16.35 103.056286  72.351294  2.591
 73     2.934 54782.20820411 15.88 103.050726  72.348394  2.591
 74     2.293 54817.20822113 11.07 103.094385  72.364187  2.090
 74     2.542 54817.20822178 11.08 103.088815  72.361297  2.090
 74     2.879 54817.20822242 10.69 103.083255  72.358407  2.090
 74     2.182 54817.20822307 11.17 103.077685  72.355517  2.090
 74     2.522 54817.20822371 11.04 103.072125  72.352627  2.090
 74     2.411 54817.20822436 11.01 103.066565  72.349737  2.090
 74     2.310 54817.20822500 11.14 103.061005  72.346847  2.090
 74     3.079 54817.20822565 10.99 103.055455  72.343947  2.090
 74     2.523 54817.20822629 11.37 103.049895  72.341057  2.090
 75     3.255 54852.20819459  9.61 103.109058  72.380263  2.010
 75     2.904 54852.20819523  9.65 103.103488  72.377373  2.010
 75     3.292 54852.20819588  9.54 103.097918  72.374483  2.010
 75     3.248 54852.20819652  9.29 103.092348  72.371593  2.010
 75     3.208 54852.20819716  8.97 103.086778  72.368703  2.010
 75     3.138 54852.20819781  9.18 103.081208  72.365813  2.010
 75     2.903 54852.20819845  9.26 103.075648  72.362913  2.010
 75     3.327 54852.20819910  9.32 103.070078  72.360023  2.010
 75     3.151 54852.20819974  9.23 103.064518  72.357133  2.010
 75     3.574 54852.20820039  9.04 103.058958  72.354243  2.010
 75     3.784 54852.20820103  9.14 103.053408  72.351353  2.010
 75     3.714 54852.20820168  9.10 103.047848  72.348453  2.010
 76     2.443 54887.20822259  8.09 103.114922  72.378415  1.936
 76     3.029 54887.20822323  7.71 103.109352  72.375525  1.936
 76     2.444 54887.20822388  7.71 103.103772  72.372635  1.936
 76     2.220 54887.20822452  7.57 103.098202  72.369745  1.936
 76     2.472 54887.20822517  7.25 103.092632  72.366845  1.936
 76     2.814 54887.20822581  7.32 103.087072  72.363955  1.936
 76     1.757 54887.20822646  7.51 103.081502  72.361065  1.936
 76     2.471 54887.20822710  6.93 103.075942  72.358175  1.936
 76     2.739 54887.20822775  7.42 103.070382  72.355285  1.936
 76     2.668 54887.20822839  7.17 103.064822  72.352395  1.936
 76     3.176 54887.20822904  7.20 103.059262  72.349505  1.936
 76     3.220 54887.20822968  6.95 103.053702  72.346605  1.936
 76     3.226 54887.20823033  7.24 103.048152  72.343715  1.936
 77     3.540 54922.20819717  8.91 103.078420  72.373900  2.157
 77     3.387 54922.20819782  8.65 103.072860  72.371010  2.157
 77     3.796 54922.20819846  8.45 103.067290  72.368120  2.157
 77     3.497 54922.20819911  8.35 103.061730  72.365220  2.157
 77     4.316 54922.20819975  8.08 103.056170  72.362330  2.157
 78     4.932 54957.20822157  7.63 103.095154  72.364721  1.857
 78     4.645 54957.20822222  7.34 103.089594  72.361831  1.857
 78     4.856 54957.20822286  7.27 103.084024  72.358941  1.857
 78     5.185 54957.20822351  7.16 103.078464  72.356051  1.857
 78     4.499 54957.20822415  7.41 103.072904  72.353161  1.857
 78     4.854 54957.20822480  7.01 103.067334  72.350271  1.857
 78     4.610 54957.20822544  7.09 103.061784  72.347381  1.857
 78     4.112 54957.20822608  7.21 103.056224  72.344481  1.857
 78     4.148 54957.20822673  7.05 103.050664  72.341591  1.857
 79     6.066 54992.20824143 23.21 103.114766  72.380086  9.771
 79     5.821 54992.20824208 23.07 103.109196  72.377196  9.771
 79     5.717 54992.20824272 23.12 103.103626  72.374306  9.771
 80     0.727 55027.20823208 37.61 103.112174  72.380555 17.262
 80     0.657 55027.20823272 27.31 103.106594  72.377665 17.262
 80     0.450 55027.20823337 24.59 103.101024  72.374775 17.262
 80     0.196 55027.20823401 23.53 103.095454  72.371885 17.262
 80    -0.136 55027.20823466 23.06 103.089884  72.368995 17.262
 80     0.924 55027.20823530 22.32 103.084324  72.366105 17.262
 80     0.822 55027.20823595 22.35 103.078754  72.363205 17.262
 80     1.061 55027.20823659 21.65 103.073194  72.360315 17.262
 80     1.237 55027.20823724 20.71 103.067634  72.357425 17.262
 80     1.332 55027.20823788 20.45 103.062064  72.354535 17.262
 80     1.202 55027.20823853 19.76 103.056514  72.351645 17.262
 80     2.160 55027.20823917 18.70 103.050954  72.348745 17.262
 81     0.600 55062.20822472 29.32 103.115427  72.380341 18.059
 81     0.244 55062.20822537 25.24 103.109847  72.377451 18.059
 81     1.914 55062.20822601 23.14 103.104277  72.374561 18.059
 81     0.313 55062.20822666 23.11 103.098707  72.371671 18.059
 81     0.351 55062.20822730 20.91 103.093137  72.368781 18.059
 81     0.279 55062.20822794 23.22 103.087567  72.365891 18.059
 81     0.449 55062.20822859 25.33 103.082007  72.362991 18.059
 81     0.669 55062.20822923 24.77 103.076437  72.360101 18.059
 81     0.755 55062.20822988 24.10 103.070877  72.357211 18.059
 81     0.063 55062.20823052 26.88 103.065317  72.354321 18.059
 81     0.010 55062.20823117 25.92 103.059757  72.351431 18.059
 81     0.334 55062.20823181 28.58 103.054197  72.348531 18.059
 81     0.584 55062.20823246 31.71 103.048647  72.345641 18.059
 84     3.126 55167.20813516 22.65 103.111909  72.381621  3.066
 84     3.014 55167.20813581 21.95 103.106339  72.378731  3.066
 84     2.819 55167.20813645 22.30 103.100759  72.375841  3.066
 84     3.184 55167.20813710 21.89 103.095189  72.372951  3.066
 84     2.778 55167.20813774 21.81 103.089619  72.370061  3.066
 84     2.950 55167.20813839 21.78 103.084059  72.367171  3.066
 84     2.719 55167.20813903 21.87 103.078489  72.364281  3.066
 84     2.164 55167.20813968 22.04 103.072929  72.361381  3.066
 84     2.427 55167.20814032 21.70 103.067369  72.358491  3.066
 84     2.926 55167.20814097 21.80 103.061809  72.355601  3.066
 84     3.095 55167.20814161 21.01 103.056249  72.352711  3.066
 84     3.115 55167.20814226 20.66 103.050689  72.349821  3.066
 85     2.486 55202.20816094 20.10 103.115114  72.376443  2.688
 85     3.035 55202.20816287 19.43 103.098394  72.367773  2.688
 85     2.579 55202.20816352 19.58 103.092834  72.364873  2.688
 85     2.424 55202.20816416 19.51 103.087264  72.361983  2.688
 85     2.381 55202.20816481 19.57 103.081694  72.359093  2.688
 85     2.511 55202.20816545 19.37 103.076134  72.356203  2.688
 85     2.309 55202.20816609 19.46 103.070574  72.353313  2.688
 85     2.512 55202.20816674 18.92 103.065014  72.350423  2.688
 85     2.764 55202.20816738 18.63 103.059454  72.347533  2.688
 85     2.744 55202.20816803 18.85 103.053894  72.344633  2.688
 85     2.640 55202.20816867 18.79 103.048344  72.341743  2.688
 86     3.860 55237.20814313 17.61 103.099267  72.378773  2.571
 86     3.783 55237.20814377 17.57 103.093697  72.375883  2.571
 86     3.903 55237.20814442 17.56 103.088127  72.372993  2.571
 86     4.352 55237.20814506 17.22 103.082557  72.370103  2.571
 86     4.069 55237.20814571 17.42 103.076987  72.367213  2.571
 86     3.037 55237.20814635 17.10 103.071427  72.364313  2.571
 86     2.668 55237.20814700 17.34 103.065857  72.361423  2.571
 86     3.877 55237.20814764 17.79 103.060297  72.358533  2.571
 87     3.749 55272.20815430 16.72 103.117344  72.381403  2.596
 87     3.597 55272.20815495 16.35 103.111774  72.378513  2.596
 87     3.264 55272.20815559 16.58 103.106204  72.375623  2.596
 87     3.365 55272.20815624 16.49 103.100624  72.372733  2.596
 87     3.602 55272.20815688 16.30 103.095054  72.369843  2.596
 87     3.613 55272.20815753 16.05 103.089494  72.366943  2.596
 87     3.541 55272.20815817 16.42 103.083924  72.364053  2.596
 87     3.271 55272.20815882 15.80 103.078354  72.361163  2.596
 87     3.192 55272.20815946 16.69 103.072794  72.358273  2.596
 87     3.005 55272.20816011 16.80 103.067234  72.355383  2.596
 87     2.896 55272.20816075 17.26 103.061674  72.352493  2.596
 87     3.270 55272.20816140 16.74 103.056114  72.349593  2.596
 87     3.371 55272.20816204 16.86 103.050564  72.346703  2.596
 88     4.242 55307.20812587 14.48 103.088404  72.375879  2.676
 88     4.024 55307.20812651 14.67 103.082834  72.372989  2.676
 88     4.341 55307.20812716 14.31 103.077274  72.370099  2.676
 88     3.804 55307.20812780 14.12 103.071704  72.367209  2.676
 88     3.287 55307.20812845 14.97 103.066144  72.364309  2.676
 88     3.121 55307.20812909 14.87 103.060584  72.361419  2.676
 89     2.638 55342.20813015 32.96 103.066879  72.353242 12.370
 89     1.434 55342.20813079 31.74 103.061319  72.350352 12.370
 89     2.052 55342.20813144 30.59 103.055759  72.347452 12.370
 89     2.369 55342.20813208 29.91 103.050209  72.344562 12.370
 90     3.281 55377.20811797 23.73 103.110708  72.381029 18.657
 90     3.420 55377.20811862 23.79 103.105138  72.378139 18.657
 90     3.561 55377.20811926 23.93 103.099558  72.375249 18.657
 90     3.841 55377.20811990 23.34 103.093988  72.372359 18.657
 90     3.903 55377.20812055 21.06 103.088418  72.369469 18.657
 90     3.689 55377.20812119 19.87 103.082858  72.366569 18.657
 90     3.313 55377.20812184 22.98 103.077288  72.363679 18.657
 90     3.065 55377.20812248 23.26 103.071728  72.360789 18.657
 90     1.156 55377.20812313 28.74 103.066168  72.357899 18.657
 90     2.903 55377.20812377 25.63 103.060608  72.355009 18.657
 90     3.728 55377.20812442 22.42 103.055048  72.352119 18.657
 90     4.164 55377.20812506 22.02 103.049488  72.349219 18.657
 91     1.661 55412.20814470 20.52 103.094770  72.364481 13.526
 91     3.639 55412.20814535 20.27 103.089200  72.361591 13.526
 91     0.200 55412.20814599 21.82 103.083630  72.358701 13.526
 91    -1.548 55412.20814664 28.89 103.078070  72.355811 13.526
 91    -0.870 55412.20814728 29.12 103.072510  72.352921 13.526
 91    -0.100 55412.20814793 27.10 103.066950  72.350031 13.526
 91     0.223 55412.20814857 28.65 103.061390  72.347131 13.526
 91     0.382 55412.20814922 27.84 103.055830  72.344241 13.526
 91     0.618 55412.20814986 27.35 103.050280  72.341351 13.526
 92     4.733 55447.20813217 22.50 103.116332  72.382162  9.066
 92     4.194 55447.20813281 21.39 103.110752  72.379272  9.066
 92     4.087 55447.20813346 22.28 103.105182  72.376382  9.066
 92     4.575 55447.20813926 20.34 103.055102  72.350362  9.066
 92     3.841 55447.20813990 21.04 103.049542  72.347462  9.066
 93     1.569 55482.20806498 25.00 103.080609  72.375163  4.818
 93     1.182 55482.20806563 25.46 103.075039  72.372273  4.818
 93     1.548 55482.20806627 24.17 103.069479  72.369383  4.818
 93     1.865 55482.20806692 24.57 103.063909  72.366493  4.818
 93     1.410 55482.20806756 25.46 103.058349  72.363603  4.818
