# NaN NaN NaN ;Mean Elev.(m), Avg Gradient(m/km), RMS Gradient(m/km) - SRTM1     
#  -11.288  -2.755  12.886 ;Mean Elev.(m), Avg Gradient(m/km), RMS Gradient(m/km) - ASTER GDEM
#    1.106  -2.559   7.204 ;Mean Elev.(m), Avg Gradient(m/km), RMS Gradient(m/km) - GMTED2010 
  8 104.247656  72.592128     1.799     1.800 10 52488.20623032 21.925
  9 104.216797  72.582834     3.059     3.227  7 52523.20620611 18.934
 10 104.261832  72.594344     0.387     0.374  7 52558.20625326 32.283
 11 104.241285  72.591082     0.287     0.283 10 52593.20625354 16.477
 12 104.289225  72.597314     0.367     0.283  5 52628.20617383 13.270
 13 104.249134  72.592656     0.734     0.700  9 52663.20621533 11.558
 14 104.294488  72.599060     0.724     0.740  5 52698.20618864 10.879
 15 104.259014  72.593989     2.239     1.867  9 52733.20621125  9.831
 16 104.207676  72.582924     1.805     1.947  6 52768.20622162  8.409
 18 104.279015  72.597646     1.418     0.998  6 52838.20629938 22.759
 19 104.266890  72.595478     1.117     1.128  7 52873.20634007 47.898
 20 104.244291  72.590919     0.620     0.607  9 52908.20632514 31.274
 21 104.297850  72.599125     0.449     0.446  4 52943.20624828 28.676
 23 104.235329  72.589368     0.877     0.771 10 53013.20631083 15.396
 24 104.276582  72.596437     3.907     4.593  6 53048.20627787 15.341
 25 104.225201  72.585983     1.452     0.953  8 53083.20631642 13.798
 26 104.269251  72.595635     4.891     5.200  7 53118.20628380 12.106
 27 104.253180  72.592919     1.001     1.027  9 53153.20633495 15.327
 28 104.268735  72.595225     3.155     3.024  7 53188.20632228 21.822
 29 104.244365  72.591384     0.935     0.813  9 53223.20634193 28.865
 30 104.209951  72.582574     2.926     2.948  6 53258.20631998 16.608
 31 104.266927  72.595641     0.294     0.259  7 53293.20633726 21.625
 32 104.251309  72.592312     0.675     0.677  9 53328.20631202 13.818
 35 104.234487  72.589322     1.092     1.071 10 53433.20627989  9.307
 36 104.277993  72.597161     1.030     1.168  6 53468.20631595  9.005
 37 104.243540  72.591201     3.021     2.325 10 53503.20636625  8.025
 38 104.249219  72.592740     3.252     3.244  4 53538.20636103 25.741
 39 104.234786  72.589617     0.673     0.345 11 53573.20636308 32.632
 40 104.207411  72.581790     1.426     1.304  6 53608.20631455 34.053
 41 104.279358  72.596855     0.359     0.332  6 53643.20631151 27.693
 42 104.239025  72.589641     0.660     0.685 10 53678.20633235 20.557
 43 104.227733  72.586978     0.465     0.469 10 53713.20626175 14.486
 44 104.294241  72.598075     0.186     0.150  5 53748.20617151 16.388
 45 104.252819  72.592624     0.665     0.660  8 53783.20620440 13.314
 46 104.206849  72.582279     1.336     1.425  6 53818.20617085 11.610
 47 104.266455  72.594791     2.094     0.573  7 53853.20624332 12.372
 48 104.269304  72.595335     1.801     1.705  7 53888.20625037 12.560
 49 104.245397  72.592007     1.566     1.449 10 53923.20632081 29.625
 50 104.221052  72.584396     0.063     0.081  7 53958.20631566 28.147
 51 104.299565  72.598423     0.957     0.940  4 53993.20623841 24.511
 52 104.281017  72.597243     0.357     0.325  6 54028.20630036 36.803
 53 104.255685  72.593849     0.578     0.593  9 54063.20629543 14.878
 54 104.214144  72.582187     0.597     0.588  7 54098.20626715 12.411
 55 104.282766  72.597790     0.555     0.562  6 54133.20621708 10.968
 56 104.231958  72.589041     0.618     0.588 11 54168.20623937  9.709
 57 104.275422  72.595932     0.971     0.969  6 54203.20622144 10.939
 58 104.259628  72.593895     1.935     1.800  8 54238.20625723 10.988
 59 104.253109  72.593319     3.174     2.956  4 54273.20627586 24.729
 60 104.258969  72.594003     0.664     0.746  8 54308.20627762 26.162
 61 104.221700  72.584306     2.881     2.933  8 54343.20625893 19.105
 62 104.269279  72.595498     0.115     0.017  8 54378.20621251 27.188
 63 104.247430  72.592229     0.601     0.621 10 54413.20620453 16.931
 64 104.280155  72.597433     2.600     0.752  6 54448.20617798 13.175
 65 104.260929  72.595045     3.218     1.137  8 54483.20619700 10.770
 66 104.275585  72.595997     2.651     1.032  6 54518.20619217  9.185
 68 104.263971  72.594819     3.635     4.303  8 54588.20618832  7.461
 69 104.267699  72.601528     3.046     3.046  2 54623.20620503 20.238
 70 104.249596  72.591846     2.125     1.980  9 54658.20621628 24.459
 71 104.238560  72.589331     1.173     0.780  9 54693.20619873 29.714
 72 104.272891  72.595977     0.236     0.207  7 54728.20616841 31.487
 73 104.252573  72.593092     0.428     0.418  8 54763.20617543 25.948
 74 104.281087  72.597284     0.455     0.455  5 54798.20616132 13.649
 75 104.248304  72.591684     0.898     0.911  9 54833.20616582 11.874
 76 104.279599  72.596537     0.688     0.652  6 54868.20615765  9.348
 77 104.218946  72.583334     0.622     0.805  7 54903.20617801  8.092
 78 104.269858  72.595987     1.538     1.505  7 54938.20614848  9.256
 79 104.258008  72.592945     2.128     2.147  8 54973.20618111  6.748
 80 104.244201  72.591251     2.728     2.686 10 55008.20619748 22.783
 81 104.256739  72.593647     0.479     0.484  8 55043.20618598 29.276
 82 104.234178  72.589540     1.059     0.777 11 55078.20616548 30.261
 83 104.266489  72.594689    -0.250    -0.257  7 55113.20611804 52.062
 84 104.250736  72.592966     0.364     0.317  9 55148.20611964 27.516
 85 104.277025  72.595789     0.353     0.328  6 55183.20609895 20.806
 86 104.241783  72.590685     1.640     0.740 10 55218.20611789 17.986
 87 104.274633  72.595926     2.042     0.483  7 55253.20609517 17.083
 88 104.219790  72.584131     0.438     0.476  7 55288.20610975 15.486
 89 104.250185  72.592339     0.608     0.572  9 55323.20608423 12.759
 90 104.248855  72.592646     2.841     2.688  9 55358.20608315 25.063
 91 104.268399  72.595844     0.361     0.423  7 55393.20608511 28.264
 92 104.258287  72.594160     0.606     0.652  8 55428.20609859 30.318
 93 104.221001  72.584067     1.712     1.793  8 55463.20606523 22.197
