-102724.704    25.104     0.00    2.80
-102347.994    24.318    -2.09    2.46
-101971.389    24.335     0.04    3.25
-101594.888    24.027    -0.82    3.91
-101218.492    23.919    -0.29    4.41
-100842.200    23.126    -2.11    4.71
-100466.013    21.077    -5.45    4.30
-100089.930    19.489    -4.22    4.00
 -99713.951    18.201    -3.43    3.44
 -99338.076    17.106    -2.91    2.72
 -98962.306    16.595    -1.36    3.00
 -98586.639    16.866     0.72    3.27
 -98211.076    16.843    -0.06    3.34
 -97835.617    16.001    -2.24    3.16
 -97460.262    16.277     0.74    2.99
 -97085.010    16.554     0.74    2.89
 -96709.862    16.432    -0.32    2.90
 -96334.817    17.450     2.71    2.59
 -95959.876    18.343     2.38    2.83
 -95585.037    18.702     0.96    3.81
 -95210.302    19.567     2.31    3.85
 -94835.670    19.888     0.86    3.99
 -94461.141    20.605     1.91    4.07
 -94086.715    21.530     2.47    3.42
 -93712.392    21.701     0.46    3.33
 -93338.172    21.482    -0.58    3.36
 -92964.054    20.611    -2.33    3.30
 -92590.039    20.880     0.72    3.14
 -92216.126    22.011     3.02    2.44
 -91842.316    22.219     0.56    2.10
 -91468.608    22.595     1.01    1.39
 -91095.002    22.106    -1.31    2.00
 -90721.498    21.166    -2.52    3.33
 -90348.097    20.457    -1.90    3.87
 -89974.797    19.658    -2.14    4.04
 -89601.600    19.358    -0.80    4.03
 -89228.504    20.055     1.87    3.88
 -88855.510    21.745     4.53    4.45
 -88482.617    22.016     0.73    4.91
 -88109.826    22.027     0.03    5.46
 -87737.137    21.437    -1.58    5.02
 -87364.548    20.033    -3.77    3.60
 -86992.062    20.638     1.63    3.75
 -86619.676    23.033     6.43    4.19
 -86247.392    25.234     5.91    3.71
 -85875.208    28.184     7.93    2.43
 -85503.126    29.595     3.79    2.72
 -85131.144    30.744     3.09    2.21
 -84759.264    31.710     2.60    2.10
 -84387.484    33.601     5.08    4.53
 -84015.804    35.605     5.39    5.90
 -83644.225    36.571     2.60    8.65
 -83272.747    36.027    -1.46   10.32
 -82901.369    33.821    -5.94   10.86
 -82530.091    32.156    -4.48    9.08
 -82158.914    30.535    -4.37    5.97
 -81787.837    29.146    -3.74    4.16
 -81416.859    27.141    -5.40    3.85
 -81045.982    24.581    -6.90    3.64
 -80675.205    23.067    -4.08    2.87
 -80304.527    22.482    -1.58    2.36
 -79933.950    21.911    -1.54    2.22
 -79563.471    22.600     1.86    3.31
 -79193.093    23.078     1.29    5.53
 -78822.814    22.903    -0.47    6.27
 -78452.634    24.162     3.40    4.82
 -78082.554    23.563    -1.62    3.68
 -77712.573    22.114    -3.92    3.29
 -77342.691    21.229    -2.39    3.15
 -76972.908    20.625    -1.63    3.13
 -76603.224    19.705    -2.49    3.65
 -76233.639    18.986    -1.95    3.68
 -75864.153    17.820    -3.15    2.76
 -75494.765    17.251    -1.54    2.76
 -75125.477    17.689     1.18    2.63
 -74756.287    17.290    -1.08    2.55
 -74387.195    16.961    -0.89    2.37
 -74018.202    18.472     4.09    4.08
 -73649.307    19.798     3.59    4.59
 -73280.511    19.890     0.25    6.10
 -72911.813    17.897    -5.41    8.36
 -72543.212    14.261    -9.87    9.05
 -72174.710    10.551   -10.07    8.73
 -71806.306     9.951    -1.63   10.53
 -71438.000    12.136     5.93   11.27
 -71069.792    14.633     6.78   10.35
 -70701.681    15.751     3.04    9.47
 -70333.668    11.874   -10.54    9.57
 -69965.752     6.805   -13.78    8.55
 -69597.934     2.642   -11.32    6.70
 -69230.214    -0.187    -7.69    0.00
 -68862.590    -0.187     0.00    0.00
 -68495.064    -0.187     0.00    0.00
 -68127.635    -0.187     0.00    0.00
 -67760.304    -0.187     0.00    0.00
 -67393.069    -0.187     0.00    0.00
 -67025.931    -0.187     0.00    0.00
 -66658.890    -0.187     0.00    0.00
 -66291.946    -0.187     0.00    0.00
 -65925.098    -0.187     0.00    0.00
 -65558.347    -0.187     0.00    0.00
 -65191.693    -0.187     0.00    0.00
 -64825.135    -0.187     0.00    0.00
 -64458.674    -0.187     0.00    0.00
 -64092.309    -0.187     0.00    0.00
 -63726.040    -0.187     0.00    0.00
 -63359.867    -0.187     0.00    0.00
 -62993.791    -0.187     0.00    0.00
 -62627.810    -0.187     0.00    0.00
 -62261.925    -0.187     0.00    0.00
 -61896.137    -0.187     0.00    0.00
 -61530.444    -0.187     0.00    0.00
 -61164.846    -0.187     0.00    0.00
 -60799.344    -0.187     0.00    0.00
 -60433.938    -0.187     0.00    0.00
 -60068.628    -0.187     0.00    0.00
 -59703.412    -0.187     0.00    0.00
 -59338.292    -0.187     0.00    0.00
 -58973.268    -0.187     0.00    0.00
 -58608.338    -0.187     0.00    0.00
 -58243.504    -0.187     0.00    0.00
 -57878.764    -0.187     0.00    0.00
 -57514.120    -0.187     0.00    0.00
 -57149.570    -0.187     0.00    0.00
 -56785.115    -0.187     0.00    0.00
 -56420.755    -0.187     0.00    0.00
 -56056.490    -0.187     0.00    0.00
 -55692.319    -0.187     0.00    0.00
 -55328.242    -0.187     0.00    0.00
 -54964.260    -0.187     0.00    0.00
 -54600.373    -0.187     0.00    0.00
 -54236.579    -0.187     0.00    0.00
 -53872.880    -0.187     0.00    0.00
 -53509.275    -0.187     0.00    0.00
 -53145.764    -0.187     0.00    0.00
 -52782.347    -0.187     0.00    0.00
 -52419.024    -0.187     0.00    0.00
 -52055.795    -0.187     0.00    0.00
 -51692.659    -0.187     0.00    0.00
 -51329.617    -0.187     0.00    0.00
 -50949.825    -0.187     0.00    0.00
 -50566.788    -0.187     0.00    0.00
 -50183.860    -0.187     0.00    0.00
 -49801.039    -0.187     0.00    0.00
 -49418.326    -0.187     0.00    0.00
 -49035.722    -0.187     0.00    0.00
 -48653.225    -0.187     0.00    0.00
 -48270.836    -0.187     0.00    0.00
 -47888.555    -0.124     0.16    0.37
 -47506.381    -0.028     0.25    0.69
 -47124.315    -0.005     0.06    0.86
 -46742.357    -0.111    -0.28    0.52
 -46360.506    -0.187    -0.20    0.00
 -45978.761    -0.187     0.00    0.00
 -45597.125    -0.187     0.00    0.00
 -45215.595    -0.187     0.00    0.00
 -44834.172    -0.187     0.00    0.00
 -44452.856    -0.187     0.00    0.00
 -44071.647    -0.187     0.00    0.00
 -43690.545    -0.187     0.00    0.00
 -43309.549    -0.187     0.00    0.00
 -42928.659    -0.187     0.00    0.00
 -42547.877    -0.187     0.00    0.00
 -42167.200    -0.187     0.00    0.00
 -41786.630    -0.187     0.00    0.00
 -41406.166    -0.187     0.00    0.00
 -41025.808    -0.187     0.00    0.00
 -40645.556    -0.187     0.00    0.00
 -40265.410    -0.187     0.00    0.00
 -39885.369    -0.187     0.00    0.00
 -39505.435    -0.187     0.00    0.00
 -39125.606    -0.187     0.00    0.00
 -38745.883    -0.187     0.00    0.00
 -38366.265    -0.187     0.00    0.00
 -37986.752    -0.148     0.10    0.26
 -37607.345     0.116     0.70    1.29
 -37228.043     0.210     0.25    1.37
 -36848.846     0.329     0.31    1.26
 -36469.754     1.038     1.87    2.32
 -36090.767     3.007     5.20    4.72
 -35711.885     5.713     7.14    6.62
 -35333.108     8.467     7.27    7.03
 -34954.435    10.583     5.59    6.32
 -34575.867    12.883     6.08    5.83
 -34197.403    15.851     7.84    6.18
 -33819.044    17.846     5.27    6.13
 -33440.789    19.441     4.22    5.01
 -33062.639    21.218     4.70    4.93
 -32684.592    23.144     5.09    4.41
 -32306.650    23.813     1.77    4.35
 -31928.811    22.154    -4.39    5.65
 -31551.077    20.203    -5.17    6.18
 -31173.446    18.961    -3.29    5.93
 -30795.919    18.033    -2.46    5.20
 -30418.496    20.103     5.48    6.16
 -30041.176    25.094    13.23    6.87
 -29663.960    28.456     8.91    7.21
 -29286.847    29.836     3.66    6.51
 -28909.837    29.890     0.14    6.06
 -28532.930    29.367    -1.39    5.53
 -28156.127    28.203    -3.09    3.38
 -27779.427    28.922     1.91    4.32
 -27402.829    29.782     2.28    5.41
 -27026.335    30.910     3.00    5.82
 -26649.943    30.505    -1.08    5.66
 -26273.654    27.154    -8.91    7.77
 -25897.468    19.495   -20.36   10.29
 -25521.384    11.974   -20.00    9.20
 -25145.402     5.895   -16.17    5.53
 -24769.523     4.472    -3.79    3.51
 -24393.747     6.561     5.56    5.99
 -24018.072    10.411    10.25    6.49
 -23642.499    12.882     6.58    5.47
 -23267.029    14.910     5.40    4.88
 -22891.660    16.211     3.47    5.85
 -22516.394    15.414    -2.12    6.91
 -22141.229    12.707    -7.22    7.91
 -21766.166     9.074    -9.69    6.88
 -21391.204     6.555    -6.72    3.85
 -21016.344     6.766     0.56    4.19
 -20641.585     8.090     3.53    5.08
 -20266.928     9.722     4.36    5.67
 -19892.372    11.061     3.57    6.50
 -19517.917    12.371     3.50    7.44
 -19143.564    15.456     8.24    8.92
 -18769.311    18.025     6.87    9.90
 -18395.159    21.525     9.35   11.55
 -18021.109    26.686    13.80   12.54
 -17647.159    30.278     9.61   10.66
 -17273.309    32.583     6.17    7.39
 -16899.560    30.642    -5.19    7.11
 -16525.912    28.577    -5.53    5.78
 -16152.365    29.381     2.15    5.36
 -15778.917    30.890     4.04    7.25
 -15405.570    29.313    -4.23    9.05
 -15032.323    23.867   -14.59    9.87
 -14659.177    18.719   -13.80    8.10
 -14286.130    15.429    -8.82    5.82
 -13913.183    19.078     9.78   10.45
 -13540.336    26.969    21.16   13.10
 -13167.589    34.852    21.15   10.37
 -12794.942    38.244     9.10    6.87
 -12422.394    36.733    -4.06    7.59
 -12049.946    30.356   -17.12    8.88
 -11677.598    23.642   -18.03   10.32
 -11305.349    17.788   -15.73   10.15
 -10933.199    14.674    -8.37    9.27
 -10561.148    13.617    -2.84    7.76
 -10189.197    14.116     1.34    6.64
  -9817.344    16.309     5.90    7.34
  -9445.591    20.773    12.01    8.48
  -9073.937    28.138    19.82   10.42
  -8702.381    35.750    20.49   12.53
  -8330.924    41.918    16.61   12.25
  -7959.566    41.877    -0.11   14.16
  -7588.306    36.782   -13.72   16.36
  -7217.145    29.563   -19.45   14.73
  -6846.083    22.797   -18.23   14.75
  -6475.119    17.407   -14.53   13.33
  -6104.253    11.821   -15.06   10.64
  -5733.485     8.203    -9.76    7.35
  -5362.816     5.551    -7.16    3.75
  -4992.244     4.549    -2.70    1.66
  -4621.771     4.689     0.38    1.53
  -4251.395     4.918     0.62    1.63
  -3881.117     4.625    -0.79    2.29
  -3510.937     4.110    -1.39    2.59
  -3140.855     3.479    -1.70    2.62
  -2770.870     3.277    -0.55    2.67
  -2400.983     2.953    -0.88    2.88
  -2031.193     1.970    -2.66    2.67
  -1661.500     0.828    -3.09    1.84
  -1291.905    -0.013    -2.28    0.63
   -922.407    -0.187    -0.47    0.00
   -553.006    -0.187     0.00    0.00
   -183.702    -0.187     0.00    0.00
    185.505    -0.187     0.00    0.00
    554.615    -0.187     0.00    0.00
    923.628    -0.187     0.00    0.00
   1292.544    -0.187     0.00    0.00
   1661.364    -0.140     0.13    0.21
   2030.087     0.246     1.05    1.03
   2398.714     1.435     3.22    2.31
   2767.244     2.395     2.61    2.61
   3135.678     3.463     2.90    2.81
   3504.016     5.649     5.93    4.37
   3872.257     7.797     5.83    5.89
   4240.403     9.276     4.02    6.15
   4608.452     9.133    -0.39    6.54
   4976.405     7.210    -5.23    6.99
   5344.263     4.421    -7.58    5.66
   5712.024     2.039    -6.48    3.23
   6079.690     1.141    -2.44    2.41
   6447.260     0.933    -0.57    2.90
   6814.735     0.424    -1.38    2.09
   7182.114    -0.049    -1.29    0.72
   7549.398    -0.187    -0.38    0.00
   7916.586    -0.187     0.00    0.00
   8283.679    -0.187     0.00    0.00
   8650.677    -0.179     0.02    0.09
   9017.579    -0.061     0.32    0.64
   9384.387    -0.012     0.13    0.82
   9751.099     0.107     0.33    0.96
  10117.717     1.018     2.48    2.43
  10484.240     2.628     4.39    3.53
  10850.668     4.340     4.67    3.78
  11217.001     5.773     3.91    3.23
  11583.239     6.830     2.88    2.14
  11949.384     7.231     1.10    1.09
  12315.433     7.186    -0.12    0.92
  12681.388     7.488     0.83    1.01
  13047.249     8.130     1.76    1.38
  13413.016     8.965     2.28    1.34
  13778.689    10.369     3.84    2.06
  14144.267    11.694     3.62    2.69
  14509.751    13.498     4.94    4.36
  14875.142    16.421     8.00    6.11
  15240.438    19.899     9.52    7.22
  15605.641    24.022    11.29    5.29
  15970.750    25.869     5.06    2.78
  16335.765    24.915    -2.61    3.40
  16700.687    23.165    -4.80    3.33
  17065.515    20.756    -6.60    3.30
  17430.250    19.680    -2.95    3.16
  17794.891    19.966     0.78    3.96
  18159.439    22.317     6.45    5.63
  18523.894    24.742     6.65    5.52
  18888.255    26.325     4.34    5.00
  19252.524    26.461     0.37    4.63
  19616.700    25.742    -1.97    4.88
  19980.782    24.284    -4.00    5.13
  20344.772    22.813    -4.04    5.80
  20708.669    21.018    -4.93    7.06
  21072.473    19.006    -5.53    6.93
  21436.185    18.154    -2.34    7.20
  21799.804    19.344     3.27    8.01
  22163.330    21.021     4.61    7.88
  22526.764    22.047     2.82    6.32
  22890.106    22.332     0.79    5.28
  23253.355    21.974    -0.99    4.90
  23625.711    20.205    -4.75    5.47
  24008.611    18.994    -3.16    5.45
  24391.404    18.038    -2.50    5.33
  24774.091    16.970    -2.79    5.16
  25156.672    15.538    -3.74    5.41
  25539.148    14.514    -2.68    5.36
  25921.518    13.756    -1.98    5.48
  26303.782    13.708    -0.13    5.13
  26685.940    14.122     1.08    3.96
  27067.993    13.745    -0.99    3.34
  27449.941    12.569    -3.08    3.78
  27831.783    12.236    -0.87    4.52
  28213.520    13.427     3.12    6.83
  28595.152    14.718     3.38    8.29
  28976.679    15.241     1.37    8.04
  29358.100    13.876    -3.58    8.64
  29739.417    10.227    -9.57    7.81
  30120.630     7.789    -6.39    6.01
  30501.737     9.781     5.23   10.09
  30882.740    15.257    14.37   12.70
  31263.638    19.750    11.79   10.53
  31644.432    21.482     4.55    8.26
  32025.121    20.211    -3.34    8.13
  32405.706    20.796     1.54    9.12
  32786.187    23.273     6.51    9.17
  33166.564    24.773     3.94    7.71
  33546.837    21.192    -9.42    9.44
  33927.006    16.081   -13.44    9.20
  34307.071    11.018   -13.32    6.30
  34687.032    11.191     0.46    7.02
  35066.890    14.241     8.03    9.27
  35446.644    18.909    12.29    9.43
  35826.294    21.358     6.45    7.88
  36205.841    18.944    -6.36    8.69
  36585.285    14.416   -11.93    7.61
  36964.625    11.304    -8.20    6.23
  37343.863    11.924     1.63    9.00
  37722.997    14.707     7.34   10.42
  38102.028    16.445     4.58    9.85
  38480.956    18.805     6.23    9.40
  38859.781    22.166     8.87    9.41
  39238.504    26.498    11.44    9.67
  39617.124    28.393     5.01    8.78
  39995.641    25.899    -6.59    9.56
  40374.056    23.233    -7.04    8.68
  40752.368    21.837    -3.69    8.54
  41130.578    19.337    -6.61    9.21
  41508.686    17.497    -4.87    8.74
  41886.692    17.821     0.86    9.25
  42264.595    18.463     1.70    9.30
  42642.397    21.347     7.63    9.85
  43020.096    25.695    11.51   10.35
  43397.694    28.225     6.70    8.21
  43775.190    29.384     3.07    7.37
  44152.584    30.708     3.51    6.74
  44529.877    31.571     2.29    7.51
  44907.068    32.973     3.72    8.05
  45284.158    33.615     1.70    7.57
  45661.146    32.245    -3.63    7.02
  46038.033    29.496    -7.29    6.23
  46414.819    26.691    -7.44    4.24
  46791.504    24.325    -6.28    4.83
  47168.087    21.606    -7.22    5.36
  47544.570    18.543    -8.14    4.65
  47920.952    16.909    -4.34    3.84
  48297.233    17.536     1.67    3.76
  48673.414    17.309    -0.60    3.70
  49049.493    16.525    -2.08    3.92
  49425.473    15.352    -3.12    3.82
  49801.351    13.854    -3.99    4.17
  50177.130    13.466    -1.03    4.89
  50552.808    11.797    -4.44    5.59
  50928.386     9.218    -6.87    5.43
  51303.864     7.495    -4.59    4.93
  51679.241     6.458    -2.76    3.41
  52054.519     7.226     2.05    2.53
  52429.697     7.877     1.73    2.65
  52804.775     8.855     2.61    2.47
  53179.753     8.941     0.23    2.32
  53554.632     9.097     0.42    2.52
  53929.410     8.967    -0.35    2.48
  54304.090     8.676    -0.78    2.66
  54678.670     9.258     1.55    3.39
  55053.151     8.885    -1.00    3.68
  55427.532     8.646    -0.64    3.05
  55801.814     8.861     0.57    3.13
  56175.998     9.527     1.78    4.65
  56550.082    11.146     4.33    6.23
  56924.067    13.039     5.06    7.35
  57297.953    14.756     4.59    8.44
  57671.741    18.059     8.84   10.46
  58045.430    22.181    11.03   13.29
  58419.020    26.243    10.87   14.52
  58792.511    30.635    11.76   14.27
  59165.904    31.528     2.39   12.39
  59539.199    30.361    -3.13   10.38
  59912.396    27.453    -7.79    8.11
  60285.494    26.533    -2.47    6.75
  60658.494    29.091     6.86    7.37
  61031.396    33.678    12.30    7.68
  61404.199    37.465    10.16    6.14
  61776.905    38.757     3.46    4.16
  62149.513    38.073    -1.84    4.41
  62522.024    35.341    -7.33    4.53
  62894.436    32.240    -8.33    4.76
  63266.751    29.488    -7.39    4.63
  63638.969    29.260    -0.61    4.87
  64011.089    29.845     1.57    4.57
  64383.111    31.922     5.58    4.40
  64755.037    34.165     6.03    4.74
  65126.865    34.152    -0.04    4.88
  65498.595    31.509    -7.11    7.63
  65870.229    25.965   -14.92   11.12
  66241.766    17.743   -22.13   11.16
  66613.206    13.377   -11.75    7.39
  66984.548    11.957    -3.83    4.38
  67355.795    13.275     3.55    4.00
  67726.944    15.474     5.92    2.80
  68097.997    16.988     4.08    3.09
  68468.953    19.624     7.11    4.27
  68839.813    22.541     7.86    5.06
  69210.576    23.925     3.73    5.14
  69581.243    22.593    -3.59    5.54
  69951.814    21.192    -3.78    4.43
  70322.288    19.813    -3.72    3.12
  70692.667    20.781     2.61    3.93
  71062.949    23.262     6.70    5.09
  71433.136    24.444     3.19    5.50
  71803.226    24.333    -0.30    5.14
  72173.221    23.494    -2.27    4.41
  72543.120    20.634    -7.73    3.62
  72912.924    18.297    -6.32    2.96
  73282.631    16.329    -5.32    3.23
  73652.244    14.973    -3.67    2.63
  74021.761    14.645    -0.89    2.64
  74391.182    15.805     3.14    3.24
  74760.508    17.909     5.70    3.51
  75129.739    20.942     8.21    3.34
  75498.875    21.333     1.06    3.50
  75867.916    19.837    -4.05    5.21
  76236.862    17.950    -5.12    5.35
  76605.713    16.845    -2.99    3.96
  76974.469    17.604     2.06    3.81
  77343.130    21.526    10.64    5.82
  77711.697    25.016     9.47    6.15
  78080.169    28.633     9.82    6.10
  78448.546    31.018     6.47    5.14
  78816.829    31.208     0.52    4.87
  79185.017    32.348     3.10    5.19
  79553.112    34.528     5.92    8.06
  79921.112    37.418     7.85    9.08
  80289.017    42.073    12.65    8.79
  80656.829    43.650     4.29    9.00
  81024.546    45.863     6.02    9.52
  81392.170    48.895     8.25    9.95
  81759.700    49.635     2.02    9.07
  82127.136    51.177     4.20    7.44
  82494.478    51.698     1.42    5.82
  82861.726    52.333     1.73    5.75
  83228.881    51.401    -2.54    6.42
  83595.943    46.885   -12.30    6.92
  83962.910    43.871    -8.21    6.07
  84329.785    41.872    -5.45    5.42
  84696.566    42.419     1.49    5.37
  85063.254    43.846     3.89    4.31
  85429.849    44.838     2.70    2.89
  85796.350    44.281    -1.52    3.11
  86162.759    41.992    -6.24    4.66
  86529.075    38.772    -8.79    5.07
  86895.297    37.428    -3.67    4.41
  87261.427    38.442     2.77    4.67
  87627.464    41.593     8.61    5.53
  87993.409    44.439     7.78    5.26
  88359.261    46.578     5.85    5.31
  88725.020    47.780     3.29    5.39
  89090.687    45.423    -6.45    7.40
  89456.261    42.337    -8.44    7.62
  89821.744    39.692    -7.24    6.27
  90187.133    38.238    -3.98    4.13
  90552.431    40.457     6.08    4.99
  90917.637    42.559     5.75    4.39
  91282.750    41.554    -2.75    5.71
  91647.772    37.452   -11.24    7.49
  92012.702    33.690   -10.31    6.80
  92377.539    29.787   -10.70    3.69
  92742.285    28.829    -2.63    3.17
  93106.940    30.124     3.55    3.29
  93471.503    32.080     5.36    4.48
  93835.974    35.292     8.81    6.72
  94200.354    39.862    12.54    8.45
  94564.642    44.479    12.68    8.55
  94928.839    49.264    13.14    7.74
  95292.944    53.518    11.68    5.91
  95656.959    56.245     7.49    4.88
  96020.882    58.160     5.26    4.44
  96384.714    59.565     3.86    4.64
  96748.456    61.678     5.81    5.16
  97112.106    64.157     6.82    4.93
  97475.665    66.972     7.74    5.34
  97839.134    71.413    12.22    8.83
  98204.551    74.797     9.26   11.76
  98587.299    77.658     7.47   12.45
  98969.944    75.887    -4.63   11.92
  99352.484    73.115    -7.24   10.66
  99734.922    73.411     0.77   11.58
 100117.255    77.210     9.93   13.68
 100499.485    85.979    22.94   11.68
 100881.611    92.075    15.95    9.35
 101263.634    99.418    19.22   12.81
 101645.554   104.645    13.68   12.84
 102027.371   107.890     8.50   12.25
 102409.084   108.490     1.57   10.15
 102790.695   108.687     0.51    7.62
 103172.203   113.871    13.59   10.99
 103553.607   123.616    25.55   12.76
 103934.909   132.660    23.72   12.39
 104316.108   135.065     6.31   11.65
 104697.205   135.046    -0.05   10.21
 105078.199   132.928    -5.56    7.87
 105459.091   131.998    -2.44    6.32
 105839.880   133.086     2.86    7.29
 106220.567   133.829     1.95    9.70
 106601.152   138.057    11.11   11.82
 106981.635   143.690    14.80   11.09
 107362.015   149.595    15.52    7.52
 107742.294   152.309     7.13    6.68
 108122.471   150.982    -3.49    7.86
 108502.546   146.325   -12.25   10.36
 108882.519   141.510   -12.67    9.37
 109262.391   134.435   -18.62    9.81
 109642.161   127.780   -17.52   11.82
 110021.830   121.848   -15.62   12.88
 110401.397   121.210    -1.68   12.45
 110780.863   125.830    12.17   14.19
 111160.228   136.993    29.42   16.04
 111539.491   147.028    26.46   15.30
 111918.654   156.038    23.76   13.29
 112297.715   162.211    16.28   12.67
 112676.676   169.997    20.54   10.48
 113055.536   175.171    13.65    8.85
 113434.295   176.788     4.27    7.18
 113812.953   175.821    -2.55    8.35
 114191.511   173.075    -7.25    8.99
 114569.968   171.016    -5.44    9.08
 114948.325   175.067    10.71   11.28
 115326.582   182.269    19.04   15.67
 115704.738   191.601    24.68   15.33
 116082.794   197.275    15.01   12.34
 116460.750   195.747    -4.04   12.69
 116838.606   187.488   -21.86   16.33
 117216.362   175.304   -32.25   16.52
 117594.018   164.862   -27.65   14.12
 117971.575   157.244   -20.18    8.17
 118349.031   153.534    -9.83    5.82
 118726.388   153.496    -0.10    7.35
 119103.646   155.141     4.36    8.08
 119480.804   155.608     1.24    8.24
 119857.862   153.567    -5.41   10.38
 120234.822   144.937   -22.89   15.30
 120611.682   137.143   -20.68   16.66
 120988.442   127.029   -26.84   17.62
 121365.104   120.206   -18.11   16.69
 121741.667   113.813   -16.98   15.03
 122118.131   110.176    -9.66   12.25
 122494.496   106.326   -10.23   10.38
 122870.762   104.788    -4.09   10.74
 123246.929   102.704    -5.54    9.69
 123622.998    98.296   -11.72    8.78
 123998.969    94.540    -9.99    6.88
 124374.841    92.692    -4.92    6.99
 124750.614    93.396     1.87    8.77
 125126.289    94.829     3.82    9.98
 125501.866    95.613     2.09   12.00
 125877.345    99.267     9.73   14.03
 126252.725   103.920    12.39   14.19
 126628.008   107.234     8.83   12.00
 127003.193   109.522     6.10   10.26
 127378.280   108.879    -1.71    9.94
 127753.269   108.871    -0.02   10.36
 128128.160   109.813     2.51   11.09
 128502.954   112.870     8.16   10.65
 128877.650   115.719     7.60    8.93
 129252.249   118.854     8.37    7.09
 129626.751   119.656     2.14    5.62
 130001.155   118.406    -3.34    7.59
 130375.461   116.333    -5.54   10.40
 130749.671   113.129    -8.56   14.10
 131123.784   110.329    -7.48   15.27
 131497.799   108.613    -4.59   14.65
 131871.718   103.813   -12.84   16.15
 132245.539    99.490   -11.56   17.23
 132619.264    95.786    -9.91   17.59
 132992.893    95.279    -1.36   14.51
 133366.424    94.948    -0.89   12.87
 133739.859    91.474    -9.30   14.35
 134113.198    87.001   -11.98   15.47
 134486.440    83.155   -10.30   14.80
 134859.585    74.871   -22.20   17.41
 135232.635    71.292    -9.59   15.98
 135605.588    69.401    -5.07   16.18
 135978.445    73.304    10.47   20.04
 136351.206    87.576    38.28   23.64
 136723.871   105.346    47.68   22.48
 137096.441   121.620    43.68   17.44
 137468.914   136.309    39.43   12.40
 137841.292   145.682    25.17   10.83
 138213.574   154.494    23.67    8.44
 138585.760   160.429    15.95    8.25
 138957.851   166.096    15.23   10.35
 139329.846   173.025    18.62   12.22
 139701.746   178.121    13.70   11.19
 140073.551   179.558     3.87    9.57
 140445.260   176.010    -9.55    9.30
 140816.875   172.636    -9.08    7.83
 141188.394   171.725    -2.45    6.20
 141559.818   177.962    16.79   11.75
 141931.147   187.734    26.32   14.61
 142302.382   196.762    24.32   12.71
 142673.521   203.474    18.08    8.56
 143044.566   206.606     8.44    7.55
 143415.516   208.712     5.68    7.57
 143786.372   210.033     3.56    6.25
 144157.133   207.351    -7.23    8.67
 144527.799   201.771   -15.05   11.35
 144898.372   194.222   -20.37   10.84
 145268.850   185.441   -23.70   10.01
 145639.233   180.924   -12.19    9.25
 146009.523   178.838    -5.63    7.75
 146379.719   181.088     6.08    8.12
 146749.820   186.611    14.92    8.95
 147119.828   195.946    25.23   13.33
 147489.741   206.788    29.31   16.66
 147859.561   221.194    38.95   17.14
 148229.287   230.094    24.07   11.92
 148598.920   231.462     3.70   11.15
 148968.459   221.962   -25.71   18.03
 149337.904   207.233   -39.86   20.96
 149707.256   188.984   -49.40   20.62
 150076.515   174.548   -39.09   15.86
 150445.680   169.300   -14.22   10.67
 150814.753   174.584    14.32   16.04
 151183.731   187.225    34.26   19.13
 151552.617   200.927    37.14   15.42
 151921.410   209.846    24.18    9.79
 152290.110   214.567    12.80    5.19
 152658.717   216.494     5.23    3.81
 153027.231   216.936     1.20    4.14
 153395.653   217.403     1.27    5.44
 153763.982   217.510     0.29    6.40
 154132.218   216.065    -3.92    7.80
 154500.362   213.104    -8.04    9.86
 154868.413   205.970   -19.38   13.23
 155236.372   200.401   -15.13   12.48
 155604.239   194.620   -15.71    9.84
 155972.013   191.713    -7.90    8.15
 156339.695   190.071    -4.46    8.97
 156707.285   191.218     3.12    9.68
 157074.783   191.092    -0.34    8.88
 157442.189   188.215    -7.83   11.62
 157809.503   172.838   -41.86   34.14
 158176.726   145.739   -73.79   58.10
 158543.856   108.791  -100.63   66.15
 158910.895    69.689  -106.52   56.85
