 -76052.944   145.753     0.00   15.08
 -75677.869   139.873   -15.68   12.66
 -75302.697   131.629   -21.98   14.56
 -74927.426   124.531   -18.91   13.13
 -74552.056   118.833   -15.18    9.56
 -74176.589   115.592    -8.63    4.84
 -73801.022   116.713     2.98    3.83
 -73425.357   116.888     0.46    3.55
 -73049.594   116.326    -1.49    4.39
 -72673.731   115.734    -1.58    5.88
 -72297.770   115.469    -0.70    7.23
 -71921.710   114.564    -2.41    9.47
 -71545.551   113.667    -2.38   10.11
 -71169.293   114.180     1.36    8.56
 -70792.935   115.549     3.64    8.82
 -70416.478   117.221     4.44    7.71
 -70039.922   113.486    -9.92   12.11
 -69663.267   102.281   -29.75   16.96
 -69286.512    91.616   -28.31   14.96
 -68909.658    82.025   -25.45    9.17
 -68532.704    77.457   -12.12    5.97
 -68155.650    77.711     0.67    6.88
 -67778.497    80.596     7.65    9.55
 -67401.243    80.659     0.17   11.65
 -67023.890    82.342     4.46   11.93
 -66646.437    80.185    -5.72   12.28
 -66268.883    78.998    -3.14   11.19
 -65891.229    76.301    -7.14   10.60
 -65513.475    73.990    -6.12    8.87
 -65135.621    74.027     0.10    8.73
 -64757.667    75.998     5.22    6.62
 -64379.611    77.800     4.77    6.51
 -64001.456    81.228     9.06    8.68
 -63623.199    86.465    13.85    7.64
 -63244.842    87.525     2.80    6.95
 -62866.384    83.337   -11.06    9.57
 -62487.825    79.237   -10.83    8.61
 -62109.165    80.543     3.45   11.26
 -61730.404    83.824     8.66   11.96
 -61351.542    87.146     8.77   10.20
 -60972.579    85.754    -3.67    8.58
 -60593.514    82.465    -8.68    6.48
 -60214.348    80.121    -6.18    5.96
 -59835.081    79.120    -2.64    5.29
 -59455.712    76.498    -6.91    4.98
 -59076.241    74.147    -6.20    5.41
 -58696.669    70.840    -8.71    6.15
 -58316.994    67.103    -9.84    6.57
 -57937.218    62.069   -13.26   10.10
 -57557.340    56.539   -14.56   11.76
 -57177.360    55.335    -3.17   10.57
 -56797.278    56.851     3.99   11.20
 -56417.094    63.337    17.06   13.47
 -56036.807    68.807    14.38   13.03
 -55656.418    73.531    12.42   11.26
 -55275.926    78.776    13.78   10.54
 -54895.332    86.707    20.84   12.52
 -54514.636    94.889    21.49   11.10
 -54133.836    98.916    10.58    8.17
 -53752.934    98.201    -1.88    8.94
 -53371.929    90.383   -20.52   13.53
 -52990.821    80.673   -25.48   15.24
 -52609.611    69.507   -29.29   11.40
 -52228.296    62.119   -19.38    6.43
 -51846.879    57.670   -11.66    6.63
 -51465.359    54.602    -8.04    8.33
 -51083.735    50.213   -11.50    8.63
 -50702.007    46.736    -9.11    7.97
 -50320.177    45.080    -4.34    7.76
 -49938.242    44.777    -0.79    8.59
 -49556.204    44.835     0.15    7.86
 -49174.062    45.746     2.38    7.71
 -48791.816    46.746     2.62    6.23
 -48409.466    46.465    -0.73    5.92
 -48027.013    44.193    -5.94    8.88
 -47644.455    41.144    -7.97   11.05
 -47261.792    35.449   -14.88   13.39
 -46893.139    31.127   -11.72   13.32
 -46529.823    25.991   -14.14   11.16
 -46166.417    21.113   -13.42    8.13
 -45802.920    18.417    -7.42    7.12
 -45439.332    16.085    -6.41    6.03
 -45075.652    15.105    -2.70    4.78
 -44711.881    15.973     2.39    4.73
 -44348.019    18.226     6.19    5.30
 -43984.065    21.662     9.44    5.06
 -43620.020    24.290     7.22    4.26
 -43255.884    26.474     6.00    3.79
 -42891.655    28.780     6.33    4.01
 -42527.335    30.299     4.17    4.04
 -42162.923    32.696     6.58    4.82
 -41798.420    36.554    10.58    4.68
 -41433.824    39.172     7.18    4.34
 -41069.137    40.974     4.94    4.40
 -40704.357    42.909     5.30    3.82
 -40339.485    44.599     4.63    2.81
 -39974.521    45.177     1.58    2.41
 -39609.465    44.653    -1.43    2.69
 -39244.317    43.139    -4.15    3.85
 -38879.076    42.312    -2.26    3.56
 -38513.742    41.797    -1.41    3.18
 -38148.316    40.414    -3.78    3.96
 -37782.798    35.681   -12.95    7.76
 -37417.186    30.117   -15.22    9.24
 -37051.482    24.138   -16.35    8.41
 -36685.685    20.699    -9.40    5.85
 -36319.796    19.377    -3.61    4.35
 -35953.813    19.414     0.10    4.73
 -35587.737    20.014     1.64    4.71
 -35221.568    19.445    -1.55    4.30
 -34855.306    17.542    -5.20    4.64
 -34488.951    14.645    -7.91    4.51
 -34122.502    11.982    -7.27    3.98
 -33755.960     9.982    -5.46    3.12
 -33389.324     9.309    -1.83    3.01
 -33022.595     8.402    -2.47    2.48
 -32655.772     7.664    -2.01    2.31
 -32288.856     8.175     1.39    3.17
 -31921.846    10.905     7.44    6.62
 -31554.742    16.364    14.87    9.85
 -31187.544    21.481    13.94   10.18
 -30820.252    27.027    15.10    8.77
 -30452.866    29.733     7.37    8.69
 -30085.386    28.878    -2.33    8.95
 -29717.812    26.659    -6.04    9.02
 -29350.143    23.600    -8.32    7.68
 -28982.380    20.866    -7.43    4.83
 -28614.523    18.599    -6.16    3.63
 -28246.571    17.006    -4.33    3.61
 -27878.524    14.849    -5.86    4.13
 -27510.383    13.252    -4.34    3.42
 -27142.148    13.309     0.16    4.21
 -26773.817    14.965     4.50    6.36
 -26405.392    15.683     1.95    6.90
 -26036.871    15.164    -1.41    7.41
 -25668.256    11.932    -8.77    7.62
 -25299.546     8.125   -10.32    6.25
 -24930.740     5.149    -8.07    4.06
 -24561.839     4.429    -1.95    2.63
 -24192.843     6.267     4.98    4.04
 -23823.752     7.931     4.51    4.58
 -23454.565     9.429     4.06    4.80
 -23085.282    10.557     3.06    4.95
 -22715.904    10.155    -1.09    5.18
 -22346.430     9.341    -2.20    3.98
 -21976.861     8.449    -2.41    3.72
 -21607.196     7.369    -2.92    3.64
 -21237.434     6.821    -1.48    3.13
 -20867.577     6.774    -0.13    3.13
 -20497.624     6.667    -0.29    3.13
 -20127.575     5.908    -2.05    2.53
 -19757.429     5.284    -1.69    2.48
 -19387.187     4.325    -2.59    2.46
 -19016.849     3.892    -1.17    2.49
 -18646.414     3.199    -1.87    2.20
 -18275.883     2.317    -2.38    1.42
 -17905.255     1.827    -1.32    1.13
 -17534.531     1.900     0.20    1.21
 -17163.710     3.180     3.45    2.92
 -16792.792     5.813     7.10    4.62
 -16421.777     9.229     9.21    4.87
 -16050.665    12.021     7.52    3.74
 -15679.457    14.299     6.13    3.10
 -15308.151    15.605     3.52    2.73
 -14936.748    15.624     0.05    2.68
 -14565.247    16.437     2.19    3.32
 -14193.650    18.822     6.42    4.52
 -13821.955    23.051    11.38    6.43
 -13450.162    27.498    11.96    6.46
 -13078.272    31.127     9.76    5.39
 -12706.284    32.665     4.14    4.07
 -12334.198    30.429    -6.01    5.46
 -11962.015    28.023    -6.46    5.34
 -11589.734    25.688    -6.27    4.07
 -11217.355    24.957    -1.96    4.02
 -10844.877    26.550     4.28    4.04
 -10472.302    25.659    -2.39    6.32
 -10099.628    19.296   -17.07   11.64
  -9726.857    11.331   -21.37   12.56
  -9353.986     5.288   -16.21    8.98
  -8981.018     1.838    -9.25    3.43
  -8607.951     3.029     3.19    3.49
  -8234.785     4.711     4.51    3.51
  -7861.521     4.916     0.55    3.40
  -7488.158     3.741    -3.15    3.50
  -7114.696     2.990    -2.01    3.89
  -6741.135     1.108    -5.04    2.85
  -6367.475    -0.027    -3.04    0.09
  -5993.716    -0.035    -0.02    0.00
  -5619.858    -0.027     0.02    0.09
  -5245.901     0.477     1.35    1.41
  -4871.845     1.965     3.98    3.04
  -4497.689     4.549     6.91    5.22
  -4123.433     6.108     4.17    4.92
  -3749.079     6.173     0.17    5.18
  -3374.624     6.156    -0.05    6.01
  -3000.070     5.441    -1.91    5.59
  -2625.416     6.362     2.46    5.95
  -2250.662     5.862    -1.33    5.15
  -1875.809     7.036     3.13    4.63
  -1500.855     6.804    -0.62    4.57
  -1125.801     4.834    -5.25    4.81
   -750.647     2.861    -5.26    4.41
   -375.393     0.810    -5.47    2.65
     -0.039     0.264    -1.45    1.07
    375.416     1.735     3.92    3.64
    750.972     7.362    14.98   10.20
   1126.628    17.917    28.10   15.29
   1502.385    28.271    27.55   13.88
   1878.242    34.170    15.69    9.47
   2254.200    34.709     1.43    9.60
   2630.259    30.857   -10.24   10.10
   3006.419    24.006   -18.21   12.16
   3382.681    18.159   -15.54   10.11
   3759.043    17.518    -1.70    9.27
   4135.507    21.264     9.95   11.00
   4512.071    28.243    18.53    9.49
   4888.738    34.863    17.58    8.36
   5265.505    38.538     9.75    7.91
   5642.375    40.045     4.00    7.20
   6019.345    42.267     5.89    7.30
   6396.418    43.180     2.42    7.52
   6773.593    45.217     5.40    8.98
   7150.869    48.312     8.20    9.18
   7528.247    52.336    10.66   10.11
   7905.727    54.581     5.95   10.39
   8283.310    58.486    10.34    9.40
   8660.995    62.768    11.34    8.74
   9038.781    68.160    14.27    9.47
   9416.671    75.553    19.56   11.73
   9794.663    82.414    18.15    9.36
  10172.757    83.185     2.04    7.92
  10550.954    79.894    -8.70    8.47
  10929.254    78.436    -3.86    8.21
  11307.656    79.296     2.27    8.53
  11686.162    80.006     1.88    8.77
  12064.770    80.086     0.21    9.76
  12443.481    76.219   -10.21    9.20
  12822.296    71.990   -11.16    7.92
  13201.214    72.351     0.95    8.51
  13580.235    71.653    -1.84    7.42
  13959.359    70.465    -3.13    7.49
  14338.587    68.711    -4.63    8.39
  14717.918    62.804   -15.57    9.44
  15097.353    55.394   -19.53   11.53
  15476.892    47.835   -19.92    9.42
  15856.535    43.733   -10.80    6.35
  16236.281    47.941    11.08   10.84
  16616.132    56.549    22.66   12.60
  16996.087    65.564    23.73   13.19
  17376.145    73.551    21.02   11.08
  17756.308    79.053    14.47   11.31
  18136.576    81.052     5.26    9.65
  18516.947    78.239    -7.39   10.34
  18897.424    78.582     0.90   11.33
  19278.004    79.940     3.57   12.27
  19658.690    82.092     5.65   12.33
  20039.480    86.135    10.62   10.92
  20420.375    91.637    14.45    9.31
  20801.375    95.330     9.69    9.22
  21182.480    99.519    10.99    9.59
  21563.690   102.879     8.82   10.51
  21945.005   102.315    -1.48   12.36
  22326.426    99.068    -8.51   12.75
  22707.952    94.217   -12.72   11.92
  23089.583    88.264   -15.60   10.34
  23471.320    86.241    -5.30    8.00
  23853.163    89.394     8.26    9.69
  24235.111    92.053     6.96   10.14
  24617.165    94.106     5.37    8.67
  24999.325    92.217    -4.94    9.06
  25381.591    88.317   -10.20   10.88
  25763.963    83.296   -13.13   10.55
  26146.441    77.856   -14.22    6.83
  26529.026    73.799   -10.61    5.95
  26911.716    70.678    -8.15    7.04
  27294.513    67.293    -8.84    5.61
  27671.939    65.052    -5.94    3.45
  28035.026    66.084     2.84    4.13
  28398.205    69.981    10.73    7.67
  28761.476    76.573    18.15   11.34
  29124.840    82.545    16.43    9.97
  29488.297    87.539    13.74    7.13
  29851.846    89.253     4.72    6.56
  30215.488    88.434    -2.25    6.20
  30579.224    87.272    -3.20    5.08
  30943.052    87.291     0.05    4.90
  31306.973    90.098     7.71    7.45
  31670.987    93.621     9.68    8.50
  32035.095    96.357     7.51    7.46
  32399.296    99.004     7.27    5.58
  32763.590   100.389     3.80    5.45
  33127.977   103.661     8.98    7.89
  33492.458   108.229    12.53    9.80
  33857.033   114.288    16.62    9.04
  34221.701   120.957    18.29    7.76
  34586.463   124.153     8.76    8.51
  34951.319   125.421     3.48    8.62
  35316.269   126.053     1.73    7.02
  35681.312   125.809    -0.67    5.66
  36046.450   124.861    -2.60    5.16
  36411.681   122.076    -7.63    6.50
  36777.007   116.973   -13.97    8.46
  37142.427   109.941   -19.24    9.51
  37507.941   101.275   -23.71   10.43
  37873.550    93.327   -21.74    9.43
  38239.253    86.288   -19.25    7.76
  38605.050    79.394   -18.85    7.36
  38970.943    73.200   -16.93    8.76
  39336.929    68.546   -12.72    8.73
  39703.011    62.325   -16.99    9.32
  40069.187    57.465   -13.27    7.75
  40435.459    53.449   -10.97    4.59
  40801.825    52.239    -3.30    3.30
  41168.286    55.981    10.21    7.10
  41534.843    61.007    13.71    7.71
  41901.494    58.051    -8.06   11.13
  42268.241    53.911   -11.29   12.50
  42635.083    49.365   -12.39   10.37
  43002.021    49.520     0.42    9.27
  43369.054    55.762    17.01   11.64
  43736.182    64.290    23.23   11.92
  44103.407    69.293    13.62    8.86
  44470.727    70.786     4.06    6.03
  44838.142    69.858    -2.53    5.42
  45205.654    71.375     4.13    6.50
  45573.262    74.981     9.81    7.61
  45940.965    79.477    12.23    7.21
  46308.765    82.786     8.99    6.25
  46676.661    83.824     2.82    6.51
  47044.653    79.239   -12.46   10.09
  47412.742    73.578   -15.38   11.48
  47780.926    70.469    -8.44   10.83
  48149.208    66.902    -9.69   10.47
  48517.586    64.523    -6.46   10.41
  48886.060    66.285     4.78   11.51
  49254.631    67.674     3.77   13.23
  49623.299    69.187     4.10   13.44
  49992.064    72.088     7.87   13.25
  50360.926    72.590     1.36   12.84
  50729.885    69.027    -9.66   13.25
  51098.941    65.432    -9.74   13.05
  51468.094    64.723    -1.92   13.06
  51837.344    67.076     6.37   14.72
  52206.692    70.246     8.58   14.96
  52576.137    71.301     2.86   12.97
  52945.679    72.200     2.43   11.31
  53315.319    73.077     2.37    9.73
  53685.057    71.850    -3.32   10.18
  54054.893    71.926     0.20   10.96
  54424.826    70.540    -3.75   11.06
  54794.857    69.565    -2.63   10.45
  55164.986    70.029     1.25   11.43
  55535.213    69.301    -1.97   11.40
  55905.538    72.306     8.12   12.50
  56275.962    78.615    17.03   12.97
  56646.483    81.965     9.04   10.45
  57017.104    87.304    14.40   10.32
  57387.822    90.177     7.75   10.78
  57758.639    94.373    11.32   11.94
  58129.554   100.731    17.14   12.90
  58500.569   107.845    19.18   17.90
  58871.681   113.481    15.19   20.03
  59242.893   118.375    13.18   19.27
  59614.204   121.162     7.51   19.79
  59985.613   118.531    -7.08   18.66
  60357.122   117.792    -1.99   17.78
  60728.730   116.819    -2.62   17.36
  61100.437   116.168    -1.75   14.95
  61472.243   116.465     0.80   13.90
  61844.149   121.145    12.58   14.43
  62216.154   125.361    11.33   12.71
  62588.259   129.926    12.27   10.37
  62960.463   131.973     5.50   10.59
  63332.767   132.237     0.71   11.01
  63705.171   130.666    -4.22   10.57
  64077.675   127.067    -9.66    9.70
  64450.279   122.667   -11.81    6.89
  64822.982   119.227    -9.23    6.06
  65195.786   117.516    -4.59    5.70
  65568.690   117.304    -0.57    4.34
  65941.694   117.973     1.79    4.97
  66314.799   116.629    -3.60    7.17
  66688.004   112.723   -10.47   10.73
  67061.309   106.950   -15.47   11.28
  67434.716   101.173   -15.47    7.55
  67808.222    97.531    -9.75    5.66
  68181.830    93.919    -9.67    7.59
  68555.538    90.527    -9.08    9.75
  68929.348    85.335   -13.89   10.65
  69303.258    81.957    -9.03    8.19
  69677.270    82.616     1.76    6.90
  70051.382    86.035     9.14    6.88
  70425.596    88.127     5.59    5.26
  70799.911    85.593    -6.77    8.39
  71174.328    83.337    -6.03    8.78
  71548.846    82.081    -3.35    7.72
  71923.466    86.652    12.20    9.56
  72298.187    94.559    21.10    9.05
  72673.011    98.252     9.85   10.56
  73047.936    94.927    -8.87   15.57
  73422.963    90.006   -13.12   17.23
  73798.091    83.793   -16.56   14.36
  74173.323    84.465     1.79   12.78
  74548.656    91.139    17.78   11.44
  74924.091    98.217    18.85    9.37
  75299.629   104.028    15.47   10.75
  75675.269   107.606     9.52   13.24
  76051.012   109.635     5.40   14.28
  76426.857   110.263     1.67   13.24
  76802.805   109.927    -0.89   11.09
  77178.856   110.721     2.11    8.91
  77555.010   110.175    -1.45    6.12
  77931.267   108.370    -4.80    6.51
  78307.626   103.838   -12.04   10.46
  78684.089    94.104   -25.86   12.90
  79060.655    87.362   -17.90    9.85
  79437.324    83.006   -11.57    6.30
  79814.097    79.078   -10.43   11.58
  80190.973    77.668    -3.74   13.69
  80567.952    80.981     8.79   16.97
  80945.035    87.416    17.06   20.19
  81322.222   101.659    37.76   19.08
  81699.513   115.711    37.25   14.47
  82076.907   123.903    21.71   10.10
  82454.406   125.825     5.09    6.89
  82832.008   121.177   -12.31    9.84
  83209.715   112.227   -23.70   12.97
  83587.526   101.051   -29.58   12.69
  83965.441    92.767   -21.92    9.59
  84343.461    86.705   -16.04    5.40
  84721.585    84.439    -5.99    3.74
  85099.814    83.076    -3.60    4.74
  85478.147    80.678    -6.34    5.89
  85856.585    78.507    -5.74    6.17
  86235.128    79.473     2.55    8.09
  86613.776    85.073    14.79    9.50
  86992.529    91.562    17.13    8.39
  87371.387    97.288    15.11    5.70
  87750.350   101.385    10.81    6.73
  88129.418   104.465     8.13    7.23
  88508.592   109.103    12.23    9.51
  88887.871   115.842    17.77   13.20
  89267.256   121.619    15.23   13.86
  89646.746   123.996     6.26   12.34
  90026.342   124.522     1.39   11.96
  90406.044   119.035   -14.45   10.56
  90785.852   112.508   -17.19    9.86
  91165.766   104.144   -22.02   12.66
  91545.786    94.574   -25.18   15.09
  91925.912    85.230   -24.58   16.33
  92306.144    79.958   -13.87   17.72
  92686.483    75.826   -10.86   20.37
  93066.928    67.286   -22.45   23.95
  93447.479    59.116   -21.47   24.19
  93828.137    52.892   -16.35   21.57
  94208.902    46.126   -17.77   16.89
  94589.774    43.275    -7.48   15.69
  94970.752    40.043    -8.48   11.67
  95351.838    38.764    -3.36    6.85
  95733.030    42.788    10.56    8.86
  96114.330    45.427     6.92    7.30
  96495.737    46.810     3.63    5.53
  96877.251    45.035    -4.65    6.03
  97258.873    41.594    -9.02    5.58
  97640.602    38.395    -8.38    3.74
  98022.439    38.629     0.61    4.39
  98404.384    38.172    -1.20    4.31
  98786.436    36.729    -3.78    4.66
  99168.596    35.958    -2.02    4.61
  99550.864    35.973     0.04    3.89
  99933.241    37.159     3.10    3.91
 100315.725    39.082     5.03    4.40
 100698.318    41.515     6.36    5.13
 101081.019    43.581     5.40    5.28
 101463.828    45.573     5.20    4.58
 101846.746    45.454    -0.31    4.33
 102229.773    46.797     3.51    5.98
 102596.350    52.686    16.07   12.24
 102959.314    61.973    25.59   17.62
 103322.371    75.775    38.02   18.24
 103685.522    90.511    40.58   15.99
 104048.768   102.026    31.70   14.67
 104412.107   110.719    23.93   11.15
 104775.541   117.695    19.20   11.01
 105139.069   120.836     8.64   13.54
 105502.691   121.611     2.13   14.18
 105866.407   120.481    -3.11   13.57
 106230.218   113.913   -18.06   13.48
 106594.124   108.458   -14.99   10.56
 106958.124   106.413    -5.62    8.35
 107322.219   112.511    16.75   12.49
 107686.409   122.018    26.11   14.93
 108050.694   133.820    32.40   13.75
 108415.073   143.850    27.53   10.71
 108779.548   150.776    19.00    8.16
 109144.118   156.764    16.43    7.65
 109508.782   162.088    14.60    9.25
 109873.542   166.988    13.43   11.02
 110238.398   171.567    12.55   11.05
 110603.349   171.782     0.59   12.59
 110968.395   166.193   -15.31   16.32
 111333.537   155.709   -28.71   18.31
 111698.774   141.381   -39.23   17.96
 112064.107   128.859   -34.28   16.06
 112429.536   116.381   -34.15   14.12
 112795.061   104.013   -33.84   13.30
 113160.681    93.246   -29.45   14.01
 113526.398    83.622   -26.32   11.53
 113892.211    75.877   -21.17    7.08
 114258.120    71.912   -10.83    3.97
 114624.125    69.859    -5.61    4.54
 114990.226    67.713    -5.86    5.83
 115356.424    65.279    -6.65    7.35
 115722.718    60.734   -12.41   10.37
 116089.109    55.591   -14.04   11.07
 116455.597    52.905    -7.33   10.60
 116822.181    51.289    -4.41   11.26
 117188.862    52.429     3.11   11.92
 117555.639    52.321    -0.29   12.82
 117922.514    50.289    -5.54   11.88
 118289.486    47.743    -6.94    9.78
 118656.555    45.344    -6.54    5.15
 119023.721    44.761    -1.59    2.57
 119390.984    44.457    -0.83    1.52
 119758.344    44.655     0.54    1.44
 120125.802    45.458     2.19    2.65
 120493.358    47.125     4.54    4.69
 120861.011    48.874     4.76    5.47
 121228.762    49.579     1.92    4.98
 121596.610    50.109     1.44    3.99
 121964.556    49.612    -1.35    2.78
 122332.600    49.602    -0.03    1.90
 122700.742    49.013    -1.60    2.12
 123068.982    48.086    -2.52    2.79
 123437.321    47.291    -2.16    3.21
 123805.757    45.989    -3.53    3.15
 124174.292    45.266    -1.96    3.33
 124542.925    44.200    -2.89    4.15
 124911.656    42.957    -3.37    4.56
 125280.486    43.003     0.12    4.50
 125649.415    43.356     0.96    4.41
 126018.442    44.933     4.27    4.27
 126387.568    47.567     7.13    4.13
 126756.793    48.394     2.24    4.01
 127126.116    46.672    -4.66    4.61
 127495.539    42.799   -10.48    5.42
 127865.061    39.499    -8.93    5.15
 128234.682    36.910    -7.01    3.56
 128604.402    36.344    -1.53    2.65
 128974.222    36.920     1.56    3.25
 129344.141    38.180     3.40    4.22
 129714.160    39.814     4.42    5.18
 130084.278    41.191     3.72    5.12
 130454.495    42.723     4.14    4.96
 130824.813    44.680     5.28    6.15
 131195.230    46.025     3.63    6.22
 131565.747    47.241     3.28    5.20
 131936.364    46.592    -1.75    3.50
 132307.082    45.454    -3.07    2.95
 132677.899    43.058    -6.46    3.44
 133048.817    41.138    -5.18    3.03
 133419.834    39.700    -3.88    2.29
 133790.953    38.725    -2.63    1.76
 134162.171    38.549    -0.48    1.89
 134533.491    38.324    -0.60    2.04
 134904.911    39.541     3.28    3.88
 135276.431    41.382     4.96    5.21
 135648.053    43.415     5.47    5.19
 136019.775    45.776     6.35    3.45
 136391.599    46.431     1.76    2.80
 136763.523    45.894    -1.44    2.60
 137135.549    45.549    -0.93    2.22
 137507.675    44.582    -2.60    2.71
 137879.904    43.821    -2.04    3.05
 138252.233    44.230     1.10    3.44
 138624.664    44.541     0.83    3.53
 138997.197    45.506     2.59    3.07
 139369.831    47.232     4.63    2.66
 139742.567    49.240     5.39    3.51
 140115.404    51.286     5.49    3.94
 140488.344    54.113     7.58    4.15
 140861.386    57.124     8.07    4.57
 141234.529    60.088     7.94    3.47
 141607.775    62.122     5.45    3.08
 141981.123    63.227     2.96    3.03
 142354.574    63.552     0.87    2.89
 142728.126    63.741     0.51    2.69
 143101.782    62.765    -2.61    3.13
 143475.540    61.506    -3.37    3.78
 143849.400    61.212    -0.79    4.22
 144223.363    63.195     5.31    7.09
 144597.430    65.869     7.15    8.44
 144971.599    68.749     7.70    8.30
 145345.871    70.701     5.22    7.76
 145720.246    68.950    -4.68    7.64
 146094.724    66.980    -5.26    5.88
 146469.306    66.662    -0.85    3.42
 146843.991    66.781     0.32    2.90
 147218.779    65.882    -2.40    3.69
 147593.671    64.367    -4.04    4.31
 147968.667    63.047    -3.52    3.32
 148343.766    62.861    -0.50    3.04
 148718.969    63.395     1.42    3.71
 149094.276    65.249     4.94    4.71
 149469.687    68.754     9.34    6.28
 149845.202    71.595     7.57    7.73
 150220.821    76.144    12.11   10.30
 150596.544    83.164    18.68   10.95
 150972.372    88.458    14.09    9.59
 151348.304    94.599    16.34   11.79
 151724.341    98.488    10.34   14.28
 152100.482   100.870     6.33   18.18
 152476.728   102.317     3.85   22.14
 152853.078   101.323    -2.64   22.57
 153229.534    99.323    -5.31   21.34
 153606.094    93.886   -14.44   18.16
 153982.759    87.689   -16.45   16.41
 154359.530    80.577   -18.88   11.58
 154736.406    75.552   -13.34    5.67
 155113.387    73.607    -5.16    5.11
 155490.473    70.020    -9.51    4.78
 155867.665    67.667    -6.24    3.09
 156244.962    66.809    -2.27    3.09
 156622.365    66.149    -1.75    4.55
 156999.874    67.745     4.23    8.98
 157377.489    73.102    14.19   13.96
 157755.209    80.079    18.47   15.57
 158133.036    84.706    12.25   10.66
 158510.968    87.388     7.10    8.73
 158889.007    90.802     9.03   17.65
 159267.152    98.883    21.37   23.98
 159645.404   113.918    39.75   25.87
 160023.762   132.025    47.86   22.18
 160402.226   145.807    36.42   16.21
 160780.798   148.412     6.88   14.68
 161159.475   148.149    -0.69   13.82
 161538.260   144.958    -8.43   11.95
 161917.152   136.555   -22.18   11.30
 162296.150   126.432   -26.71   15.36
 162675.256   114.616   -31.17   15.93
 163054.469   102.136   -32.91   15.82
 163433.789    94.665   -19.70   11.60
 163813.217    93.738    -2.44   10.80
 164192.752    94.451     1.88    9.05
 164572.395    94.449    -0.00    5.84
 164952.145    93.682    -2.02    5.40
 165332.003    94.592     2.40    6.94
 165711.969    98.637    10.65    9.69
 166092.043   103.350    12.40    9.15
 166472.225   103.752     1.06    8.56
 166852.515   100.847    -7.64    9.41
 167232.913    97.804    -8.00    7.81
 167613.419    99.275     3.87   10.03
 167994.034   110.252    28.84   16.97
 168374.758   124.144    36.49   17.96
 168755.590   135.785    30.57   12.24
 169136.530   139.884    10.76   10.72
 169517.580   138.244    -4.30   12.85
 169898.738   129.891   -21.92   14.73
 170280.005   120.884   -23.63   14.16
 170661.382   110.911   -26.15   11.08
 171042.867   106.215   -12.31    8.30
 171424.462   103.396    -7.39    7.84
 171806.166   105.600     5.77   11.40
 172187.979   109.736    10.83   11.69
 172569.902   112.473     7.17    8.49
 172951.935   110.958    -3.97    6.64
 173334.078   109.786    -3.07    7.05
 173716.330   108.552    -3.23    8.74
 174098.692   108.951     1.04    9.43
 174481.164   111.461     6.56    8.19
 174863.746   111.554     0.24    9.32
 175246.439   104.465   -18.52   18.49
 175629.241    90.276   -37.07   24.19
 176012.155    75.301   -39.11   25.08
 176395.178    61.510   -36.01   24.79
 176778.312    47.761   -35.89   26.28
 177154.364    35.465   -32.70   25.38
