-120654.086   302.741     0.00   31.88
-120275.805   278.201   -64.87   33.11
-119897.427   259.527   -49.35   31.43
-119518.953   244.699   -39.18   21.65
-119140.383   242.990    -4.51   21.16
-118761.716   254.103    29.35   31.62
-118382.951   275.367    56.14   37.15
-118004.091   293.473    47.79   34.04
-117625.133   313.861    53.80   22.92
-117246.078   326.982    34.61   15.11
-116866.926   333.008    15.89    7.95
-116487.677   333.154     0.39    7.36
-116108.331   333.578     1.12    7.81
-115728.888   334.373     2.10    9.12
-115349.347   334.321    -0.14    9.58
-114969.709   331.569    -7.25    9.97
-114589.973   327.051   -11.90    8.68
-114210.140   321.070   -15.75    7.73
-113830.209   315.689   -14.16   10.92
-113450.181   311.357   -11.40   13.13
-113070.055   311.042    -0.83   15.35
-112689.830   313.792     7.23   16.24
-112309.508   313.695    -0.25   15.60
-111929.088   302.692   -28.92   24.75
-111548.570   287.947   -38.75   25.19
-111167.953   284.094   -10.12   21.39
-110787.239   291.751    20.11   21.48
-110406.426   305.973    37.34   16.02
-110025.514   316.681    28.11   12.35
-109644.505   326.930    26.90   13.83
-109263.396   337.705    28.27   12.68
-108882.189   347.956    26.89   13.77
-108500.884   351.213     8.54   13.17
-108119.479   349.999    -3.18   16.76
-107737.976   347.937    -5.40   17.84
-107356.374   344.095   -10.07   15.04
-106974.672   346.921     7.40   13.84
-106592.872   353.406    16.98   14.16
-106210.973   361.313    20.70   16.50
-105828.974   374.677    34.98   18.04
-105446.876   385.146    27.40   19.54
-105064.679   395.581    27.30   20.57
-104682.382   405.534    26.03   21.23
-104314.792   412.990    20.28   21.27
-103951.047   421.663    23.84   22.78
-103587.215   426.611    13.60   22.07
-103223.295   428.517     5.24   20.24
-102859.286   425.834    -7.37   17.35
-102495.190   421.086   -13.04   15.72
-102131.007   416.224   -13.35   14.99
-101766.735   412.669    -9.76   15.10
-101402.374   408.654   -11.02   14.91
-101037.926   402.903   -15.78   12.91
-100673.390   397.973   -13.52   10.15
-100308.765   391.311   -18.27   10.56
 -99944.052   379.430   -32.57   16.30
 -99579.251   366.560   -35.28   19.97
 -99214.361   346.311   -55.49   26.10
 -98849.382   323.247   -63.19   29.79
 -98484.315   308.211   -41.18   23.13
 -98119.160   307.538    -1.84   26.35
 -97753.915   321.050    36.99   38.54
 -97388.582   343.962    62.71   39.67
 -97023.160   367.677    64.89   37.21
 -96657.649   384.094    44.91   30.80
 -96292.049   399.410    41.89   23.54
 -95926.360   407.674    22.60   25.20
 -95560.582   410.990     9.06   26.19
 -95194.715   408.749    -6.12   28.85
 -94828.759   398.111   -29.07   33.61
 -94462.713   381.267   -46.01   40.64
 -94096.578   357.760   -64.20   41.31
 -93730.353   340.835   -46.21   32.84
 -93364.039   331.433   -25.67   21.42
 -92997.635   329.801    -4.45   14.25
 -92631.142   334.204    12.01   12.97
 -92264.559   340.617    17.49   10.08
 -91897.886   342.896     6.22    9.83
 -91531.123   345.690     7.62   11.65
 -91164.271   355.677    27.22   15.75
 -90797.328   368.241    34.24   17.81
 -90430.296   385.587    47.26   18.96
 -90063.173   402.406    45.81   20.32
 -89695.960   418.430    43.63   16.69
 -89328.657   428.923    28.57   11.94
 -88961.264   432.886    10.79    7.67
 -88593.781   430.079    -7.64    9.29
 -88226.206   422.160   -21.54   11.57
 -87858.542   412.876   -25.25   16.40
 -87490.787   403.384   -25.81   19.71
 -87122.941   392.965   -28.32   21.66
 -86755.004   382.954   -27.21   20.99
 -86386.977   371.572   -30.93   21.19
 -86018.859   359.335   -33.24   18.98
 -85650.650   349.096   -27.81   13.77
 -85282.350   342.914   -16.78   11.90
 -84913.959   338.853   -11.02   14.34
 -84545.477   328.703   -27.55   24.68
 -84176.904   321.806   -18.71   23.03
 -83808.240   326.286    12.15   26.36
 -83439.484   341.694    41.78   29.66
 -83070.637   366.362    66.88   23.16
 -82701.698   382.769    44.47   19.72
 -82332.668   393.335    28.63   12.97
 -81963.546   399.822    17.57    7.56
 -81594.333   403.389     9.66    8.67
 -81225.028   405.390     5.42    9.75
 -80855.631   407.940     6.90   10.28
 -80486.143   410.637     7.30    9.96
 -80116.562   413.096     6.65   10.08
 -79746.890   412.889    -0.56    8.23
 -79377.125   407.767   -13.85   10.07
 -79007.268   399.025   -23.64   12.87
 -78637.320   389.956   -24.51   13.36
 -78267.278   379.689   -27.74   11.59
 -77897.145   371.865   -21.14   11.17
 -77526.919   365.822   -16.32   11.19
 -77156.601   361.732   -11.04   10.97
 -76786.190   359.491    -6.05    9.67
 -76415.687   357.596    -5.12    8.07
 -76045.090   354.590    -8.11    8.07
 -75674.402   347.035   -20.38   10.84
 -75303.620   334.361   -34.18   16.60
 -74932.745   320.135   -38.36   20.39
 -74561.778   301.686   -49.73   22.61
 -74190.717   282.372   -52.05   24.01
 -73819.564   267.115   -41.11   21.40
 -73448.317   248.301   -50.68   24.13
 -73076.977   243.672   -12.47   23.81
 -72705.544   247.999    11.65   27.78
 -72334.017   258.847    29.20   29.06
 -71962.397   275.445    44.66   21.54
 -71590.683   278.127     7.22   23.73
 -71218.876   273.896   -11.38   25.10
 -70846.975   265.220   -23.33   25.57
 -70474.981   254.974   -27.54   24.75
 -70102.893   242.144   -34.48   22.51
 -69730.710   229.516   -33.93   24.04
 -69358.434   220.598   -23.96   23.13
 -68986.064   208.603   -32.21   21.72
 -68613.600   198.230   -27.85   20.43
 -68241.042   185.222   -34.91   20.52
 -67868.389   171.516   -36.78   22.71
 -67495.642   161.939   -25.69   24.50
 -67122.801   152.603   -25.04   27.11
 -66749.865   153.504     2.42   32.13
 -66376.835   161.802    22.25   36.82
 -66003.711   174.982    35.32   25.92
 -65630.491   179.912    13.21   19.28
 -65257.177   175.896   -10.76   16.06
 -64883.768   170.891   -13.40   13.74
 -64510.265   163.177   -20.65   12.13
 -64136.666   155.686   -20.05   14.11
 -63762.972   146.463   -24.68   14.68
 -63389.184   138.292   -21.86   14.76
 -63015.300   130.906   -19.75   16.80
 -62641.321   122.258   -23.12   17.50
 -62267.246   110.237   -32.13   28.46
 -61893.077    91.099   -51.15   39.46
 -61518.811    71.211   -53.14   37.30
 -61144.451    57.766   -35.91   32.24
 -60769.994    51.179   -17.59   30.05
 -60395.442    57.956    18.09   38.88
 -60020.795    66.499    22.80   48.40
 -59646.051    80.915    38.47   53.71
 -59271.212    84.482     9.51   52.27
 -58896.277    72.084   -33.06   50.17
 -58521.245    55.444   -44.37   41.46
 -58146.118    43.680   -31.36   30.62
 -57770.894    39.042   -12.36   30.92
 -57395.575    40.162     2.99   35.03
 -57020.159    35.516   -12.38   35.65
 -56644.646    25.709   -26.12   28.57
 -56269.037    17.982   -20.57   17.07
 -55893.332    13.118   -12.95   11.96
 -55517.529    19.672    17.44   17.02
 -55141.631    26.268    17.55   22.86
 -54765.635    29.447     8.46   25.34
 -54389.543    32.579     8.33   25.69
 -54013.353    29.025    -9.45   25.88
 -53637.067    23.025   -15.94   21.72
 -53260.684    18.008   -13.33   17.79
 -52884.203    15.052    -7.85   15.24
 -52507.626    11.924    -8.31   11.32
 -52130.951    10.964    -2.55    8.71
 -51754.178     9.734    -3.26    6.37
 -51377.309     9.153    -1.54    5.53
 -51000.341     8.452    -1.86    5.28
 -50623.276     7.338    -2.95    4.35
 -50246.114     7.663     0.86    4.41
 -49868.854     7.210    -1.20    4.49
 -49491.496     6.866    -0.91    4.60
 -49114.040     6.504    -0.96    5.02
 -48736.486     5.686    -2.17    4.45
 -48358.834     5.067    -1.64    4.91
 -47981.084     4.432    -1.68    5.78
 -47603.236     3.226    -3.19    5.94
 -47225.289     6.324     8.20   10.39
 -46847.244    13.454    18.86   16.33
 -46469.101    23.358    26.19   16.58
 -46090.860    30.838    19.78   11.48
 -45712.519    35.179    11.47    7.30
 -45334.080    36.381     3.18    9.34
 -44955.543    42.633    16.52   12.42
 -44576.906    48.745    16.14   12.42
 -44198.171    56.702    21.01   10.56
 -43819.337    62.694    15.82    9.14
 -43440.403    67.697    13.20    9.90
 -43061.371    76.145    22.29   10.75
 -42682.239    85.906    25.75   13.77
 -42303.009   100.894    39.52   22.55
 -41923.678   118.749    47.07   30.21
 -41544.249   138.862    53.01   29.74
 -41164.720   156.033    45.24   24.13
 -40785.091   167.721    30.79   16.76
 -40405.363   175.415    20.26    8.91
 -40025.535   178.728     8.72    5.05
 -39645.607   178.430    -0.78    5.92
 -39265.579   174.663    -9.91    9.13
 -38885.451   172.512    -5.66   10.09
 -38505.224   174.830     6.09   11.40
 -38124.896   180.799    15.69   10.60
 -37744.468   185.218    11.62    6.48
 -37363.940   186.180     2.53    5.22
 -36983.311   185.663    -1.36    3.81
 -36602.582   185.965     0.79    4.47
 -36221.752   189.208     8.51    8.23
 -35840.822   199.624    27.34   19.64
 -35459.791   213.035    35.19   24.10
 -35078.660   220.050    18.41   20.15
 -34697.427   219.240    -2.13   20.28
 -34316.094   206.252   -34.06   20.27
 -33934.660   193.615   -33.13   13.49
 -33553.124   185.330   -21.71    9.35
 -33171.488   178.643   -17.52   11.99
 -32789.750   172.199   -16.88   13.76
 -32407.911   164.874   -19.18   11.02
 -32025.971   158.233   -17.39    8.54
 -31643.929   153.924   -11.28    8.45
 -31261.785   147.971   -15.58    8.75
 -30879.540   142.586   -14.09    7.27
 -30497.194   139.828    -7.21    7.03
 -30114.745   135.851   -10.40    8.16
 -29739.223   133.559    -6.10    7.20
 -29375.720   132.141    -3.90    5.59
 -29012.127   130.966    -3.23    4.34
 -28648.446   130.403    -1.55    3.33
 -28284.674   126.680   -10.23    6.40
 -27920.813   119.491   -19.76   10.76
 -27556.863   109.333   -27.91   15.44
 -27192.822    96.008   -36.60   16.34
 -26828.693    83.716   -33.76   15.41
 -26464.473    73.192   -28.89   12.26
 -26100.163    66.355   -18.77    9.36
 -25735.764    64.296    -5.65    8.29
 -25371.274    65.517     3.35    8.75
 -25006.694    67.686     5.95    6.94
 -24642.024    66.411    -3.49    6.75
 -24277.264    64.076    -6.40    6.54
 -23912.414    63.823    -0.69    6.36
 -23547.474    65.694     5.13    7.89
 -23182.443    63.745    -5.34   14.89
 -22817.321    55.115   -23.64   25.09
 -22452.109    38.311   -46.01   29.94
 -22086.806    22.917   -42.14   26.21
 -21721.413    13.787   -24.98   17.94
 -21355.929    10.278    -9.60   12.35
 -20990.354    18.206    21.69   16.97
 -20624.688    25.806    20.78   18.04
 -20258.931    35.533    26.59   17.56
 -19893.083    42.201    18.23   16.49
 -19527.145    44.330     5.82   15.39
 -19161.115    48.041    10.14   12.62
 -18794.993    49.586     4.22   11.01
 -18428.781    48.299    -3.52    9.23
 -18062.477    44.714    -9.79    8.75
 -17696.081    44.380    -0.91    8.58
 -17329.595    47.663     8.96   12.95
 -16963.016    53.719    16.52   15.45
 -16596.346    58.922    14.19   13.46
 -16229.584    59.745     2.24   12.10
 -15862.731    59.083    -1.81   13.36
 -15495.785    60.087     2.74   17.42
 -15128.748    59.677    -1.12   16.89
 -14761.619    54.432   -14.29   15.58
 -14394.398    44.427   -27.24   17.86
 -14027.084    36.074   -22.74   16.99
 -13659.679    30.194   -16.00   14.29
 -13292.181    24.966   -14.23   13.00
 -12924.590    24.873    -0.25   13.59
 -12556.908    23.137    -4.72   15.16
 -12189.133    20.421    -7.39   17.11
 -11821.265    18.991    -3.89   18.93
 -11453.305    20.629     4.45   20.38
 -11085.252    23.495     7.79   21.22
 -10717.106    25.136     4.46   19.66
 -10348.868    27.537     6.52   18.15
  -9980.536    28.483     2.57   16.88
  -9612.112    24.253   -11.48   15.64
  -9243.595    22.623    -4.43   15.26
  -8874.984    21.833    -2.14   17.19
  -8506.280    23.999     5.88   20.93
  -8137.484    26.008     5.45   22.16
  -7768.593    26.939     2.53   21.73
  -7399.610    26.774    -0.45   20.17
  -7030.533    25.624    -3.12   15.96
  -6661.362    33.867    22.33   18.34
  -6292.098    34.363     1.34   27.81
  -5922.740    29.294   -13.73   31.92
  -5553.288    23.239   -16.39   27.37
  -5183.743    17.967   -14.27   20.47
  -4814.104    15.835    -5.77   19.14
  -4444.371    17.917     5.63   19.54
  -4074.543    19.287     3.70   19.58
  -3704.622    19.669     1.03   18.28
  -3334.606    16.216    -9.33   16.96
  -2964.497    11.655   -12.32   16.09
  -2594.293     8.487    -8.56   14.43
  -2223.994     5.828    -7.18   13.30
  -1853.601     5.210    -1.67   14.06
  -1483.114     3.683    -4.12   13.97
  -1112.532     3.266    -1.12   13.85
   -741.855     4.669     3.78   14.29
   -371.083     3.549    -3.02   13.12
     -0.217     1.663    -5.08   11.74
    370.744    -0.199    -5.02   10.13
    741.800     0.165     0.98    9.24
   1112.952     2.982     7.59    9.12
   1484.198     8.495    14.85   10.03
   1855.540    13.153    12.54    7.99
   2226.976    16.858     9.97    4.13
   2598.508    16.942     0.23    3.87
   2970.136    17.727     2.11    3.48
   3341.859    18.628     2.42    4.76
   3713.678    20.116     4.00    5.82
   4085.592    24.124    10.78    9.14
   4457.602    29.385    14.14   11.36
   4829.707    34.826    14.62    8.84
   5201.909    35.680     2.29    7.37
   5574.206    34.858    -2.21    8.14
   5946.600    31.966    -7.77    6.84
   6319.089    31.458    -1.36    5.94
   6691.675    33.408     5.23    5.84
   7064.357    34.884     3.96    4.64
   7437.135    35.899     2.72    3.95
   7810.009    36.319     1.13    4.16
   8182.980    37.860     4.13    6.21
   8556.048    40.832     7.97    9.40
   8929.212    42.008     3.15   10.55
   9302.473    43.677     4.47   10.36
   9675.830    43.482    -0.52    7.73
  10049.284    44.868     3.71    5.79
  10422.836    46.280     3.78    4.77
  10796.484    47.868     4.25    4.38
  11170.229    47.299    -1.52    5.03
  11544.071    44.633    -7.13    6.59
  11918.011    44.049    -1.56    6.16
  12292.048    43.408    -1.71    6.24
  12666.182    39.829    -9.57    7.58
  13040.414    35.383   -11.88   10.79
  13414.743    28.470   -18.47   12.78
  13789.169    25.146    -8.88   12.14
  14163.694    22.982    -5.78   12.42
  14538.316    23.221     0.64   12.90
  14913.035    20.741    -6.62   13.71
  15287.853    17.413    -8.88   13.26
  15662.769    14.553    -7.63   13.79
  16037.783    14.280    -0.73   14.86
  16412.894    13.374    -2.42   15.78
  16788.104    14.344     2.59   17.97
  17163.413    16.172     4.87   18.93
  17538.819    16.666     1.32   18.40
  17914.324    18.245     4.20   16.94
  18289.928    15.336    -7.74   15.32
  18665.630    12.703    -7.01   15.88
  19041.431     8.446   -11.33   15.71
  19417.330     2.934   -14.66   12.98
  19793.329     6.813    10.32   20.73
  20169.426    15.328    22.64   27.51
  20545.622    27.478    32.30   27.52
  20921.917    38.262    28.66   21.77
  21298.311    44.409    16.33   11.47
  21674.805    42.458    -5.18    6.36
  22051.398    39.772    -7.13    7.30
  22428.090    34.403   -14.25    7.80
  22804.881    31.203    -8.49    6.76
  23181.772    30.108    -2.91    5.82
  23558.763    29.917    -0.51    5.85
  23935.853    29.549    -0.98    5.15
  24313.043    29.938     1.03    5.13
  24690.333    31.553     4.28    4.65
  25067.723    30.777    -2.05    5.01
  25445.213    30.249    -1.40    6.11
  25822.803    27.991    -5.98    9.12
  26200.493    27.033    -2.54   11.27
  26578.283    27.795     2.02   10.88
  26956.173    25.639    -5.70   12.88
  27334.164    21.666   -10.51   14.01
  27712.255    21.319    -0.92   14.31
  28090.447    22.491     3.10   12.76
  28468.740    24.162     4.42    9.12
  28847.133    24.410     0.65    7.04
  29225.627    22.344    -5.46    7.07
  29604.222    20.301    -5.40    7.54
  29982.917    18.943    -3.59    8.80
  30361.714    15.975    -7.84   10.43
  30740.612    11.533   -11.72   10.16
  31119.611     7.170   -11.51    4.44
  31498.711     6.512    -1.74    2.82
  31877.913     7.024     1.35    2.61
  32257.216     7.449     1.12    1.68
  32636.621     7.508     0.16    1.48
  33016.127     8.000     1.30    1.85
  33395.735     9.891     4.98    3.66
  33775.444    11.590     4.47    3.99
  34155.256    12.443     2.25    3.68
  34535.169    12.164    -0.73    3.74
  34915.184    11.646    -1.36    3.44
  35295.302    11.434    -0.56    2.63
  35675.521    11.239    -0.51    2.19
  36055.843    10.533    -1.86    2.18
  36436.267     9.737    -2.09    1.93
  36816.794     9.243    -1.30    1.75
  37197.423     9.652     1.08    2.44
  37578.154    11.283     4.28    3.69
  37958.989    14.205     7.67    4.26
  38339.926    17.686     9.14    4.39
  38720.965    21.841    10.91    4.04
  39102.108    26.041    11.02    5.73
  39483.354    31.182    13.49    7.58
  39864.702    37.274    15.98    7.37
  40246.154    41.441    10.92    5.27
  40627.709    41.863     1.10    5.53
  41009.368    39.975    -4.95    6.78
  41391.130    36.918    -8.01    6.81
  41772.995    36.097    -2.15    6.44
  42154.964    36.277     0.47    7.47
  42537.036    37.330     2.76    7.59
  42919.212    38.266     2.45    6.84
  43301.493    39.122     2.24    5.62
  43683.876    40.074     2.49    4.75
  44066.364    44.154    10.67    7.07
  44448.956    49.556    14.12    7.94
  44831.653    54.196    12.13    6.18
  45196.244    56.637     6.69    3.93
  45559.603    57.816     3.25    3.62
  45923.053    58.772     2.63    3.73
  46286.594    61.080     6.35    3.95
  46650.226    64.441     9.24    4.28
  47013.950    67.845     9.36    4.34
  47377.764    70.064     6.10    3.84
  47741.670    72.050     5.46    2.47
  48105.667    73.200     3.16    1.59
  48469.756    73.609     1.13    1.66
  48833.936    74.269     1.81    1.99
  49198.208    74.803     1.47    2.24
  49562.572    75.593     2.17    2.46
  49927.027    75.818     0.62    2.48
  50291.574    74.544    -3.49    3.34
  50656.213    74.352    -0.53    3.48
  51020.944    74.730     1.03    3.66
  51385.767    76.582     5.08    3.98
  51750.682    77.847     3.47    3.20
  52115.690    78.487     1.75    3.11
  52480.789    79.208     1.97    3.86
  52845.981    80.760     4.25    4.98
  53211.265    84.097     9.14    5.87
  53576.642    87.234     8.58    5.06
  53942.111    88.524     3.53    3.41
  54307.673    86.398    -5.82    5.46
  54673.327    82.847    -9.71    6.26
  55039.074    79.999    -7.78    4.97
  55404.914    79.459    -1.48    5.99
  55770.847    81.588     5.82    8.60
  56136.872    83.228     4.48    9.04
  56502.991    82.806    -1.15    9.87
  56869.203    79.260    -9.68   11.57
  57235.508    73.213   -16.51   10.10
  57601.906    68.411   -13.11    6.87
  57968.398    65.065    -9.13    4.56
  58334.983    63.474    -4.34    2.66
  58701.661    63.137    -0.92    3.03
  59068.433    63.154     0.05    4.44
  59435.298    63.190     0.10    4.95
  59802.257    63.288     0.27    5.18
  60169.310    63.591     0.83    4.96
  60536.457    62.563    -2.80    4.12
  60903.697    63.306     2.02    4.38
  61271.032    64.164     2.34    5.20
  61638.460    63.209    -2.60    5.52
  62005.983    62.080    -3.07    5.70
  62373.600    60.580    -4.08    4.61
  62741.311    60.128    -1.23    4.48
  63109.116    60.325     0.54    4.29
  63477.016    61.249     2.51    4.15
  63845.010    62.488     3.37    4.35
  64213.099    61.884    -1.64    5.72
  64581.282    60.548    -3.63    5.51
  64949.560    61.416     2.36    6.17
  65317.933    64.782     9.14    9.40
  65686.400    70.750    16.20   12.58
  66054.963    76.637    15.97   11.75
  66423.620    81.230    12.46   10.53
  66792.373    85.266    10.94    8.94
  67161.220    88.536     8.87    7.55
  67530.163    90.785     6.10    6.47
  67899.201    91.373     1.59    5.51
  68268.335    91.586     0.58    5.19
  68637.564    92.643     2.86    4.54
  69006.888    94.672     5.49    4.73
  69376.308    96.660     5.38    4.18
  69745.823    95.927    -1.98    4.43
  70115.435    95.317    -1.65    5.58
  70485.142    93.431    -5.10    7.20
  70854.945    92.492    -2.54    7.49
  71224.843    91.919    -1.55    6.73
  71594.838    89.520    -6.48    6.33
  71964.929    85.640   -10.48    5.74
  72335.117    81.203   -11.99    7.30
  72705.400    75.160   -16.32    8.07
  73075.780    69.794   -14.49    7.47
  73446.256    65.770   -10.86    5.87
  73816.828    63.730    -5.51    3.97
  74187.497    61.458    -6.13    2.98
  74558.263    59.366    -5.64    3.74
  74929.126    57.048    -6.25    5.24
  75300.085    54.137    -7.85    4.55
  75671.141    52.363    -4.78    3.75
  76042.294    50.104    -6.09    4.25
  76413.544    46.583    -9.48    6.12
  76784.891    44.312    -6.12    5.92
  77156.335    44.124    -0.51    6.12
  77527.877    45.363     3.34    6.09
  77899.515    50.008    12.50    6.03
  78271.252    54.085    10.97    6.68
  78643.085    57.736     9.82    6.87
  79015.016    58.122     1.04    6.71
  79387.045    56.639    -3.99    7.39
  79759.172    53.992    -7.11    6.15
  80131.396    52.918    -2.88    4.68
  80503.718    52.414    -1.35    4.90
  80876.138    50.587    -4.91    5.54
  81248.656    46.932    -9.81    6.21
  81621.272    44.087    -7.64    4.92
  81993.986    42.090    -5.36    3.48
  82366.799    40.344    -4.69    3.14
  82739.709    39.682    -1.77    3.24
  83112.719    38.206    -3.96    2.96
  83485.826    36.968    -3.32    3.25
  83859.033    37.123     0.41    3.28
  84232.337    37.126     0.01    3.92
  84605.741    38.449     3.54    4.56
  84979.243    39.680     3.30    4.44
  85352.844    40.174     1.32    4.04
  85726.544    39.912    -0.70    3.52
  86100.344    37.941    -5.27    5.11
  86474.242    35.421    -6.74    5.49
  86848.239    32.349    -8.21    5.18
  87222.336    26.878   -14.63    7.59
  87596.532    21.484   -14.41   10.10
  87970.827    13.680   -20.85    9.47
  88345.222     7.484   -16.55    6.16
  88719.717     4.790    -7.19    3.96
  89094.311     6.270     3.95    6.05
  89469.005    11.048    12.75    8.72
  89843.798    18.083    18.77    8.34
  90218.692    24.833    18.01    6.07
  90593.686    30.226    14.38    6.54
  90968.779    34.588    11.63    6.18
  91343.973    38.205     9.64    4.80
  91719.267    40.924     7.25    3.09
  92094.661    41.560     1.69    3.59
  92470.156    40.976    -1.56    4.90
  92845.751    40.083    -2.38    6.03
  93221.446    38.913    -3.11    6.34
  93597.243    36.606    -6.14    5.81
  93973.140    33.659    -7.84    5.32
  94349.137    32.024    -4.35    4.69
  94725.236    30.349    -4.45    3.15
  95101.435    29.616    -1.95    2.65
  95477.736    30.272     1.74    2.41
  95854.138    31.496     3.25    2.80
  96230.641    32.168     1.78    3.37
  96607.245    32.624     1.21    3.77
  96983.950    32.157    -1.24    3.76
  97360.757    31.130    -2.73    3.40
  97737.665    29.094    -5.40    3.35
  98114.675    28.024    -2.84    3.67
  98491.787    27.609    -1.10    4.88
  98869.001    28.968     3.60    6.32
  99246.316    32.158     8.45    6.98
  99623.733    34.928     7.34    6.37
 100001.252    36.379     3.84    5.86
 100378.874    35.157    -3.24    5.78
 100756.597    30.976   -11.07    7.40
 101134.423    24.421   -17.35    8.61
 101512.351    17.468   -18.40    8.35
 101890.381    11.992   -14.49    5.80
 102268.514     8.234    -9.94    2.72
 102646.750     7.182    -2.78    1.91
 103025.088     6.999    -0.48    2.17
 103403.529     7.795     2.10    2.56
 103782.073     8.552     2.00    2.47
 104160.720     8.672     0.32    2.62
 104539.470     6.960    -4.52    3.22
 104918.323     4.674    -6.03    3.48
 105297.279     2.674    -5.28    3.33
 105676.338     1.536    -3.00    2.74
 106055.501     1.762     0.60    3.48
 106434.767     3.238     3.89    5.12
 106814.137     5.391     5.68    5.63
 107193.610     7.252     4.90    4.90
 107573.187     8.305     2.78    3.35
 107952.868     7.905    -1.06    2.61
 108332.652     6.840    -2.80    2.26
 108712.541     5.677    -3.06    1.56
 109092.533     5.811     0.35    2.56
 109472.630     5.873     0.16    3.37
 109852.831     5.690    -0.48    3.72
 110233.136     4.960    -1.92    3.88
 110613.545     4.080    -2.31    3.45
 110994.059     3.693    -1.02    3.27
 111374.678     4.008     0.83    4.25
 111755.401     4.182     0.46    4.90
 112136.229     4.114    -0.18    5.13
 112517.161     1.752    -6.20    5.15
 112898.199    -1.079    -7.43    4.74
 113279.342    -3.736    -6.97    3.79
 113660.589    -5.173    -3.77    1.76
 114041.942    -5.227    -0.14    1.80
 114423.400    -5.567    -0.89    1.73
 114804.963    -5.912    -0.90    1.53
 115186.632    -6.160    -0.65    1.24
 115568.406    -5.762     1.04    1.63
 115950.286    -4.224     4.03    3.65
 116332.271    -1.095     8.19    5.94
 116714.362     3.091    10.96    7.37
 117096.559     9.389    16.48    8.67
 117478.862    15.384    15.68    8.28
 117861.271    20.576    13.58    5.83
 118243.786    21.850     3.33    5.67
 118626.407    22.916     2.79    7.40
 119009.135    22.181    -1.92    6.54
 119391.969    20.713    -3.84    3.11
 119765.146    20.528    -0.50    1.55
 120128.275    21.868     3.69    3.36
 120491.498    24.925     8.42    5.61
 120854.813    29.268    11.95    7.66
 121218.220    35.992    18.51   10.38
 121581.720    44.268    22.77   12.00
 121945.313    55.153    29.94   13.91
 122308.998    63.841    23.89   13.73
 122672.777    69.614    15.87   13.51
 123036.648    72.197     7.10   13.29
 123400.613    68.723    -9.54   13.52
 123764.671    63.073   -15.52   12.70
 124128.821    60.378    -7.40   11.42
 124493.065    60.357    -0.06   12.65
 124857.403    59.805    -1.52   12.20
 125221.833    59.648    -0.43   12.06
 125586.358    60.992     3.69   12.03
 125950.975    61.674     1.87   11.96
 126315.687    62.690     2.79   11.75
 126680.492    62.886     0.54   10.88
 127045.390    63.740     2.34   10.09
 127410.383    66.563     7.73   10.20
 127775.469    71.532    13.61   10.44
 128140.650    78.235    18.36    7.63
 128505.924    80.352     5.79    6.71
 128871.293    79.389    -2.64    7.83
 129236.756    77.892    -4.10    8.09
 129602.313    76.359    -4.19    7.57
 129967.964    77.116     2.07    6.60
 130333.710    77.749     1.73    5.50
 130699.551    78.535     2.15    7.93
 131065.485    79.180     1.76   10.17
 131431.515    81.024     5.04   12.90
 131797.639    84.000     8.13   16.56
 132163.858    84.906     2.48   17.21
 132530.172    82.641    -6.18   18.82
 132896.581    75.921   -18.34   18.52
 133263.085    66.409   -25.95   16.34
 133629.684    57.799   -23.49   15.08
 133996.378    49.758   -21.93   11.28
 134363.167    44.406   -14.59    8.42
 134730.052    41.341    -8.35    6.38
 135097.032    38.605    -7.46    5.58
 135464.108    37.992    -1.67    5.32
 135831.279    38.254     0.71    6.36
 136198.545    37.781    -1.29   10.57
 136565.908    35.504    -6.20   13.53
 136933.366    34.427    -2.93   16.67
 137300.920    32.800    -4.43   17.05
 137668.569    29.896    -7.90   14.19
 138036.315    26.595    -8.98    8.55
 138404.157    25.868    -1.98    6.29
 138772.095    28.032     5.88    7.48
 139140.130    35.047    19.06   13.28
 139508.260    42.781    21.01   15.28
 139876.487    44.696     5.20   14.24
 140244.810    42.202    -6.77   15.53
 140613.230    40.574    -4.42   14.97
 140981.747    40.816     0.66   13.61
 141350.360    44.328     9.53   13.57
 141719.070    48.822    12.19   11.82
 142087.877    50.508     4.57   10.64
 142456.781    51.648     3.09    8.89
 142825.781    53.905     6.12    8.34
 143194.879    56.041     5.79    7.82
 143564.074    56.898     2.32    8.83
 143933.366    58.922     5.48    8.46
 144302.755    58.943     0.06    8.04
 144672.242    57.837    -2.99    6.83
 145041.826    54.312    -9.54    6.24
 145411.508    50.397   -10.59    4.46
 145781.288    49.754    -1.74    5.64
 146151.165    50.880     3.04    8.55
 146521.140    51.906     2.77    8.42
 146891.212    52.426     1.41    7.80
 147261.383    55.231     7.58    8.30
 147631.651    54.219    -2.73    8.88
 148002.018    49.234   -13.46   11.85
 148372.483    42.316   -18.68   14.04
 148743.046    36.760   -15.00   10.41
 149113.707    37.929     3.15   11.69
 149484.467    44.416    17.50   15.46
 149855.325    48.706    11.57   13.45
 150226.282    50.070     3.68   11.37
 150597.338    44.828   -14.13   10.91
 150968.492    41.016   -10.27   10.85
 151339.745    37.743    -8.81    9.95
 151711.097    40.453     7.30   12.33
 152082.547    45.814    14.43   12.73
 152454.097    53.333    20.24   11.10
 152825.746    59.078    15.46    8.95
 153197.494    60.984     5.13    7.58
 153569.341    61.448     1.25    6.81
 153941.288    60.147    -3.50    5.37
 154313.334    60.436     0.78    5.17
 154685.480    63.242     7.54    7.02
 155057.725    66.867     9.74    8.49
 155430.070    72.774    15.87   11.55
 155802.515    76.742    10.65   11.33
 156175.059    78.558     4.88    9.46
 156547.704    77.520    -2.79    8.14
 156920.448    78.488     2.60    8.61
 157293.293    81.945     9.27    9.65
 157666.237    85.421     9.32    8.09
 158039.282    86.739     3.53    6.91
 158412.428    81.206   -14.83   14.16
 158785.673    77.746    -9.27   15.60
