# NaN NaN NaN ;Mean Elev.(m), Avg Gradient(m/km), RMS Gradient(m/km) - SRTM1     
#  -21.176  -8.824  10.634 ;Mean Elev.(m), Avg Gradient(m/km), RMS Gradient(m/km) - ASTER GDEM
#    1.075   0.385  10.709 ;Mean Elev.(m), Avg Gradient(m/km), RMS Gradient(m/km) - GMTED2010 
  7    25.728 52475.55547785 16.44 102.616402  72.023091 15.322
  7    23.707 52475.55547849 17.85 102.611032  72.026001 15.322
  7     1.325 52475.55547914 20.17 102.605652  72.028911 15.322
  7     1.364 52475.55547978 24.09 102.600272  72.031811 15.322
  7     1.760 52475.55548043 21.30 102.594902  72.034721 15.322
  7     3.314 52475.55548107 20.00 102.589512  72.037631 15.322
  8    25.436 52510.55543533 16.30 102.621195  72.032426 13.169
  8    24.084 52510.55543597 16.10 102.615815  72.035336 13.169
  8    23.690 52510.55543662 15.68 102.610435  72.038246 13.169
  8    20.621 52510.55543726 17.78 102.605055  72.041146 13.169
  8    19.790 52510.55543791 16.60 102.599675  72.044056 13.169
  9     0.604 52545.55544709 45.11 102.612760  72.020084 10.572
  9     0.149 52545.55544773 42.76 102.607385  72.022995 17.328
  9     0.536 52545.55544838 40.41 102.602005  72.025905 17.328
  9     0.756 52545.55544902 36.39 102.596625  72.028805 17.328
  9     0.602 52545.55545031 41.67 102.585865  72.034625 17.328
 10    17.621 52580.55547512 15.42 102.616657  72.022392  4.963
 10    12.468 52580.55547576 16.80 102.611277  72.025292  4.963
 10     0.053 52580.55547641 17.59 102.605907  72.028202  4.963
 10     1.545 52580.55547705 17.61 102.600527  72.031112  4.963
 10     3.126 52580.55547770 17.17 102.595147  72.034022  4.963
 10     3.480 52580.55547834 16.69 102.589767  72.036922  4.963
 11    15.992 52615.55544572 16.39 102.616773  72.032696  4.678
 11    14.520 52615.55544636 16.14 102.611393  72.035606  4.678
 11    12.637 52615.55544701 15.84 102.606023  72.038516  4.678
 11     5.809 52615.55544765 15.22 102.600643  72.041426  4.678
 12    20.995 52650.55542270 11.34 102.613306  72.026097  3.639
 12    16.125 52650.55542335 13.08 102.607926  72.028997  3.639
 12    10.045 52650.55542399 13.45 102.602546  72.031907  3.639
 12     7.623 52650.55542464 13.52 102.597166  72.034817  3.639
 12     3.700 52650.55542528 13.57 102.591786  72.037717  3.639
 13    17.301 52685.55541075 12.25 102.622364  72.031944  4.343
 13    16.529 52685.55541140 12.81 102.616984  72.034844  4.343
 13     4.965 52685.55541204 12.71 102.611614  72.037754  4.343
 13     7.447 52685.55541269 12.29 102.606234  72.040664  4.343
 13     4.322 52685.55541333 12.13 102.600844  72.043574  4.343
 14    26.848 52720.55546029  5.73 102.617682  72.023470  2.995
 14    26.623 52720.55546094  4.71 102.612302  72.026370  2.995
 14    25.998 52720.55546158  4.15 102.606922  72.029280  2.995
 14    25.850 52720.55546223  3.29 102.601552  72.032190  2.995
 14     5.835 52720.55546287  6.88 102.596172  72.035100  2.995
 14     7.663 52720.55546352  8.60 102.590782  72.038000  2.995
 15    27.073 52755.55548443  6.66 102.619153  72.025505  3.302
 15    25.222 52755.55548507  8.81 102.613773  72.028405  3.302
 15    17.094 52755.55548572 10.45 102.608403  72.031315  3.302
 15    15.088 52755.55548636  9.75 102.603023  72.034225  3.302
 15    17.357 52755.55548701  9.79 102.597643  72.037135  3.302
 15     4.111 52755.55548765  9.85 102.592263  72.040035  3.302
 16    23.133 52790.55543193 18.74 102.612269  72.016007 11.800
 16    20.216 52790.55543258 21.21 102.606899  72.018917 11.800
 16     5.198 52790.55543322 20.94 102.601519  72.021817 11.800
 16     5.820 52790.55543387 20.77 102.596139  72.024727 11.800
 16     7.493 52790.55543451 19.73 102.590759  72.027637 11.800
 17    23.336 52825.55550208 16.44 102.614615  72.019902 20.711
 17     2.923 52825.55550272 17.95 102.609245  72.022812 20.711
 17     2.851 52825.55550337 20.85 102.603865  72.025712 20.711
 17     2.380 52825.55550401 22.22 102.598485  72.028622 20.711
 17     2.266 52825.55550466 24.89 102.593105  72.031532 20.711
 17     3.284 52825.55550530 24.08 102.587725  72.034432 20.711
 18    25.280 52860.55554810 21.77 102.615320  72.021418 14.524
 18    24.162 52860.55554874 20.82 102.609940  72.024328 14.524
 18    27.244 52860.55554939 17.86 102.604560  72.027228 14.524
 18    25.183 52860.55555003 15.54 102.599180  72.030138 14.524
 18    22.956 52860.55555068 16.95 102.593800  72.033048 14.524
 18     7.022 52860.55555132 20.25 102.588420  72.035948 14.524
 19     1.405 52895.55557943 38.78 102.617674  72.026402 17.179
 19     1.138 52895.55558007 31.77 102.612304  72.029312 17.179
 19     1.315 52895.55558072 23.36 102.606924  72.032222 17.179
 19     1.431 52895.55558136 21.61 102.601544  72.035126 28.400
 19     4.104 52895.55558200 19.08 102.596164  72.038036 28.400
 20     0.961 52930.55552936 31.33 102.619774  72.034689  7.969
 20     1.296 52930.55553001 31.11 102.614394  72.037599  7.969
 20     1.334 52930.55553065 32.40 102.609014  72.040499  7.969
 20     1.066 52930.55553129 32.98 102.603634  72.043409  7.969
 21    14.024 52965.55552054 21.75 102.609741  72.021265  5.373
 21     0.034 52965.55552119 22.45 102.604371  72.024165  5.373
 21    -0.042 52965.55552183 23.65 102.598991  72.027075  5.373
 21     0.171 52965.55552248 23.83 102.593611  72.029985  5.373
 21     2.496 52965.55552312 22.38 102.588231  72.032885  5.373
 23    16.977 53035.55550445 13.45 102.619580  72.033233  3.828
 23    14.238 53035.55550509 13.85 102.614200  72.036143  3.828
 23    12.801 53035.55550574 12.92 102.608820  72.039053  3.828
 23    10.758 53035.55550638 13.06 102.603440  72.041953  3.828
 23     5.606 53035.55550702 12.85 102.598060  72.044863  3.828
 24    23.182 53070.55552301 10.22 102.617137  72.024847  3.739
 24    12.275 53070.55552365 13.42 102.611757  72.027747  3.739
 24     0.754 53070.55552430 13.73 102.606377  72.030657  3.739
 24     2.516 53070.55552494 13.38 102.600997  72.033567  3.739
 24     3.013 53070.55552559 13.79 102.595617  72.036477  3.739
 24     4.143 53070.55552623 12.77 102.590237  72.039377  3.739
 25    14.116 53105.55550608 11.51 102.622106  72.035182  3.585
 25     1.706 53105.55550673 12.34 102.616726  72.038092  3.585
 25     2.677 53105.55550737 11.45 102.611346  72.041002  3.585
 25     4.071 53105.55550802 11.76 102.605966  72.043902  3.585
 26    25.834 53140.55552935  7.72 102.614355  72.022216  3.208
 26    16.911 53140.55553000 10.32 102.608975  72.025116  3.208
 26    12.568 53140.55553064 10.74 102.603595  72.028026  3.208
 26     1.917 53140.55553129 11.04 102.598215  72.030936  3.208
 26     2.921 53140.55553193 11.70 102.592835  72.033836  3.208
 26     3.771 53140.55553258 10.78 102.587455  72.036746  3.208
 27     4.770 53175.55556216 37.27 102.616306  72.024493 14.985
 27     4.788 53175.55556280 29.36 102.610926  72.027403 14.985
 27     4.973 53175.55556345 29.88 102.605546  72.030303 14.985
 27     5.105 53175.55556409 36.08 102.600166  72.033213 14.985
 27     4.701 53175.55556474 34.89 102.594786  72.036123 14.985
 27     8.259 53175.55556538 30.05 102.589406  72.039033 14.985
 28     2.675 53210.55558080 40.13 102.616922  72.026594 23.201
 28     2.641 53210.55558144 40.58 102.611552  72.029504 23.201
 28     1.930 53210.55558209 36.76 102.606172  72.032414 23.201
 28     3.473 53210.55558273 35.35 102.600792  72.035324 23.201
 28     2.839 53210.55558337 41.31 102.595412  72.038224 23.201
 29    23.569 53245.55554931 19.16 102.620565  72.030112 17.145
 29     0.945 53245.55554995 21.42 102.615185  72.033022 17.145
 29     1.036 53245.55555060 21.99 102.609805  72.035932 17.145
 29     1.200 53245.55555124 22.73 102.604425  72.038832 17.145
 29     1.520 53245.55555189 27.30 102.599045  72.041742 17.145
 30     0.336 53280.55553089 48.18 102.610219  72.017682 19.111
 30     0.149 53280.55553154 42.84 102.604849  72.020582 19.111
 30     0.263 53280.55553218 31.49 102.599469  72.023492 19.111
 30     0.914 53280.55553283 28.36 102.594089  72.026402 19.111
 31    16.972 53315.55554743 17.01 102.613620  72.025115  4.513
 31    16.020 53315.55554807 17.26 102.608240  72.028025  4.513
 31    14.277 53315.55554872 17.96 102.602860  72.030925  4.513
 31     2.521 53315.55554936 19.16 102.597480  72.033835  4.513
 31     3.551 53315.55555001 18.01 102.592100  72.036745  4.513
 32    17.564 53350.55551379 14.38 102.620948  72.030229  4.107
 32    16.477 53350.55551443 14.40 102.615568  72.033129  4.107
 32    13.400 53350.55551507 15.03 102.610188  72.036039  4.107
 32     6.316 53350.55551572 14.52 102.604808  72.038949  4.107
 32     9.660 53350.55551636 14.24 102.599428  72.041859  4.107
 33    29.041 53385.55549322  9.44 102.614253  72.017020  3.520
 33    27.628 53385.55549386 10.02 102.608873  72.019920  3.520
 33    11.006 53385.55549451 14.04 102.603503  72.022830  3.520
 33    11.782 53385.55549515 14.17 102.598123  72.025740  3.520
 33     6.444 53385.55549579 14.50 102.592743  72.028650  3.520
 33     5.542 53385.55549644 13.36 102.587363  72.031550  3.520
 34    17.610 53420.55549982 11.83 102.617317  72.030676  3.656
 34    15.301 53420.55550046 13.10 102.611937  72.033586  3.656
 34    13.680 53420.55550111 12.90 102.606557  72.036496  3.656
 34    10.848 53420.55550175 11.95 102.601167  72.039396  3.656
 34     8.414 53420.55550239 11.80 102.595787  72.042306  3.656
 35    27.914 53455.55550323  6.75 102.613249  72.016871  3.160
 35    27.522 53455.55550388  6.27 102.607879  72.019781  3.160
 35    24.807 53455.55550452  7.77 102.602499  72.022681  3.160
 35    12.983 53455.55550516 10.24 102.597119  72.025591  3.160
 35     7.215 53455.55550581 11.02 102.591739  72.028501  3.160
 36    25.544 53490.55558933  6.92 102.613381  72.021782  3.200
 36    24.580 53490.55558998  7.97 102.608011  72.024692  3.200
 36    13.083 53490.55559062  9.95 102.602631  72.027602  3.200
 36    11.661 53490.55559126 10.67 102.597261  72.030512  3.200
 36     5.014 53490.55559191 10.30 102.591881  72.033412  3.200
 36     4.505 53490.55559255 10.44 102.586491  72.036322  3.200
 37     3.571 53525.55557411 34.63 102.617593  72.027371 12.778
 37    23.815 53525.55557476 25.44 102.612213  72.030281 12.778
 37    22.914 53525.55557540 24.86 102.606843  72.033191 12.778
 37    21.598 53525.55557605 24.58 102.601463  72.036101 12.778
 37     8.159 53525.55557669 25.88 102.596073  72.039001 12.778
 38    27.664 53560.55560182 14.68 102.615121  72.026845 12.731
 38    24.325 53560.55560247 14.66 102.609751  72.029755 12.731
 38    22.689 53560.55560311 15.39 102.604371  72.032665 12.731
 38    18.161 53560.55560376 16.28 102.598991  72.035575 12.731
 38    18.071 53560.55560440 17.65 102.593611  72.038475 12.731
 39    23.483 53595.55554131 12.25 102.622144  72.034500 12.131
 39    21.943 53595.55554196 13.60 102.616764  72.037410 12.131
 39    20.314 53595.55554260 14.20 102.611384  72.040310 12.131
 39    19.187 53595.55554325 16.70 102.606004  72.043220 12.131
 39     3.110 53595.55554389 19.22 102.600624  72.046130 12.131
 41     0.509 53665.55555636 29.78 102.617196  72.022373  8.894
 41     0.737 53665.55555701 32.00 102.611816  72.025273  8.894
 41     0.669 53665.55555765 30.82 102.606446  72.028183  8.894
 41     0.959 53665.55555830 29.76 102.601066  72.031093  8.894
 41     1.062 53665.55555894 28.64 102.595686  72.034003  8.894
 41     0.982 53665.55555959 28.24 102.590306  72.036903  8.894
 42     0.280 53700.55551099 23.72 102.619068  72.031095  6.956
 42     0.506 53700.55551163 24.04 102.613688  72.034005  6.956
 42     0.828 53700.55551228 23.21 102.608308  72.036905  6.956
 42     1.721 53700.55551292 22.75 102.602928  72.039815  6.956
 42     3.072 53700.55551357 21.87 102.597548  72.042725  6.956
 43     1.776 53735.55543428 16.99 102.623373  72.039336  5.036
 43     2.556 53735.55543493 16.67 102.618003  72.042246  5.036
 43     2.567 53735.55543557 17.34 102.612613  72.045156  5.036
 43     4.153 53735.55543622 17.63 102.607233  72.048056  5.036
 44    15.393 53770.55542168 12.17 102.618525  72.024793  4.121
 44    13.854 53770.55542233 14.04 102.613155  72.027693  4.121
 44    -0.024 53770.55542297 14.19 102.607775  72.030603  4.121
 44     1.188 53770.55542362 13.86 102.602395  72.033513  4.121
 44     3.019 53770.55542426 13.78 102.597015  72.036413  4.121
 44     3.482 53770.55542491 13.27 102.591635  72.039323  4.121
 45    16.495 53805.55541596 12.87 102.622455  72.034080  4.402
 45     1.675 53805.55541661 13.34 102.617075  72.036990  4.402
 45     2.409 53805.55541725 12.81 102.611695  72.039900  4.402
 45     3.203 53805.55541790 12.90 102.606315  72.042800  4.402
 45     4.735 53805.55541854 12.25 102.600935  72.045710  4.402
 47    19.880 53875.55548188  7.16 102.613300  72.025636  3.652
 47     3.463 53875.55548253  8.20 102.607920  72.028546  3.652
 47     3.253 53875.55548317  8.55 102.602550  72.031456  3.652
 47     2.935 53875.55548382  9.91 102.597170  72.034356  3.652
 47     3.177 53875.55548446 10.11 102.591780  72.037266  3.652
 48     4.482 53910.55552847 22.78 102.614780  72.020637 19.436
 48     4.523 53910.55552911 24.48 102.609400  72.023547 19.436
 48     4.527 53910.55552976 25.64 102.604030  72.026457 19.436
 48     4.516 53910.55553040 25.85 102.598650  72.029367 19.436
 48     5.161 53910.55553105 36.06 102.593270  72.032267 19.436
 48     4.864 53910.55553169 38.47 102.587890  72.035177 19.436
 49     0.965 53945.55554869 40.57 102.615102  72.024409 27.141
 49     0.946 53945.55554934 46.83 102.609722  72.027319 27.141
 49     0.593 53945.55554998 48.26 102.604352  72.030229 27.141
 49     2.216 53945.55555063 44.81 102.598972  72.033139 27.141
 49     2.244 53945.55555127 46.59 102.593592  72.036039 27.141
 50    25.997 53980.55549617 15.64 102.621080  72.031436 13.347
 50    25.165 53980.55549681 15.23 102.615710  72.034346 13.347
 50    23.713 53980.55549746 15.24 102.610330  72.037256 13.347
 50    21.938 53980.55549810 16.35 102.604950  72.040166 13.347
 50    20.027 53980.55549875 16.60 102.599570  72.043066 13.347
 51     0.815 54015.55551356 45.50 102.611742  72.017971 20.419
 51     0.818 54015.55551420 48.14 102.606372  72.020881 20.419
 51     0.704 54015.55551485 50.08 102.600992  72.023781 20.419
 51     1.131 54015.55551549 45.72 102.595612  72.026691 20.419
 51     1.345 54015.55551678 34.37 102.584852  72.032501 20.419
 52     0.599 54050.55551639 23.24 102.619058  72.027967  6.460
 52     0.507 54050.55551703 25.09 102.613678  72.030877  6.460
 52     0.485 54050.55551768 25.09 102.608298  72.033777  6.460
 52     0.579 54050.55551832 24.41 102.602918  72.036687  6.460
 52     3.096 54050.55551897 22.76 102.597538  72.039597  6.460
 53    17.423 54085.55550899 15.43 102.618784  72.030148  4.435
 53    15.883 54085.55550964 16.01 102.613404  72.033058  4.435
 53     1.732 54085.55551028 16.90 102.608024  72.035968  4.435
 53     2.854 54085.55551093 16.29 102.602644  72.038878  4.435
 53     4.038 54085.55551157 16.00 102.597264  72.041778  4.435
 54    14.304 54120.55543710 13.76 102.624012  72.039451  3.401
 54    12.178 54120.55543775 14.01 102.618632  72.042361  3.401
 54     4.702 54120.55543839 14.31 102.613252  72.045261  3.401
 54     8.736 54120.55543904 13.79 102.607872  72.048171  3.401
 55    16.621 54155.55546630 11.93 102.618336  72.025163  3.613
 55    13.833 54155.55546694 12.88 102.612966  72.028073  3.613
 55    10.745 54155.55546759 12.73 102.607586  72.030983  3.613
 55     2.261 54155.55546823 13.31 102.602206  72.033893  3.613
 55     3.211 54155.55546888 13.34 102.596826  72.036793  3.613
 55     3.832 54155.55546952 12.88 102.591446  72.039703  3.613
 56    14.247 54190.55543383 11.81 102.619678  72.037113  2.637
 56    11.526 54190.55543448 11.79 102.614298  72.040023  2.637
 56     6.268 54190.55543512 11.69 102.608918  72.042933  2.637
 56     5.286 54190.55543577 11.89 102.603538  72.045833  2.637
 57    29.372 54225.55547726  5.89 102.615731  72.023560  2.035
 57    27.922 54225.55547790  7.07 102.610356  72.026467  2.457
 57    26.591 54225.55547855  7.91 102.604976  72.029367  2.457
 57    24.532 54225.55547919  8.86 102.599596  72.032277  2.457
 57    23.328 54225.55547984  9.19 102.594216  72.035187  2.457
 57    21.221 54225.55548048  9.68 102.588836  72.038087  2.457
 58     6.953 54260.55549819 54.04 102.613909  72.027344 16.907
 58     7.262 54260.55549884 52.68 102.608523  72.030250 31.130
 58     7.321 54260.55549948 49.58 102.603153  72.033160 31.130
 58     7.456 54260.55550012 49.72 102.597773  72.036060 31.130
 58     7.497 54260.55550077 48.14 102.592383  72.038970 31.130
 59    23.780 54295.55550215 12.50 102.615137  72.028091 17.907
 59     3.671 54295.55550280 13.61 102.609757  72.030991 17.907
 59     3.829 54295.55550344 14.55 102.604377  72.033901 17.907
 59     3.738 54295.55550408 14.76 102.598997  72.036811 17.907
 59     4.145 54295.55550473 16.02 102.593617  72.039711 17.907
 60    25.831 54330.55549500 13.90 102.619288  72.031125 17.453
 60    24.503 54330.55549565 14.36 102.613908  72.034035 17.453
 60    22.920 54330.55549629 15.54 102.608528  72.036945 17.453
 60    21.523 54330.55549694 15.90 102.603148  72.039855 17.453
 60    19.311 54330.55549758 17.00 102.597768  72.042755 17.453
 61    23.134 54365.55544001 18.95 102.621704  72.035855 13.638
 61     0.613 54365.55544066 25.18 102.616334  72.038765 13.638
 61    20.004 54365.55544130 20.35 102.610954  72.041675 13.638
 61    19.443 54365.55544195 19.64 102.605574  72.044585 13.638
 62     0.174 54400.55543577 29.82 102.619257  72.026026  7.046
 62     0.427 54400.55543642 30.17 102.613877  72.028936  7.046
 62     0.461 54400.55543706 31.17 102.608507  72.031836  7.046
 62     0.632 54400.55543771 30.55 102.603121  72.034747  5.318
 62     0.751 54400.55543835 30.58 102.597741  72.037657  5.318
 62     0.552 54400.55543900 29.68 102.592361  72.040557  5.318
 63     0.140 54435.55539448 19.17 102.619792  72.033875  4.593
 63     0.214 54435.55539513 18.78 102.614418  72.036783  2.681
 63     1.358 54435.55539577 18.50 102.609038  72.039683  2.681
 63     6.140 54435.55539642 17.94 102.603658  72.042593  2.681
 63     4.141 54435.55539706 16.94 102.598268  72.045503  2.681
 64    17.403 54470.55541914 11.76 102.615721  72.022436  3.839
 64    15.393 54470.55541978 14.50 102.610341  72.025346  3.839
 64    14.402 54470.55542043 14.91 102.604961  72.028246  3.839
 64     0.188 54470.55542107 15.27 102.599581  72.031156  3.839
 64     2.228 54470.55542172 14.51 102.594205  72.034062  2.320
 64     3.681 54470.55542236 14.03 102.588825  72.036972  2.320
 65    15.558 54505.55540791 14.40 102.621298  72.033814  4.463
 65    13.551 54505.55540855 14.43 102.615918  72.036724  4.463
 65    12.315 54505.55540920 13.69 102.610548  72.039634  4.463
 65     7.065 54505.55540984 13.80 102.605168  72.042544  4.463
 65     7.966 54505.55541049 13.55 102.599778  72.045444  4.463
 66    20.875 54540.55543475 11.43 102.619174  72.027012  3.819
 66    15.179 54540.55543540 13.13 102.613794  72.029912  3.819
 66    15.248 54540.55543604 13.27 102.608414  72.032822  3.819
 66     1.034 54540.55543669 12.99 102.603034  72.035732  3.819
 66     2.773 54540.55543733 13.01 102.597654  72.038642  3.819
 67    13.925 54575.55540947 11.82 102.621038  72.035203  3.939
 67     6.834 54575.55541011 12.30 102.615658  72.038113  3.939
 67     6.111 54575.55541076 12.14 102.610278  72.041013  3.939
 67     9.416 54575.55541140 11.33 102.604898  72.043923  3.939
 68     1.479 54610.55542693 39.85 102.617282  72.027227 15.071
 68     1.395 54610.55542758 29.64 102.611902  72.030137 15.071
 68     1.903 54610.55542822 26.55 102.606522  72.033037 15.071
 68     1.801 54610.55542887 26.58 102.601142  72.035947 15.071
 68     2.150 54610.55542951 23.59 102.595762  72.038857 15.071
 69    24.946 54645.55543447 17.60 102.616311  72.027535 15.571
 69    27.005 54645.55543511 14.26 102.610941  72.030445 15.571
 69    23.290 54645.55543576 15.50 102.605561  72.033345 15.571
 69    22.143 54645.55543640 16.90 102.600181  72.036255 15.571
 69     7.253 54645.55543705 19.10 102.594801  72.039165 15.571
 70     3.122 54680.55543612 12.58 102.614922  72.029264 14.355
 70     3.406 54680.55543676 13.52 102.609552  72.032174 14.355
 70     3.500 54680.55543740 14.05 102.604172  72.035074 14.355
 70     3.748 54680.55543805 13.74 102.598792  72.037984 14.355
 70     4.021 54680.55543869 16.60 102.593412  72.040894 14.355
 71     0.820 54715.55538745 45.46 102.620753  72.036964 12.541
 71     0.316 54715.55538809 31.42 102.615373  72.039874 12.541
 71     0.405 54715.55538874 24.03 102.609993  72.042774 12.541
 71     0.535 54715.55538938 22.33 102.604613  72.045684 12.541
 72     0.475 54750.55540611 36.52 102.612507  72.024472 17.807
 72     0.582 54750.55540675 34.42 102.607127  72.027382 17.807
 72     0.176 54750.55540740 35.99 102.601747  72.030282 17.807
 72     0.423 54750.55540804 35.01 102.596367  72.033192 17.807
 72     0.787 54750.55540869 37.23 102.590987  72.036102 17.807
 73    17.387 54785.55537528 14.16 102.621531  72.031033  4.875
 73     9.866 54785.55537592 14.50 102.616151  72.033943  4.875
 73     1.985 54785.55537657 14.35 102.610771  72.036843  4.875
 73     2.990 54785.55537721 13.85 102.605391  72.039753  4.875
 73     3.418 54785.55537786 13.51 102.600011  72.042663  4.875
 74    28.409 54820.55539878  9.01 102.617366  72.022094  3.617
 74    16.175 54820.55539942 11.01 102.611986  72.025004  3.617
 74    15.886 54820.55540007 12.34 102.606616  72.027904  3.617
 74     9.804 54820.55540071 12.04 102.601236  72.030814  3.617
 74     4.003 54820.55540136 11.86 102.595856  72.033724  3.617
 74     7.658 54820.55540200 11.56 102.590476  72.036624  3.617
 75    16.897 54855.55537224 10.85 102.616970  72.033253  3.810
 75    15.419 54855.55537288 10.31 102.611590  72.036163  3.810
 75    12.744 54855.55537353 11.03 102.606210  72.039063  3.810
 75    11.115 54855.55537417 10.16 102.600830  72.041973  3.810
 76    19.368 54890.55540392  9.12 102.614582  72.028937  3.492
 76    15.641 54890.55540456 10.60 102.609212  72.031837  3.492
 76    14.446 54890.55540521 10.17 102.603832  72.034747  3.492
 76    12.392 54890.55540585 10.25 102.598452  72.037657  3.492
 76    10.240 54890.55540650  9.72 102.593072  72.040557  3.492
 77    16.792 54925.55537139 10.19 102.622645  72.035376  3.512
 77    13.981 54925.55537204 10.11 102.617275  72.038286  3.512
 77    12.790 54925.55537268  9.35 102.611895  72.041196  3.512
 77     8.470 54925.55537333  9.82 102.606515  72.044096  3.512
 78    29.986 54960.55540138  4.98 102.614964  72.023670  2.314
 78    28.659 54960.55540202  4.59 102.609584  72.026580  2.314
 78    27.913 54960.55540267  5.66 102.604204  72.029480  2.314
 78    25.121 54960.55540331  6.48 102.598824  72.032390  2.314
 78    23.749 54960.55540396  7.29 102.593444  72.035300  2.314
 78    21.949 54960.55540460  7.80 102.588064  72.038200  2.314
 79     6.752 54995.55542304 41.34 102.618896  72.025229 20.108
 79     6.826 54995.55542369 47.46 102.613516  72.028139 20.108
 79     5.937 54995.55542433 48.98 102.608146  72.031039 20.108
 79     6.744 54995.55542498 30.31 102.602766  72.033949 20.108
 79     7.039 54995.55542562 44.42 102.597386  72.036859 20.108
 79     7.558 54995.55542627 30.28 102.592006  72.039769 20.108
 80    23.757 55030.55541352 13.64 102.615669  72.028831 14.730
 80     3.488 55030.55541416 14.44 102.610299  72.031731 14.730
 80    18.894 55030.55541481 14.86 102.604919  72.034641 14.730
 80     3.232 55030.55541545 16.16 102.599539  72.037551 14.730
 80     3.985 55030.55541610 16.97 102.594159  72.040461 14.730
 81    23.729 55065.55540434 12.59 102.616873  72.031305 16.579
 81    23.084 55065.55540499 12.75 102.611493  72.034215 16.579
 81    21.941 55065.55540563 13.44 102.606113  72.037115 16.579
 81    19.193 55065.55540628 14.52 102.600733  72.040025 16.579
 81     3.960 55065.55540692 18.96 102.595353  72.042935 16.579
 82     0.494 55100.55534762 36.64 102.621949  72.036854 16.303
 82     0.689 55100.55534826 25.56 102.616569  72.039764 16.303
 82     1.768 55100.55534891 19.86 102.611189  72.042674 16.303
 82     2.835 55100.55534955 19.81 102.605809  72.045574 16.303
 83     0.312 55135.55534851 31.13 102.613992  72.024990  9.351
 83     0.276 55135.55534916 32.35 102.608612  72.027900  9.351
 83     0.453 55135.55534980 31.53 102.603232  72.030800  9.351
 83     0.377 55135.55535044 32.11 102.597852  72.033710  9.351
 83     2.243 55135.55535109 30.58 102.592472  72.036620  9.351
 84     0.498 55170.55531319 18.14 102.618693  72.034322  5.312
 84     1.835 55170.55531384 17.77 102.613313  72.037222  5.312
 84     2.474 55170.55531448 17.22 102.607933  72.040132  5.312
 84     3.534 55170.55531513 16.87 102.602553  72.043042  5.312
 85     0.109 55205.55534253 15.95 102.608092  72.027608  4.529
 85     0.119 55205.55534318 17.16 102.602712  72.030508  4.529
 85     1.981 55205.55534382 16.19 102.597332  72.033418  4.529
 85     3.385 55205.55534446 15.80 102.591952  72.036328  4.529
 86     0.780 55240.55531931 13.24 102.619117  72.034829  4.187
 86     2.004 55240.55531995 13.88 102.613747  72.037739  4.187
 86     2.936 55240.55532060 12.77 102.608367  72.040639  4.187
 86     4.111 55240.55532124 12.72 102.602977  72.043549  4.187
 87    17.319 55275.55533620 11.27 102.620381  72.028001  4.458
 87     0.174 55275.55533685 12.82 102.615001  72.030901  4.458
 87     1.741 55275.55533749 13.42 102.609621  72.033811  4.458
 87     2.736 55275.55533814 13.22 102.604241  72.036721  4.458
 87     3.332 55275.55533878 12.95 102.598861  72.039631  4.458
 88     1.497 55310.55530383 12.84 102.618413  72.036434  3.815
 88     2.237 55310.55530448 13.30 102.613033  72.039334  3.815
 88     3.265 55310.55530512 12.53 102.607653  72.042244  3.815
 88     4.226 55310.55530577 12.34 102.602273  72.045154  3.815
 89     3.015 55345.55530549 23.91 102.616059  72.029163 15.411
 89     3.135 55345.55530613 21.91 102.610679  72.032073 15.411
 89     2.899 55345.55530678 25.55 102.605299  72.034973 15.411
 89     7.726 55345.55530742 20.59 102.599919  72.037883 15.411
 89     8.004 55345.55530807 25.33 102.594539  72.040793 15.411
 90    23.824 55380.55529888 13.01 102.618669  72.031072 17.004
 90    22.872 55380.55529953 13.65 102.613289  72.033972 17.004
 90     2.780 55380.55530017 17.86 102.607919  72.036882 17.004
 90     3.563 55380.55530081 17.52 102.602539  72.039792 17.004
 90     4.154 55380.55530146 17.00 102.597149  72.042702 17.004
 91    23.693 55415.55532402 16.75 102.615129  72.022931 14.179
 91    23.198 55415.55532467 17.79 102.609749  72.025841 14.179
 91     3.775 55415.55532531 16.85 102.604369  72.028741 14.179
 91     4.227 55415.55532596 16.12 102.598989  72.031651 14.179
 91     4.750 55415.55532660 14.93 102.593609  72.034561 14.179
 91     4.596 55415.55532725 16.15 102.588229  72.037461 14.179
 92     2.105 55450.55531038 46.05 102.622127  72.030787 19.056
 92     1.324 55450.55531103 47.12 102.616747  72.033697 19.056
 92     1.460 55450.55531167 39.06 102.611367  72.036607 19.056
 92     1.352 55450.55531232 33.10 102.605987  72.039507 19.056
 92     1.339 55450.55531296 26.94 102.600607  72.042417 19.056
 93     0.779 55485.55523645 21.29 102.620383  72.039676  7.317
 93     1.265 55485.55523709 21.04 102.615003  72.042586  7.317
 93     2.400 55485.55523774 21.06 102.609623  72.045486  7.317
 93     2.758 55485.55523838 20.80 102.604243  72.048396  7.317
