# NaN NaN NaN ;Mean Elev.(m), Avg Gradient(m/km), RMS Gradient(m/km) - SRTM1     
#   15.177  -0.799   4.745 ;Mean Elev.(m), Avg Gradient(m/km), RMS Gradient(m/km) - ASTER GDEM
#    1.004  -1.159   5.171 ;Mean Elev.(m), Avg Gradient(m/km), RMS Gradient(m/km) - GMTED2010 
  8     1.817 52485.54563129 14.19 104.951796  72.682255 17.864
  8     1.073 52485.54563193 11.47 104.946036  72.685125 17.864
  8     0.848 52485.54563258 11.69 104.940276  72.688005 17.864
  8     1.478 52485.54563322 12.63 104.934506  72.690875 17.864
  8     0.998 52485.54563387 17.75 104.928746  72.693755 17.864
  9     3.468 52520.54559721 16.15 104.953559  72.685615 15.358
  9     3.758 52520.54559786 15.12 104.947799  72.688485 15.358
  9     2.910 52520.54559850 16.14 104.942039  72.691365 15.358
  9     2.420 52520.54559915 16.30 104.936271  72.694235 15.133
  9     1.908 52520.54559979 21.92 104.930511  72.697105 15.133
 10     0.636 52555.54564718 30.93 104.938464  72.676077  7.507
 10     0.695 52555.54564783 33.98 104.932704  72.678947  7.507
 10     0.274 52555.54564847 35.19 104.926944  72.681827  7.507
 10     0.305 52555.54564912 35.79 104.921184  72.684697  7.507
 10     0.492 52555.54564976 36.64 104.915414  72.687577  7.507
 10     0.229 52555.54565041 36.24 104.909654  72.690447  7.507
 11     0.243 52590.54563707 17.61 104.947403  72.681961  2.839
 11     0.256 52590.54563771 17.72 104.941643  72.684831  2.839
 11     0.131 52590.54563836 18.96 104.935883  72.687701  2.839
 11     0.433 52590.54563900 17.87 104.930113  72.690581  2.839
 11     0.359 52590.54563965 17.07 104.924353  72.693451  2.839
 12     0.253 52625.54556534 14.14 104.962304  72.685189  2.676
 12     0.323 52625.54556599 14.33 104.956544  72.688069  2.676
 12     0.458 52625.54556663 14.56 104.950784  72.690939  2.676
 12     0.274 52625.54556728 14.58 104.945024  72.693819  2.676
 12     0.388 52625.54556792 14.43 104.939254  72.696689  2.676
 13     0.397 52660.54560218 12.46 104.950094  72.680288  2.575
 13     0.363 52660.54560283 13.00 104.944344  72.683158  2.575
 13     0.295 52660.54560347 13.50 104.938584  72.686028  2.575
 13     0.339 52660.54560412 13.61 104.932816  72.688905  2.812
 13     0.486 52660.54560476 12.96 104.927056  72.691785  2.812
 13     0.468 52660.54560541 12.69 104.921286  72.694655  2.812
 14     0.489 52695.54558132 11.09 104.935403  72.675679  2.203
 14     0.601 52695.54558196 11.35 104.929643  72.678549  2.203
 14     0.465 52695.54558261 11.03 104.923883  72.681419  2.203
 14     0.577 52695.54558325 11.32 104.918123  72.684299  2.203
 14     0.586 52695.54558389 10.89 104.912353  72.687169  2.203
 14     0.494 52695.54558454 11.01 104.906583  72.690039  2.203
 15     0.992 52730.54561161 10.54 104.952359  72.682092  2.082
 15     0.599 52730.54561226 10.97 104.946599  72.684962  2.082
 15     0.438 52730.54561290 11.20 104.940839  72.687842  2.082
 15     0.682 52730.54561355 11.14 104.935079  72.690712  2.082
 15     0.703 52730.54561419 10.39 104.929309  72.693592  2.082
 16     0.269 52765.54562247  9.07 104.954144  72.686140  2.387
 16     0.405 52765.54562311  9.30 104.948384  72.689020  2.387
 16     0.481 52765.54562376  8.78 104.942624  72.691890  2.387
 16     0.593 52765.54562440  8.85 104.936864  72.694760  2.387
 16     0.922 52765.54562505  8.97 104.931094  72.697640  2.387
 17     1.343 52800.54561472 35.71 104.935313  72.676957 15.224
 17     0.963 52800.54561536 38.89 104.929553  72.679827 15.224
 17     1.072 52800.54561600 39.10 104.923793  72.682707 15.224
 17     0.709 52800.54561665 36.82 104.918023  72.685577 15.224
 17     0.892 52800.54561729 34.96 104.912253  72.688457 15.224
 17     0.720 52800.54561794 36.45 104.906493  72.691327 15.224
 18     2.157 52835.54568226 13.07 104.940477  72.677890 14.094
 18     1.576 52835.54568290 13.05 104.934717  72.680770 14.094
 18     1.545 52835.54568354 12.53 104.928957  72.683640 14.094
 18     1.481 52835.54568419 13.66 104.923197  72.686510 14.094
 18     2.421 52835.54568483 13.84 104.917427  72.689390 14.094
 18     2.653 52835.54568548 16.96 104.911657  72.692260 14.094
 19     0.513 52870.54572341 26.26 104.950020  72.679029 19.882
 19     1.104 52870.54572405 16.15 104.944260  72.681899 19.882
 19     1.320 52870.54572470 14.53 104.938490  72.684779 19.882
 19     1.871 52870.54572534 14.93 104.932730  72.687649 19.882
 19     1.791 52870.54572599 16.39 104.926970  72.690529 19.882
 19     2.862 52870.54572663 16.93 104.921200  72.693399 19.882
 20     0.087 52905.54572414 46.36 104.953346  72.681803 25.081
 20    -0.058 52905.54572478 49.58 104.947586  72.684673 25.081
 20    -0.000 52905.54572543 49.53 104.941826  72.687553 25.081
 20     0.013 52905.54572607 49.23 104.936066  72.690423 25.081
 20    -0.019 52905.54572672 49.90 104.930296  72.693303 25.081
 21   290.893 52940.54565527 25.57 104.937228  72.674316  3.421
 21   290.845 52940.54565592 25.94 104.931468  72.677196  3.421
 21   290.822 52940.54565656 25.93 104.925708  72.680066  3.421
 21   290.840 52940.54565721 26.70 104.919948  72.682946  3.421
 21   290.762 52940.54565785 26.89 104.914178  72.685816  3.421
 21   291.075 52940.54565850 25.44 104.908418  72.688686  3.421
 21   290.745 52940.54565914 24.43 104.902648  72.691566  3.421
 22     0.089 52975.54570222 17.41 104.941281  72.677491  2.901
 22     0.143 52975.54570286 17.43 104.935511  72.680361  2.901
 22     0.181 52975.54570351 17.86 104.929751  72.683231  2.901
 22     0.132 52975.54570415 18.67 104.923991  72.686111  2.901
 22     0.124 52975.54570480 18.14 104.918231  72.688981  2.901
 22     0.188 52975.54570544 17.47 104.912461  72.691861  2.901
 23     1.073 53010.54570645 14.35 104.950383  72.679672  2.384
 23     0.208 53010.54570709 14.60 104.944633  72.682542  2.384
 23     0.374 53010.54570774 14.29 104.938873  72.685422  2.384
 23     0.359 53010.54570838 14.54 104.933103  72.688292  2.384
 23     0.413 53010.54570902 14.86 104.927343  72.691172  2.384
 23     0.626 53010.54570967 13.95 104.921583  72.694042  2.384
 24     0.501 53045.54566905 11.74 104.937842  72.676539  2.418
 24     0.428 53045.54566970 11.86 104.932082  72.679409  2.418
 24     0.560 53045.54567034 12.06 104.926312  72.682289  2.418
 24     0.364 53045.54567099 12.27 104.920552  72.685159  2.418
 24     0.501 53045.54567163 12.08 104.914790  72.688037  3.149
 24     0.514 53045.54567228 11.53 104.909020  72.690907  3.149
 25     0.351 53080.54570380 11.51 104.946467  72.681902  2.500
 25     0.576 53080.54570444 11.77 104.940707  72.684782  2.500
 25     0.490 53080.54570509 11.88 104.934952  72.687652  2.910
 25     0.526 53080.54570573 11.66 104.929182  72.690522  2.910
 25     0.828 53080.54570638 11.57 104.923422  72.693402  2.910
 26     0.960 53115.54567327 10.86 104.938915  72.674179  2.359
 26     0.489 53115.54567392 11.05 104.933165  72.677049  2.359
 26     0.547 53115.54567456 10.22 104.927405  72.679929  2.359
 26     0.421 53115.54567521 11.19 104.921635  72.682799  2.359
 26     0.448 53115.54567585 10.62 104.915872  72.685668  2.454
 26     0.532 53115.54567650 10.60 104.910112  72.688548  2.454
 26     0.520 53115.54567714 10.38 104.904342  72.691418  2.454
 27     0.498 53150.54572104  9.69 104.944284  72.678531  2.479
 27     0.827 53150.54572169  9.25 104.938524  72.681411  2.479
 27     0.563 53150.54572233  9.71 104.932764  72.684281  2.260
 27     0.546 53150.54572298  9.41 104.927004  72.687151  2.260
 27     1.016 53150.54572362  9.03 104.921244  72.690031  2.260
 27     0.545 53150.54572426  9.09 104.915474  72.692901  2.260
 28     3.108 53185.54571097 25.38 104.948533  72.682281 17.109
 28     2.505 53185.54571161 25.00 104.942773  72.685161 17.109
 28     2.494 53185.54571226 26.29 104.937013  72.688031 17.109
 28     2.914 53185.54571290 25.47 104.931243  72.690911 17.109
 28     3.145 53185.54571355 27.52 104.925473  72.693781 17.109
 29     0.250 53220.54573670 24.32 104.952362  72.682247 18.538
 29    -0.138 53220.54573734 26.68 104.946612  72.685117 18.538
 29    -0.011 53220.54573799 25.15 104.940842  72.687997 18.538
 29     0.211 53220.54573863 26.41 104.935082  72.690867 18.538
 29     0.252 53220.54573928 29.70 104.929322  72.693747 18.538
 30     3.582 53255.54571378 12.96 104.955880  72.684830 14.298
 30     0.501 53255.54571442 18.02 104.950120  72.687700 14.298
 30     2.980 53255.54571507 14.94 104.944360  72.690580 14.298
 30     2.123 53255.54571571 15.86 104.938600  72.693450 14.298
 30     1.747 53255.54571635 16.64 104.932830  72.696330 14.298
 32     0.337 53325.54569924 15.73 104.950772  72.683291  2.646
 32     0.504 53325.54569988 15.67 104.945012  72.686171  2.646
 32     0.643 53325.54570053 15.19 104.939252  72.689041  2.646
 32     0.587 53325.54570117 15.52 104.933482  72.691921  2.646
 32     0.748 53325.54570182 14.86 104.927722  72.694791  2.646
 33     0.316 53360.54565828 11.93 104.960063  72.684338  2.309
 33     0.369 53360.54565893 12.37 104.954303  72.687208  2.309
 33     0.290 53360.54565957 12.70 104.948543  72.690088  2.309
 33     0.282 53360.54566022 12.73 104.942783  72.692958  2.309
 33     0.439 53360.54566086 12.51 104.937023  72.695828  2.309
 34     0.375 53395.54567674 10.14 104.937424  72.677657  2.234
 34     0.393 53395.54567739 10.39 104.931664  72.680537  2.234
 34     0.426 53395.54567803 10.52 104.925904  72.683407  2.234
 34     0.508 53395.54567867 10.81 104.920144  72.686277  2.234
 34     0.758 53395.54567932 10.39 104.914374  72.689157  2.234
 34     0.501 53395.54567996 10.04 104.908614  72.692027  2.234
 35     0.552 53430.54567027  9.40 104.955418  72.686095  2.148
 35     0.372 53430.54567092 10.37 104.949658  72.688965  2.148
 35     0.521 53430.54567156  9.83 104.943898  72.691845  2.148
 35     0.529 53430.54567221  9.66 104.938128  72.694715  2.148
 35     0.944 53430.54567285  9.65 104.932368  72.697595  2.148
 36     0.714 53465.54569743 10.00 104.940530  72.675297  2.128
 36     0.365 53465.54569807  9.65 104.934770  72.678167  2.128
 36     0.778 53465.54569872 10.02 104.929000  72.681047  2.128
 36     0.652 53465.54569936  9.90 104.923240  72.683917  2.128
 36     0.475 53465.54570001 10.16 104.917480  72.686797  2.128
 36     0.488 53465.54570065  9.86 104.911710  72.689667  2.128
 36     2.408 53465.54570130  9.72 104.905940  72.692537  2.128
 37     2.564 53500.54575826  8.15 104.944664  72.678887  2.080
 37     1.797 53500.54575891  8.10 104.938904  72.681757  2.080
 37     0.881 53500.54575955  8.63 104.933144  72.684627  2.080
 37     1.095 53500.54576019  8.29 104.927384  72.687507  2.080
 37     1.541 53500.54576084  7.79 104.921614  72.690377  2.080
 37     1.738 53500.54576148  7.80 104.915854  72.693257  2.080
 38     3.720 53535.54574714 22.80 104.949782  72.683578 23.058
 38     3.386 53535.54574779 21.17 104.944022  72.686458 23.058
 38     3.453 53535.54574843 21.58 104.938262  72.689328 23.058
 38     3.506 53535.54574908 22.88 104.932502  72.692208 23.058
 38     4.231 53535.54574972 24.60 104.926732  72.695078 23.058
 39     0.200 53570.54575650 30.38 104.950193  72.679787 24.841
 39     0.638 53570.54575714 43.53 104.944435  72.682664 38.057
 39     0.229 53570.54575778 49.40 104.938675  72.685534 38.057
 39     0.189 53570.54575843 41.47 104.932915  72.688414 38.057
 39     0.235 53570.54575907 46.47 104.927145  72.691284 38.057
 39     0.412 53570.54575972 45.38 104.921385  72.694154 38.057
 40    -0.187 53605.54570503 20.50 104.958932  72.687088  9.877
 40     0.100 53605.54570567 20.72 104.953172  72.689958  9.877
 40     0.363 53605.54570632 20.95 104.947412  72.692838  9.877
 40     1.491 53605.54570696 20.87 104.941652  72.695708  9.877
 40     2.540 53605.54570761 20.96 104.935882  72.698588  9.877
 41     0.740 53640.54570345 19.79 104.935565  72.676421 20.343
 41     0.659 53640.54570409 17.58 104.929805  72.679298 22.271
 41     0.696 53640.54570474 17.71 104.924045  72.682168 22.271
 41     0.779 53640.54570538 17.45 104.918275  72.685048 22.271
 41     2.891 53640.54570603 16.07 104.912515  72.687918 22.271
 41     3.180 53640.54570667 19.26 104.906745  72.690798 22.271
 42     0.498 53675.54572308 18.41 104.946565  72.678123  2.799
 42     0.600 53675.54572372 18.81 104.940805  72.680996  4.400
 42     0.537 53675.54572437 19.66 104.935045  72.683866  4.400
 42     0.822 53675.54572501 19.06 104.929285  72.686746  4.400
 42     0.727 53675.54572566 19.44 104.923515  72.689616  4.400
 42     0.665 53675.54572630 18.90 104.917755  72.692486  4.400
 43    -0.071 53710.54565390 14.76 104.961816  72.685849  2.722
 43     0.080 53710.54565455 14.37 104.956066  72.688719  2.722
 43     0.223 53710.54565519 14.08 104.950296  72.691589  2.722
 43     0.356 53710.54565584 14.11 104.944536  72.694469  2.722
 43     0.391 53710.54565648 14.28 104.938776  72.697339  2.722
 44     0.857 53745.54556241 14.09 104.934744  72.674937  2.345
 44     0.249 53745.54556305 14.21 104.928982  72.677809  2.563
 44     0.123 53745.54556370 14.33 104.923222  72.680689  2.563
 44     0.259 53745.54556434 14.96 104.917462  72.683559  2.563
 44     0.202 53745.54556499 14.49 104.911692  72.686429  2.563
 44     0.486 53745.54556563 14.30 104.905922  72.689309  2.563
 45     0.436 53780.54559419 12.03 104.953563  72.680514  2.641
 45     0.260 53780.54559484 11.87 104.947800  72.683386  2.553
 45     0.454 53780.54559548 12.08 104.942040  72.686256  2.553
 45     0.496 53780.54559613 11.77 104.936280  72.689136  2.553
 45     0.610 53780.54559677 12.06 104.930510  72.692006  2.553
 45     0.559 53780.54559742 12.27 104.924750  72.694886  2.553
 46     0.498 53815.54556496 12.50 104.963710  72.689471  2.969
 46     0.381 53815.54556561 12.09 104.957950  72.692341  2.969
 46     0.430 53815.54556625 12.47 104.952190  72.695221  2.969
 46     0.638 53815.54556690 12.33 104.946425  72.698095  3.032
 46     0.545 53815.54556754 12.54 104.940655  72.700965  3.032
 47     0.510 53850.54562927 11.21 104.936929  72.676350  2.440
 47     0.236 53850.54562991 11.31 104.931169  72.679230  2.440
 47     0.207 53850.54563056 11.78 104.925409  72.682100  2.440
 47     0.400 53850.54563120 11.95 104.919647  72.684972  2.642
 47     0.323 53850.54563185 11.48 104.913877  72.687852  2.642
 47     0.314 53850.54563249 11.49 104.908117  72.690722  2.642
 48     2.913 53885.54564037  9.17 104.948573  72.682570  2.132
 48     1.301 53885.54564102  9.47 104.942813  72.685440  2.132
 48     0.913 53885.54564166  9.70 104.937053  72.688320  2.132
 48     1.042 53885.54564231  9.43 104.931283  72.691190  2.132
 48     1.687 53885.54564295  8.71 104.925523  72.694070  2.132
 49     2.488 53920.54570847 23.80 104.943024  72.678250 15.819
 49     2.210 53920.54570912 24.03 104.937264  72.681120 15.819
 49     2.104 53920.54570976 21.54 104.931504  72.684000 15.819
 49     1.596 53920.54571041 20.42 104.925747  72.686870 18.296
 49     1.990 53920.54571105 17.66 104.919977  72.689750 18.296
 49     2.932 53920.54571170 17.39 104.914217  72.692620 18.296
 50    -0.188 53955.54570684 40.75 104.945728  72.679660 17.932
 50    -0.437 53955.54570749 30.72 104.939978  72.682540 17.932
 50    -0.742 53955.54570813 28.42 104.934218  72.685410 17.932
 50    -0.674 53955.54570878 24.68 104.928458  72.688280 17.932
 50     0.044 53955.54570942 31.48 104.922687  72.691158 25.073
 50     0.194 53955.54571007 35.44 104.916927  72.694028 25.073
 51     0.375 53990.54562674 22.31 104.961530  72.689219 19.829
 51     2.549 53990.54562738 19.03 104.955764  72.692098 16.175
 51     2.513 53990.54562803 17.90 104.950004  72.694968 16.175
 51     2.061 53990.54562867 18.38 104.944234  72.697838 16.175
 51     2.134 53990.54562932 19.98 104.938474  72.700718 16.175
 52     0.408 54025.54569036 33.86 104.940276  72.676466  5.623
 52     0.587 54025.54569101 34.65 104.934516  72.679336  5.623
 52     0.348 54025.54569165 37.73 104.928756  72.682206  5.623
 52     0.233 54025.54569230 36.30 104.922996  72.685086  5.623
 52     0.265 54025.54569294 37.90 104.917231  72.687964 10.175
 52     0.080 54025.54569358 38.92 104.911461  72.690834 10.175
 53     0.093 54060.54568397 14.87 104.953155  72.681486  2.701
 53     0.286 54060.54568462 14.54 104.947405  72.684356  2.701
 53     0.541 54060.54568526 14.32 104.941635  72.687236  2.701
 53     0.437 54060.54568591 14.36 104.935875  72.690106  2.701
 53     0.491 54060.54568655 14.92 104.930113  72.692977  2.920
 53     0.622 54060.54568720 14.29 104.924343  72.695857  2.920
 54     0.232 54095.54565912 12.24 104.959407  72.685098  2.491
 54     0.520 54095.54565977 11.99 104.953647  72.687978  2.491
 54     0.546 54095.54566041 11.52 104.947887  72.690848  2.491
 54     0.429 54095.54566106 11.89 104.942127  72.693718  2.491
 54     0.514 54095.54566170 11.60 104.936368  72.696597  2.658
 55     0.060 54130.54560403 10.88 104.935259  72.676636  2.550
 55     0.195 54130.54560467 10.86 104.929499  72.679506  2.550
 55     0.275 54130.54560532 11.19 104.923739  72.682386  2.550
 55     0.204 54130.54560596 11.08 104.917972  72.685264  2.374
 55     0.301 54130.54560661 10.66 104.912202  72.688134  2.374
 55     0.347 54130.54560725 10.85 104.906442  72.691004  2.374
 56     0.143 54165.54563067  8.41 104.952038  72.683219  2.148
 56     0.209 54165.54563131  8.42 104.946278  72.686089  2.148
 56     0.101 54165.54563196  8.38 104.940528  72.688969  2.148
 56     0.238 54165.54563260  8.61 104.934758  72.691839  2.148
 56     0.275 54165.54563325  9.02 104.928998  72.694719  2.148
 57     0.225 54200.54560660  8.55 104.943174  72.675842  2.100
 57     0.315 54200.54560724  8.64 104.937414  72.678712  2.100
 57     0.277 54200.54560789  8.82 104.931654  72.681592  2.100
 57     0.216 54200.54560853  8.76 104.925894  72.684462  2.100
 57     0.250 54200.54560918  9.03 104.920134  72.687342  2.100
 57     0.249 54200.54560982  9.15 104.914364  72.690212  2.100
 57     0.115 54200.54561047  9.02 104.908594  72.693082  2.100
 58     2.597 54235.54564477  9.10 104.947171  72.678931  2.102
 58     1.823 54235.54564541  9.35 104.941411  72.681801  2.102
 58     1.369 54235.54564606  9.34 104.935651  72.684671  2.102
 58     1.379 54235.54564670  9.71 104.929891  72.687551  2.102
 58     2.197 54235.54564735  9.31 104.924121  72.690421  2.102
 58     2.364 54235.54564799  9.42 104.918361  72.693301  2.102
 59     3.631 54270.54566577 22.99 104.947990  72.682722 24.067
 59     3.413 54270.54566641 22.11 104.942230  72.685602 24.067
 59     3.256 54270.54566705 22.15 104.936470  72.688472 24.067
 59     3.779 54270.54566770 23.65 104.930710  72.691342 24.067
 59     4.182 54270.54566834 25.21 104.924940  72.694222 24.067
 60     0.998 54305.54566839 17.03 104.946183  72.681574 19.830
 60     1.347 54305.54566903 11.04 104.940423  72.684444 19.830
 60     1.498 54305.54566968 11.88 104.934663  72.687324 19.830
 60     1.880 54305.54567032 11.76 104.928893  72.690194 19.830
 60     2.336 54305.54567097 13.26 104.923133  72.693074 19.830
 61     3.224 54340.54565128 15.72 104.951984  72.685165 18.472
 61     0.626 54340.54565192 16.10 104.946224  72.688035 18.472
 61     2.147 54340.54565257 15.73 104.940464  72.690915 18.472
 61     2.078 54340.54565321 16.29 104.934694  72.693785 18.472
 61     1.751 54340.54565385 20.27 104.928934  72.696665 18.472
 62     0.666 54375.54560245 27.87 104.943108  72.679301 16.302
 62     0.437 54375.54560310 28.27 104.937348  72.682171 16.302
 62     0.294 54375.54560374 27.65 104.931588  72.685051 16.302
 62     1.231 54375.54560439 25.13 104.925818  72.687921 16.302
 62     2.724 54375.54560503 22.36 104.920058  72.690791 16.302
 62     2.960 54375.54560567 24.31 104.914288  72.693671 16.302
 63     0.263 54410.54559736 20.10 104.947333  72.682633  3.586
 63     0.339 54410.54559801 20.73 104.941573  72.685513  3.586
 63     0.540 54410.54559865 21.21 104.935813  72.688383  3.586
 63     0.356 54410.54559930 22.20 104.930053  72.691253  3.586
 63     0.321 54410.54559994 21.55 104.924283  72.694133  3.586
 65     0.196 54480.54558809 10.29 104.950162  72.680811  2.698
 65     0.510 54480.54558874 10.27 104.944402  72.683691  2.698
 65     0.488 54480.54558938 10.64 104.938639  72.686561  2.323
 65     0.651 54480.54559003 10.36 104.932879  72.689431  2.323
 65     0.593 54480.54559067 10.43 104.927109  72.692311  2.323
 65     0.474 54480.54559132 10.43 104.921349  72.695181  2.323
 66     2.094 54515.54557953  8.36 104.942540  72.674926  2.546
 66     1.143 54515.54558017  7.90 104.936781  72.677802  2.137
 66     0.758 54515.54558082  8.03 104.931021  72.680682  2.137
 66     0.933 54515.54558146  8.38 104.925261  72.683552  2.137
 66     0.768 54515.54558211  8.05 104.919491  72.686422  2.137
 66     0.694 54515.54558275  8.40 104.913731  72.689302  2.137
 66     0.823 54515.54558340  8.41 104.907961  72.692172  2.137
 67     2.007 54550.54560137  7.36 104.956850  72.682646  2.407
 67     0.777 54550.54560201  7.81 104.951090  72.685526  2.407
 67     0.559 54550.54560266  7.74 104.945325  72.688400  2.154
 67     1.076 54550.54560330  7.26 104.939565  72.691270  2.154
 67     1.036 54550.54560395  7.64 104.933795  72.694150  2.154
 67     0.944 54550.54560459  7.43 104.928035  72.697020  2.154
 68     0.947 54585.54557621  7.15 104.944963  72.680723  2.043
 68     0.954 54585.54557685  7.43 104.939213  72.683593  2.043
 68     0.741 54585.54557749  7.69 104.933443  72.686473  2.043
 68     0.814 54585.54557814  7.41 104.927683  72.689343  2.043
 68     0.942 54585.54557878  7.70 104.921913  72.692213  2.043
 69     1.849 54620.54559518 33.01 104.949474  72.680062 10.511
 69     1.344 54620.54559582 30.80 104.943712  72.682935 11.950
 69     1.507 54620.54559647 24.84 104.937952  72.685805 11.950
 69     1.634 54620.54559711 28.08 104.932192  72.688685 11.950
 69     1.228 54620.54559776 30.44 104.926422  72.691555 11.950
 69     1.546 54620.54559840 34.65 104.920662  72.694435 11.950
 70     2.953 54655.54560607 13.40 104.946011  72.682050 19.278
 70     2.812 54655.54560671 13.42 104.940252  72.684921 16.275
 70     2.098 54655.54560735 15.77 104.934492  72.687791 16.275
 70     2.259 54655.54560800 15.30 104.928722  72.690671 16.275
 70     2.939 54655.54560864 17.60 104.922962  72.693541 16.275
 71     0.565 54690.54559199 50.54 104.950302  72.683663 35.469
 71     0.577 54690.54559264 49.97 104.944542  72.686543 35.469
 71     0.644 54690.54559328 50.45 104.938782  72.689413 35.469
 71     0.543 54690.54559393 50.88 104.933012  72.692293 35.469
 71     0.598 54690.54559457 51.23 104.927252  72.695163 35.469
 72     0.229 54725.54555566 36.56 104.942851  72.675560 18.587
 72    -0.297 54725.54555630 37.87 104.937096  72.678429 20.175
 72    -0.523 54725.54555695 32.88 104.931336  72.681309 20.175
 72    -0.802 54725.54555759 29.36 104.925576  72.684179 20.175
 72    -0.471 54725.54555823 27.72 104.919806  72.687049 20.175
 72     0.031 54725.54555888 29.21 104.914046  72.689929 20.175
 72     0.292 54725.54555952 40.39 104.908276  72.692799 20.175
 73     0.425 54760.54556804 26.19 104.950175  72.680939  3.787
 73     0.483 54760.54556869 26.94 104.944425  72.683819  3.787
 73     0.535 54760.54556933 27.15 104.938665  72.686689  3.787
 73     0.482 54760.54556998 29.28 104.932896  72.689565  6.311
 73     0.486 54760.54557062 29.45 104.927136  72.692445  6.311
 73     0.224 54760.54557127 28.43 104.921366  72.695315  6.311
 74     0.079 54795.54554924 15.07 104.934229  72.676124  2.702
 74    -0.001 54795.54554988 16.10 104.928479  72.679004  2.702
 74    -0.027 54795.54555053 16.30 104.922709  72.681874  2.702
 74     0.102 54795.54555117 15.65 104.916949  72.684744  2.702
 74     0.118 54795.54555182 15.84 104.911179  72.687624  2.702
 74    -0.128 54795.54555246 14.83 104.905419  72.690494  2.702
 75     0.488 54830.54556818 12.28 104.948487  72.680798  2.621
 75     0.534 54830.54556883 12.22 104.942727  72.683678  2.621
 75     0.399 54830.54556947 13.37 104.936963  72.686548  2.451
 75     0.525 54830.54557012 13.21 104.931203  72.689418  2.451
 75     0.503 54830.54557076 13.28 104.925433  72.692298  2.451
 76     0.340 54865.54554401  9.25 104.941320  72.676317  2.103
 76     0.264 54865.54554465  9.34 104.935560  72.679197  2.103
 76     0.481 54865.54554530  9.21 104.929800  72.682067  2.103
 76     0.488 54865.54554594  9.31 104.924030  72.684937  2.103
 76     0.370 54865.54554659  9.29 104.918270  72.687817  2.103
 76     0.517 54865.54554723  9.27 104.912500  72.690687  2.103
 77     0.195 54900.54556731  8.37 104.953108  72.682207  2.472
 77     0.626 54900.54556795  8.43 104.947348  72.685087  2.472
 77     0.546 54900.54556860  8.15 104.941582  72.687959  2.296
 77     0.183 54900.54556924  8.81 104.935822  72.690829  2.296
 77     0.498 54900.54556989  8.29 104.930062  72.693709  2.296
 78     0.840 54935.54553568  8.65 104.946359  72.677277  2.492
 78     0.592 54935.54553632  8.98 104.940599  72.680147  2.492
 78     0.938 54935.54553696  8.92 104.934845  72.683025  2.079
 78     0.935 54935.54553761  9.10 104.929075  72.685905  2.079
 78     0.690 54935.54553825  9.12 104.923315  72.688775  2.079
 78     1.023 54935.54553890  8.98 104.917545  72.691645  2.079
 79     2.289 54970.54556863  6.66 104.950161  72.678864  2.223
 79     2.061 54970.54556928  6.45 104.944411  72.681734  2.223
 79     1.312 54970.54556992  6.89 104.938651  72.684604  2.223
 79     0.807 54970.54557056  6.68 104.932881  72.687482  2.091
 79     1.761 54970.54557121  6.73 104.927121  72.690352  2.091
 79     1.502 54970.54557185  6.58 104.921351  72.693232  2.091
 80     1.771 55005.54558857 50.38 104.947291  72.680910 26.621
 80     1.754 55005.54558921 50.64 104.941531  72.683780 26.621
 80     1.730 55005.54558986 51.27 104.935771  72.686660 26.621
 80     1.756 55005.54559050 51.49 104.930001  72.689530 26.621
 80     1.762 55005.54559115 50.99 104.924241  72.692400 26.621
 81     0.591 55040.54557612 23.58 104.951897  72.679913 19.937
 81     0.383 55040.54557677 17.78 104.946137  72.682793 19.937
 81     0.157 55040.54557741 17.86 104.940375  72.685664 16.582
 81     0.610 55040.54557806 16.26 104.934615  72.688534 16.582
 81     0.586 55040.54557870 19.45 104.928855  72.691414 16.582
 81     1.107 55040.54557934 25.77 104.923085  72.694284 16.582
 82     0.307 55075.54555851 27.27 104.956418  72.682168 17.958
 82     0.187 55075.54555916 27.13 104.950658  72.685038 17.958
 82     0.081 55075.54555980 26.18 104.944898  72.687918 17.958
 82    -0.287 55075.54556045 27.40 104.939138  72.690788 17.958
 82     0.079 55075.54556109 26.16 104.933380  72.693667 23.941
 82     0.141 55075.54556174 28.41 104.927610  72.696537 23.941
 83     0.102 55110.54550849 34.81 104.942463  72.677685 20.723
 83    -0.232 55110.54550913 26.41 104.936703  72.680555 20.723
 83    -0.591 55110.54550978 26.58 104.930935  72.683430 22.688
 83    -0.388 55110.54551042 24.83 104.925175  72.686310 22.688
 83    -0.182 55110.54551106 28.43 104.919405  72.689180 22.688
 83     0.201 55110.54551171 37.02 104.913645  72.692050 22.688
 84     0.172 55145.54551179 28.45 104.947611  72.682153  3.525
 84     0.177 55145.54551243 29.29 104.941851  72.685033  3.525
 84     0.237 55145.54551308 29.56 104.936084  72.687901  4.418
 84     0.295 55145.54551372 29.44 104.930324  72.690781  4.418
 84     0.445 55145.54551437 29.10 104.924554  72.693651  4.418
 85     0.504 55180.54548490 20.63 104.938810  72.674904  3.161
 85     0.203 55180.54548554 21.30 104.933050  72.677784  3.161
 85     0.014 55180.54548619 21.75 104.927290  72.680654  3.161
 85     0.006 55180.54548683 21.89 104.921520  72.683524  3.161
 85     0.158 55180.54548748 22.67 104.915760  72.686404  3.161
 85     0.282 55180.54548812 21.85 104.909990  72.689274  3.161
 85     0.890 55180.54548877 20.79 104.904220  72.692144  3.161
 86     0.366 55215.54550610 18.86 104.952046  72.681312  2.905
 86     0.664 55215.54550674 18.58 104.946286  72.684182  2.905
 86     0.761 55215.54550739 18.74 104.940526  72.687062  2.905
 86     0.793 55215.54550803 18.41 104.934766  72.689932  2.905
 86     0.865 55215.54550868 18.31 104.928996  72.692812  2.905
 87     0.230 55250.54548191 16.30 104.945424  72.676525  2.882
 87     0.140 55250.54548256 16.69 104.939666  72.679402  3.238
 87     0.064 55250.54548320 17.16 104.933906  72.682282  3.238
 87     0.245 55250.54548385 17.25 104.928146  72.685152  3.238
 87     0.408 55250.54548449 17.80 104.922376  72.688022  3.238
 87     0.541 55250.54548514 17.34 104.916616  72.690902  3.238
 88     0.310 55285.54550027 15.41 104.953001  72.683614  3.062
 88     0.034 55285.54550091 16.20 104.947241  72.686484  3.062
 88     0.445 55285.54550156 15.96 104.941481  72.689364  3.062
 88     0.754 55285.54550220 17.44 104.935726  72.692234  3.424
 88     0.983 55285.54550285 16.96 104.929956  72.695104  3.424
 89     0.249 55320.54547336 13.92 104.947130  72.681743  2.741
 89     0.449 55320.54547400 13.67 104.941373  72.684617  2.516
 89     0.526 55320.54547465 13.92 104.935613  72.687487  2.516
 89     0.709 55320.54547529 14.46 104.929843  72.690367  2.516
 89     1.009 55320.54547594 13.39 104.924083  72.693237  2.516
 90     2.444 55355.54547380 24.10 104.950625  72.681326 19.319
 90     2.712 55355.54547445 20.96 104.944865  72.684206 19.319
 90     1.579 55355.54547509 22.48 104.939106  72.687078 19.024
 90     1.624 55355.54547574 24.88 104.933346  72.689948 19.024
 90     2.089 55355.54547638 26.28 104.927576  72.692828 19.024
 91     2.324 55390.54547342 11.85 104.943172  72.676847 20.207
 91     1.825 55390.54547407 12.08 104.937409  72.679716 17.633
 91     1.283 55390.54547471 12.09 104.931649  72.682586 17.633
 91     1.130 55390.54547536 13.04 104.925889  72.685466 17.633
 91     2.477 55390.54547600 13.24 104.920119  72.688336 17.633
 91     2.953 55390.54547665 13.89 104.914359  72.691216 17.633
 92     0.524 55425.54549052 41.80 104.951136  72.680077 21.244
 92     0.245 55425.54549117 22.20 104.945376  72.682957 21.244
 92     0.112 55425.54549181 20.68 104.939616  72.685827 21.244
 92     1.104 55425.54549246 24.58 104.933854  72.688705 28.683
 92     0.908 55425.54549310 33.39 104.928094  72.691585 28.683
 92     1.013 55425.54549375 45.53 104.922324  72.694455 28.683
 93     0.300 55460.54545964 24.19 104.954183  72.685462 15.656
 93    -0.060 55460.54546028 21.65 104.948423  72.688332 15.656
 93    -0.083 55460.54546093 21.43 104.942663  72.691212 15.656
 93     0.511 55460.54546157 23.44 104.936903  72.694082 15.656
 93     0.580 55460.54546221 22.99 104.931136  72.696959 20.643
