# NaN NaN NaN ;Mean Elev.(m), Avg Gradient(m/km), RMS Gradient(m/km) - SRTM1     
#    4.069  -1.789   5.413 ;Mean Elev.(m), Avg Gradient(m/km), RMS Gradient(m/km) - ASTER GDEM
#    0.348  -1.823   7.016 ;Mean Elev.(m), Avg Gradient(m/km), RMS Gradient(m/km) - GMTED2010 
  7 105.492941  72.767049     3.584     1.855 15 52466.54365367 16.024
  8 105.497259  72.769891     3.398     1.824 15 52501.54364686 15.448
  9 105.474991  72.761178    -0.020     0.035 13 52536.54363228 35.148
 10 105.487596  72.766456     0.874    -0.242 14 52571.54366832 23.242
 11 105.502361  72.768667     0.565     0.408 15 52606.54363136 16.088
 12 105.480615  72.764874     1.053    -0.016 14 52641.54362593 15.473
 13 105.501311  72.769494     1.539     0.291 15 52676.54361457 14.613
 14 105.482502  72.764677     2.406     0.185 14 52711.54364214 12.975
 15 105.493142  72.768577     4.365     5.574 15 52746.54366971 10.797
 16 105.473581  72.763896    -0.297    -0.160 14 52781.54360801 21.719
 17 105.472437  72.764480     4.245     3.607 15 52816.54368836 22.512
 18 105.483259  72.765504     0.719     0.594 14 52851.54373929 32.064
 19 105.490086  72.766135     4.970     3.322 15 52886.54377363 22.820
 20 105.499184  72.771382    -0.514    -0.534 15 52921.54372965 39.321
 21 105.484094  72.765195     0.176     0.174 15 52956.54369390 21.293
 22 105.491700  72.767502     0.361     0.396 14 52991.54371246 17.262
 23 105.511613  72.769391     2.788     0.121 13 53026.54367834 13.772
 24 105.493160  72.767904     3.985     0.248 15 53061.54368809 13.361
 25 105.501925  72.768040     5.037     7.508 15 53096.54371455 12.215
 26 105.489335  72.767772     4.947     6.500 15 53131.54368784 10.437
 28 105.489778  72.766874     1.446     0.899 15 53201.54376404 17.076
 29 105.508450  72.769053     2.145     1.275 13 53236.54373317 16.402
 30 105.471907  72.764085     9.230    10.575 14 53271.54369192 18.052
 31 105.481253  72.764459     0.271     0.128 15 53306.54375572 20.125
 32 105.498003  72.769088     0.190     0.183 15 53341.54372353 15.491
 33 105.510959  72.770464     0.325     0.355 13 53376.54365531 13.953
 34 105.493760  72.767334     0.333     0.306 15 53411.54369848 12.188
 35 105.466876  72.764867     1.363     0.392 15 53446.54368160 11.224
 36 105.480908  72.764039     2.156     0.331 15 53481.54376651 10.271
 37 105.495357  72.767673     6.326     7.076 14 53516.54376994  8.390
 38 105.490897  72.767304     1.071     0.914 14 53551.54379028 29.033
 39 105.498022  72.771171     0.114     0.117 15 53586.54374640 29.406
 40 105.469440  72.762497     1.333     0.459 15 53621.54370904 28.113
 41 105.482014  72.765764     0.550     0.468 14 53656.54373743 31.485
 42 105.493803  72.769456     0.166     0.118 15 53691.54372538 20.672
 43 105.513683  72.770937     0.454     0.219 13 53726.54364880 17.467
 44 105.484801  72.765765     1.501     0.354 14 53761.54359991 13.819
 45 105.507901  72.768982     0.605     0.315 13 53796.54361365 13.368
 47 105.483050  72.765197     2.341     0.331 14 53866.54367151 11.501
 48 105.490236  72.766960     2.384     2.405 15 53901.54370067 40.151
 49 105.485250  72.765212     1.172     0.872 14 53936.54373984 27.509
 50 105.499115  72.767866     0.422     0.207 15 53971.54370582 30.853
 51 105.477376  72.764245     0.765     0.697 14 54006.54368806 46.992
 52 105.487155  72.766474     0.278     0.282 14 54041.54371512 23.173
 53 105.500553  72.768253     0.328     0.125 15 54076.54370927 14.870
 54 105.511872  72.771239     0.559     0.120 13 54111.54365055 13.573
 55 105.485706  72.765420     0.879     0.053 14 54146.54365065 11.340
 56 105.510123  72.769898     0.282     0.124 13 54181.54363742 10.708
 57 105.484524  72.765644     5.769     6.888 14 54216.54365905 12.019
 58 105.488930  72.766924     4.889     5.633 15 54251.54368549 15.936
 59 105.493904  72.769670     3.014     3.349 15 54286.54369139 21.188
 60 105.493083  72.768642     3.965     3.249 15 54321.54368829 18.461
 61 105.510177  72.769859     1.465     0.644 14 54356.54364817 22.028
 62 105.493099  72.766850     0.534     0.518 14 54391.54362858 25.067
 63 105.499528  72.769039     1.289     0.176 15 54426.54359834 14.129
 64 105.485615  72.765940     3.462     0.274 15 54461.54360577 12.559
 65 105.499787  72.769539     1.949     0.553 14 54496.54360557 11.342
 66 105.489934  72.766578     4.082     4.289 14 54531.54361883  9.152
 67 105.509885  72.769826     3.894     3.500 14 54566.54361090  8.374
 68 105.490214  72.766809     7.401     7.828 15 54601.54361433  5.983
 69 105.491079  72.768440     2.836     2.701 15 54636.54362620 43.397
 70 105.495911  72.767778     1.377     0.568 15 54671.54362969 15.129
 71 105.503373  72.769714    -2.754    -3.146 15 54706.54359036 28.544
 72 105.487037  72.766728     0.201     0.215 15 54741.54359408 38.994
 73 105.497989  72.770175     0.299     0.296 15 54776.54357165 20.588
 74 105.481398  72.765311     0.261     0.250 14 54811.54358752 16.176
 75 105.502547  72.768343     0.502     0.397 15 54846.54357130 16.187
 76 105.488196  72.766069     1.435     0.395 14 54881.54359063 12.274
 77 105.507145  72.769335     2.541     0.478 13 54916.54357449 11.057
 78 105.487661  72.767120     5.135     6.786 15 54951.54358448  9.233
 79 105.490029  72.765951     0.632     0.620 15 54986.54360869 37.428
 80 105.498385  72.767808     1.061     0.654 15 55021.54360145 21.254
 81 105.495809  72.769311     0.353     0.158 15 55056.54359862 24.945
 82 105.502062  72.771659     4.213     1.631 15 55091.54355613 16.044
 83 105.492146  72.766131     0.468     0.435 15 55126.54353728 41.607
 84 105.496279  72.770147     0.471     0.523 15 55161.54351733 23.866
 85 105.483100  72.765686     0.723     0.743 14 55196.54352831 21.083
 86 105.500206  72.771731     1.657     0.546 15 55231.54352084 18.876
 87 105.489499  72.767794     2.690     0.650 15 55266.54352338 17.742
 88 105.509537  72.769339     2.956     0.608 14 55301.54350146 17.101
 89 105.493742  72.768977     0.436     0.447 15 55336.54349870 21.751
 90 105.496140  72.768521     2.154     1.996 14 55371.54348852 19.413
 91 105.489204  72.766371     0.053     0.043 14 55406.54350784 42.295
 92 105.498439  72.768603     1.635     0.371 14 55441.54350756 21.951
 93 105.511997  72.769496     0.270     0.241 13 55476.54344950 39.923
