# NaN NaN NaN ;Mean Elev.(m), Avg Gradient(m/km), RMS Gradient(m/km) - SRTM1     
#   -5.388  -1.415   7.140 ;Mean Elev.(m), Avg Gradient(m/km), RMS Gradient(m/km) - ASTER GDEM
#   13.610  -0.047   9.079 ;Mean Elev.(m), Avg Gradient(m/km), RMS Gradient(m/km) - GMTED2010 
  6 102.339710  71.969664     6.797     6.824  3 52437.20838444 51.596
  7 102.338642  71.969758     5.559     5.414  4 52472.20838566 17.222
  8 102.336743  71.969737    -7.784    -7.965  4 52507.20836080 22.269
  9 102.369988  71.968975    -0.276    -0.282  4 52542.20834236 49.201
 10 102.342997  71.968844    -0.076    -0.074  3 52577.20839323 19.883
 11 102.333754  71.970428     0.028    -0.071  3 52612.20835685 17.780
 12 102.354410  71.970033     0.179     0.166  4 52647.20834110 14.096
 13 102.343183  71.969374     0.468     0.162  3 52682.20831210 13.372
 14 102.350544  71.969766     0.445     0.371  3 52717.20837077 11.752
 15 102.317424  71.968914     0.589     0.599  3 52752.20839706 11.755
 16 102.368451  71.969303     0.509     0.456  4 52787.20834039 23.333
 17 102.360131  71.968407     5.157     4.901  4 52822.20841343 21.683
 18 102.357029  71.968359     0.837     0.827  4 52857.20846061 27.705
 19 102.340466  71.968770     6.200     6.219  3 52892.20849319 21.302
 20 102.320407  71.969424     0.729     0.750  3 52927.20844550 37.986
 21 102.370583  71.969358     0.218     0.300  5 52962.20841395 21.457
 22 102.341935  71.968576     0.249     0.261  3 52997.20845690 16.168
 23 102.322106  71.968717     0.429     0.427  3 53032.20841573 14.840
 24 102.352562  71.969050     1.229     0.318  4 53067.20842532 14.006
 25 102.318273  71.969017     0.521     0.451  3 53102.20842021 12.930
 26 102.360159  71.970530     0.420     0.434  4 53137.20842748 11.763
 27 102.347645  71.968828     5.660     5.607  4 53172.20847580 29.795
 28 102.340148  71.969314     3.245     1.560  3 53207.20849041 21.699
 29 102.337840  71.969902     2.989     0.790  3 53242.20845805 24.392
 30 102.370366  71.969684     0.187     0.292  4 53277.20843006 27.204
 31 102.345228  71.969076     0.194     0.203  4 53312.20846676 19.383
 32 102.339134  71.969063     0.397     0.164  4 53347.20843275 14.062
 33 102.366595  71.968557     0.717     0.530  4 53382.20839491 12.670
 34 102.350923  71.969768     1.698     0.520  3 53417.20841093 12.631
 35 102.376107  71.970103     1.740     2.031  5 53452.20841020 10.602
 36 102.340170  71.968587     0.897     0.904  3 53487.20849669 10.716
 37 102.344718  71.968539     5.676     5.392  4 53522.20848766 23.441
 38 102.332291  71.968325     6.510     6.713  3 53557.20851312 18.215
 39 102.339088  71.970469     5.141     6.164  3 53592.20844950 16.985
 40 102.365014  71.969443     0.774     0.784  4 53627.20843912 42.602
 41 102.348549  71.969521     0.406     0.432  4 53662.20846494 34.164
 42 102.336473  71.970614     0.294     0.293  3 53697.20843105 26.636
 43 102.328897  71.970447    -0.017    -0.042  3 53732.20835390 17.585
 44 102.361399  71.970441     0.266     0.277  4 53767.20832815 14.398
 45 102.333063  71.969343     0.165     0.092  3 53802.20832939 13.569
 46 102.366161  71.969405     0.555     0.506  5 53837.20833927 12.117
 47 102.350065  71.969256     5.034     4.962  3 53872.20839284 10.085
 48 102.346437  71.969470     6.487     6.343  4 53907.20843315 24.106
 49 102.334246  71.969313     2.458     0.711  3 53942.20846061 29.838
 50 102.324407  71.968791     2.936     0.857  3 53977.20841472 21.857
 51 102.372353  71.969838     9.730    10.709  5 54012.20841860 20.730
 52 102.356403  71.969929    -0.002     0.008  4 54047.20843070 26.444
 54 102.319832  71.969665     0.060     0.031  4 54117.20835628 15.512
 55 102.343010  71.968698     0.294     0.194  3 54152.20837609 14.309
 56 102.322085  71.968463     0.576     0.431  3 54187.20834972 12.673
 57 102.351859  71.969276    23.888    23.882  3 54222.20838545  8.662
 58 102.343257  71.969099     7.882     7.879  3 54257.20840808 32.348
 59 102.344721  71.968460     5.018     4.806  4 54292.20841047 20.009
 60 102.341158  71.969719     6.738     7.172  4 54327.20840675 20.273
 61 102.321675  71.969722     1.257     1.287  3 54362.20835715 29.901
 62 102.349920  71.968797     0.005     0.028  4 54397.20834652 39.962
 63 102.328784  71.968570     0.135     0.140  3 54432.20830702 19.616
 64 102.360142  71.970546     0.416     0.418  4 54467.20832739 15.962
 65 102.333646  71.968931     0.396     0.376  3 54502.20832153 15.378
 66 102.342677  71.968395     0.348     0.344  4 54537.20834370 12.666
 67 102.330393  71.970661     0.154     0.100  3 54572.20832290 12.011
 68 102.346599  71.969668     0.687     0.725  3 54607.20833677 32.950
 69 102.338863  71.969126     6.400     6.498  4 54642.20834607 25.643
 70 102.342520  71.969240     1.783     1.766  3 54677.20834782 20.648
 71 102.328208  71.970153     5.765     6.538  3 54712.20830227 18.357
 72 102.349068  71.969202     0.870     0.893  4 54747.20831620 42.678
 73 102.337137  71.968313     0.161     0.132  3 54782.20828857 15.856
 74 102.352532  71.969698     0.527     0.399  3 54817.20830881 12.198
 75 102.334289  71.968354     0.586     0.539  3 54852.20828613 10.908
 76 102.345385  71.969458     0.996     0.784  3 54887.20831349 10.171
 77 102.320544  71.970610     3.561     2.682  3 54922.20828678 11.148
 78 102.350551  71.968770    23.997    23.927  4 54957.20830957  8.203
 79 102.342448  71.969663     7.229     7.236  4 54992.20833266 27.674
 80 102.337309  71.968656     1.275     1.266  3 55027.20832362 23.424
 81 102.340472  71.968445     4.330     4.645  3 55062.20831627 18.599
 82 102.320223  71.970270     6.692     6.908  3 55097.20826482 20.043
 84 102.337041  71.969719     0.215     0.195  3 55167.20822671 17.392
 85 102.348309  71.968927    -0.009    -0.057  4 55202.20825151 14.510
 86 102.330103  71.969751     1.802     0.273  3 55237.20823403 12.097
 87 102.342313  71.969528     0.281     0.272  3 55272.20824585 12.242
 88 102.324935  71.969694     1.921     1.920  3 55307.20821612 11.370
 89 102.344724  71.968833     5.944     5.827  4 55342.20821557 32.015
 90 102.335867  71.969127     6.445     6.880  3 55377.20820951 20.285
 91 102.352902  71.969986     2.616     0.679  3 55412.20823238 24.414
 92 102.338638  71.968816     6.225     6.358  4 55447.20822403 22.350
 93 102.317382  71.968968     0.386     0.443  3 55482.20815524 25.530
