# NaN NaN NaN ;Mean Elev.(m), Avg Gradient(m/km), RMS Gradient(m/km) - SRTM1     
#  -19.031  -0.169   5.622 ;Mean Elev.(m), Avg Gradient(m/km), RMS Gradient(m/km) - ASTER GDEM
#    1.059  -0.908   3.904 ;Mean Elev.(m), Avg Gradient(m/km), RMS Gradient(m/km) - GMTED2010 
  7     6.138 52472.55156630 22.05 103.350323  72.397031 17.758
  7     5.713 52472.55156695 19.43 103.344733  72.399911 17.758
  7     2.940 52472.55156759 19.54 103.339143  72.402811 17.758
  8    -0.644 52507.55154016 24.90 103.353591  72.400436 23.458
  8    -1.056 52507.55154080 21.07 103.348001  72.403326 23.458
  8    -5.371 52507.55154145 26.90 103.342411  72.406216 23.458
  8    -5.457 52507.55154209 36.76 103.336811  72.409096 23.458
  9    -0.032 52542.55152171 43.90 103.345889  72.393688 19.795
  9    -0.522 52542.55152236 44.93 103.340299  72.396578 19.795
 10    15.258 52577.55157226 17.22 103.351139  72.393356  3.443
 10     3.313 52577.55157290 17.25 103.345549  72.396236  3.443
 10     2.794 52577.55157355 18.36 103.339959  72.399126  3.443
 11     2.868 52612.55153782 13.89 103.351584  72.402049  2.801
 11     2.123 52612.55153846 14.28 103.345994  72.404939  2.801
 11     2.927 52612.55153911 14.06 103.340404  72.407829  2.801
 11     4.042 52612.55153975 14.23 103.334814  72.410719  2.801
 12    15.018 52647.55152045 10.11 103.351772  72.393872  2.823
 12    11.682 52647.55152110 10.87 103.346192  72.396762  2.823
 12     3.007 52647.55152174 11.23 103.340602  72.399652  2.823
 13     8.306 52682.55149435  9.58 103.356923  72.404178  2.697
 13     2.831 52682.55149500 10.11 103.351333  72.407068  2.697
 13     3.357 52682.55149564 10.46 103.345743  72.409958  2.697
 13     2.205 52682.55149629 10.32 103.340153  72.412848  2.697
 15     3.627 52752.55157674  9.30 103.351887  72.398968  2.462
 15     3.735 52752.55157739  9.39 103.346297  72.401858  2.462
 15     3.877 52752.55157803  9.83 103.340717  72.404738  2.462
 15     4.375 52752.55157868 10.12 103.335127  72.407628  2.462
 16     4.186 52787.55152039  8.48 103.343663  72.387096  3.706
 16     3.812 52787.55152103  8.74 103.338083  72.389986  3.706
 17     4.599 52822.55159279 33.29 103.349363  72.389128 23.561
 17     5.165 52822.55159343 26.65 103.343773  72.392018 23.561
 19     0.937 52892.55167286 34.93 103.349739  72.396138 26.199
 19     5.860 52892.55167351 19.80 103.344149  72.399028 26.199
 19     2.781 52892.55167415 23.07 103.338559  72.401918 26.199
 20     0.841 52927.55162518 36.23 103.361057  72.402797 12.013
 20     0.911 52927.55162582 38.02 103.355467  72.405687 12.013
 20     0.822 52927.55162647 37.37 103.349877  72.408577 12.013
 20     1.173 52927.55162711 38.82 103.344287  72.411467 12.013
 20     1.204 52927.55162776 40.99 103.338697  72.414357 12.013
 21     4.045 52962.55159621 19.36 103.349013  72.392038  3.351
 21     3.347 52962.55159685 19.29 103.343423  72.394928  3.351
 22     4.765 52997.55163787 14.79 103.348466  72.396343  3.030
 22     3.958 52997.55163852 14.98 103.342883  72.399227  3.030
 23     5.273 53032.55159605 13.15 103.357814  72.403705  2.900
 23     3.267 53032.55159670 13.68 103.352224  72.406595  2.900
 23     3.992 53032.55159734 13.70 103.346634  72.409485  2.900
 23     3.401 53032.55159798 14.23 103.341044  72.412375  2.900
 24     3.697 53067.55160661 13.21 103.348993  72.397078  3.369
 24     3.362 53067.55160726 13.55 103.343403  72.399968  3.369
 24     3.548 53067.55160790 13.77 103.337822  72.402857  3.476
 25     4.188 53102.55159924 12.63 103.359792  72.403681  3.598
 25     2.961 53102.55159989 13.13 103.354202  72.406571  3.598
 25     3.337 53102.55160053 13.50 103.348612  72.409461  3.598
 25     3.381 53102.55160118 14.17 103.343022  72.412351  3.598
 25     1.626 53102.55160182 14.30 103.337432  72.415241  3.598
 26     4.198 53137.55160942 10.17 103.350589  72.394910  2.897
 26     3.670 53137.55161006 10.38 103.344991  72.397803  3.068
 26     3.495 53137.55161071 10.97 103.339401  72.400693  3.068
 27     6.307 53172.55165515 28.35 103.351671  72.393086 12.489
 27     5.970 53172.55165580 27.82 103.346081  72.395966 12.489
 27     3.831 53172.55165644 26.24 103.340501  72.398856 12.489
 28     6.114 53207.55167073 23.42 103.352026  72.397562 21.852
 28     5.716 53207.55167137 17.90 103.346436  72.400452 21.852
 28     1.180 53207.55167202 21.61 103.340846  72.403342 21.852
 28     1.520 53207.55167266 23.34 103.335256  72.406232 21.852
 29     5.983 53242.55163902 24.87 103.356031  72.402085 25.591
 29     5.120 53242.55163967 25.72 103.350441  72.404975 25.591
 29     0.827 53242.55164031 30.66 103.344851  72.407865 25.591
 29     0.886 53242.55164096 32.24 103.339261  72.410755 25.591
 30     3.617 53277.55161097 18.47 103.344529  72.387833 24.304
 30     0.522 53277.55161161 24.28 103.338949  72.390713 24.304
 31     3.162 53312.55164553 19.50 103.351671  72.393846  3.773
 31     2.586 53312.55164618 19.80 103.346081  72.396736  3.773
 31     2.925 53312.55164682 19.44 103.340491  72.399626  3.773
 32     3.068 53347.55161262 14.07 103.351286  72.401637  2.744
 32     3.142 53347.55161326 14.57 103.345696  72.404527  2.744
 32     3.717 53347.55161391 14.87 103.340106  72.407417  2.744
 32     0.508 53347.55161455 15.02 103.334506  72.410307  2.744
 33     4.028 53382.55157530 11.40 103.347949  72.388306  2.706
 33     3.737 53382.55157595 11.38 103.342359  72.391196  2.706
 34     3.322 53417.55159133 10.88 103.353366  72.400903  2.668
 34     2.903 53417.55159198 11.05 103.347776  72.403793  2.668
 34     1.710 53417.55159262 11.64 103.342176  72.406683  2.668
 34     1.277 53417.55159326 11.80 103.336586  72.409573  2.668
 36     3.461 53487.55167680  8.83 103.345679  72.393909  2.762
 36     3.252 53487.55167744  8.97 103.340089  72.396799  2.762
 37     6.186 53522.55166798 27.66 103.351363  72.399148 11.302
 37     5.638 53522.55166862 26.39 103.345773  72.402038 11.302
 37     1.659 53522.55166927 29.71 103.340183  72.404928 11.302
 37     1.568 53522.55166991 36.79 103.334593  72.407818 11.302
 38     3.542 53557.55169245 34.62 103.352755  72.394867 19.698
 38     6.014 53557.55169310 20.27 103.347165  72.397747 19.698
 38     5.658 53557.55169374 16.77 103.341575  72.400637 19.698
 39     5.585 53592.55163083 21.03 103.361437  72.404546 21.181
 39     5.248 53592.55163147 16.70 103.355847  72.407426 21.181
 39     3.876 53592.55163212 20.83 103.350257  72.410316 21.181
 39     1.539 53592.55163276 22.09 103.344666  72.413208 14.189
 39     4.279 53592.55163341 18.73 103.339066  72.416098 14.189
 41     3.198 53662.55164507 26.06 103.349259  72.393911  8.639
 41     2.864 53662.55164571 27.11 103.343669  72.396801  8.639
 42     2.342 53697.55161100 18.08 103.353072  72.402465  3.685
 42     2.193 53697.55161164 17.92 103.347482  72.405355  3.685
 42     1.051 53697.55161229 17.96 103.341892  72.408245  3.685
 42     0.250 53697.55161293 18.37 103.336302  72.411135  3.685
 43     3.028 53732.55153368 16.20 103.364028  72.404930  4.254
 43     2.335 53732.55153432 16.38 103.358438  72.407820  4.254
 43     1.512 53732.55153497 17.14 103.352848  72.410700  4.254
 43     0.853 53732.55153561 17.12 103.347258  72.413590  4.254
 43     1.015 53732.55153626 17.17 103.341668  72.416480  4.254
 44     3.581 53767.55150957 14.03 103.348331  72.397787  3.632
 44     3.301 53767.55151022 13.76 103.342741  72.400677  3.632
 44     2.501 53767.55151086 13.88 103.337151  72.403567  3.632
 45     3.261 53802.55150958 12.84 103.360989  72.403039  3.758
 45     2.696 53802.55151022 12.95 103.355409  72.405929  3.758
 45     2.075 53802.55151087 13.01 103.349809  72.408819  3.758
 45     1.208 53802.55151151 13.33 103.344219  72.411709  3.758
 45     1.075 53802.55151216 13.57 103.338632  72.414599  2.619
 46    17.927 53837.55152019 12.42 103.344567  72.389422  3.519
 46     3.699 53837.55152083 12.22 103.338977  72.392312  3.519
 47     5.029 53872.55157287 11.44 103.350539  72.395054  3.319
 47     4.680 53872.55157352 11.39 103.344949  72.397944  3.319
 47     3.987 53872.55157416 11.82 103.339359  72.400834  3.319
 49     5.719 53942.55164045 18.58 103.346450  72.395476 14.958
 49     5.173 53942.55164109 20.57 103.340860  72.398366 14.958
 50     5.602 53977.55159449 21.20 103.354087  72.403996 21.470
 50     0.898 53977.55159514 25.59 103.348497  72.406886 21.470
 50     1.055 53977.55159578 30.51 103.342907  72.409776 21.470
 50     0.912 53977.55159643 34.92 103.337307  72.412666 21.470
 51     4.882 54012.55159913 22.05 103.344491  72.388319 21.114
 51     4.418 54012.55159978 18.86 103.338911  72.391209 21.114
 52     3.414 54047.55161115 20.02 103.351610  72.398961  4.564
 52     2.739 54047.55161180 21.21 103.346020  72.401851  4.564
 52     1.785 54047.55161244 21.03 103.340430  72.404741  4.564
 52     3.696 54047.55161309 21.21 103.334840  72.407631  4.564
 54     2.931 54117.55153588 13.22 103.363750  72.405355  2.829
 54     1.312 54117.55153653 13.61 103.358160  72.408235  2.829
 54     0.766 54117.55153717 13.93 103.352570  72.411125  2.829
 54     0.599 54117.55153782 14.50 103.346980  72.414015  2.829
 55     3.517 54152.55155633 10.98 103.351000  72.397004  2.751
 55     2.875 54152.55155697 11.77 103.345410  72.399894  2.751
 55     3.014 54152.55155762 11.87 103.339820  72.402784  2.751
 56     2.674 54187.55152941  9.88 103.360201  72.404611  2.553
 56     1.935 54187.55153005 10.99 103.354611  72.407501  2.553
 56     2.198 54187.55153070 10.80 103.349021  72.410391  2.553
 56     0.683 54187.55153134 11.23 103.343431  72.413271  2.553
 57    12.883 54222.55156578  9.46 103.348390  72.393958  2.539
 57    11.056 54222.55156643  9.48 103.342810  72.396848  2.539
 58     6.212 54257.55158840 24.43 103.352959  72.397139 17.009
 58     5.671 54257.55158905 22.48 103.347379  72.400029 17.009
 58     3.957 54257.55158969 21.97 103.341779  72.402909 17.009
 58     4.055 54257.55159034 29.32 103.336189  72.405799 17.009
 59     6.021 54292.55159112 22.06 103.349405  72.399033 21.272
 59     5.634 54292.55159176 16.40 103.343815  72.401913 21.272
 59     4.963 54292.55159241 16.93 103.338225  72.404803 21.272
 60     5.903 54327.55158740 25.82 103.353147  72.401251 18.018
 60     5.689 54327.55158804 20.41 103.347567  72.404141 18.018
 60     4.770 54327.55158869 22.21 103.341967  72.407031 18.018
 60     4.151 54327.55158933 26.90 103.336377  72.409911 18.018
 61     5.421 54362.55153748 23.16 103.359003  72.406822 26.527
 61     3.634 54362.55153813 22.41 103.353413  72.409702 26.527
 61     3.930 54362.55153877 22.64 103.347813  72.412592 26.527
 61     1.403 54362.55153941 42.03 103.342223  72.415482 26.527
 62     2.613 54397.55152647 24.82 103.350551  72.396648  5.455
 62     0.662 54397.55152712 26.44 103.344961  72.399538  5.455
 62    -0.008 54397.55152776 27.64 103.339371  72.402428  5.455
 63     2.221 54432.55148668 13.97 103.358220  72.404019  2.470
 63     1.652 54432.55148732 13.48 103.352640  72.406909  2.470
 63     1.703 54432.55148797 13.77 103.347040  72.409799  2.470
 63     2.109 54432.55148861 13.96 103.341450  72.412689  2.470
 64     3.515 54467.55150801 11.07 103.347688  72.394878  2.679
 64     3.042 54467.55150865 10.89 103.342098  72.397768  2.679
 65     2.903 54502.55150182  9.45 103.354616  72.403094  2.725
 65     2.558 54502.55150246  9.57 103.349026  72.405984  2.725
 65     1.960 54502.55150311  9.88 103.343436  72.408877  1.895
 65     1.077 54502.55150375 10.00 103.337846  72.411767  1.895
 66     3.133 54537.55152435  8.83 103.350654  72.400114  2.899
 66     3.193 54537.55152499  9.24 103.345064  72.403004  2.899
 66     2.644 54537.55152564  9.28 103.339475  72.405895  2.038
 66     1.192 54537.55152628  9.91 103.333885  72.408785  2.038
 67     3.107 54572.55150323  7.94 103.360411  72.403347  2.999
 67     3.115 54572.55150388  8.02 103.354821  72.406227  2.999
 67     3.121 54572.55150452  8.39 103.349231  72.409117  2.999
 67     3.137 54572.55150517  8.77 103.343641  72.412007  2.999
 67     2.713 54572.55150581  8.93 103.338051  72.414897  2.999
 68     5.924 54607.55151710  7.38 103.352812  72.396317  3.819
 68     5.215 54607.55151775  7.40 103.347222  72.399207  3.819
 68     5.309 54607.55151839  7.38 103.341632  72.402097  3.819
 68     5.094 54607.55151904  7.47 103.336042  72.404987  3.819
 69     6.210 54642.55152607 32.17 103.354338  72.398491 26.701
 69     5.853 54642.55152672 23.96 103.348748  72.401381 26.701
 69     5.322 54642.55152736 22.38 103.343158  72.404271 26.701
 69     4.894 54642.55152801 21.69 103.337568  72.407161 26.701
 69     5.091 54642.55152865 22.78 103.331977  72.410050 18.843
 70     6.029 54677.55152815 21.59 103.349112  72.398544 27.595
 70     5.712 54677.55152879 17.33 103.343532  72.401434 27.595
 70     5.017 54677.55152944 16.81 103.337932  72.404324 27.595
 71     5.369 54712.55148260 24.94 103.361503  72.404373 20.743
 71     5.284 54712.55148325 16.88 103.355913  72.407273 20.743
 71     1.133 54712.55148389 23.43 103.350323  72.410153 20.743
 71     2.234 54712.55148453 22.01 103.344733  72.413043 20.743
 71     1.484 54712.55148518 23.64 103.339143  72.415933 20.743
 72     3.572 54747.55149621 31.26 103.349998  72.395032 16.275
 72     2.762 54747.55149685 33.12 103.344408  72.397922 16.275
 72     0.698 54747.55149750 34.37 103.338818  72.400812 16.275
 73     3.038 54782.55146825 16.36 103.356345  72.399757  3.069
 73     2.550 54782.55146890 16.25 103.350755  72.402647  3.069
 73     2.751 54782.55146954 15.86 103.345165  72.405537  3.069
 73     3.077 54782.55147019 16.17 103.339575  72.408427  3.069
 73     3.563 54782.55147083 16.43 103.333981  72.411314  2.248
 74     3.789 54817.55148914 10.90 103.348680  72.395580  2.755
 74     3.469 54817.55148978 11.28 103.343090  72.398470  2.755
 75     3.368 54852.55146582  9.30 103.357698  72.400260  2.687
 75     3.013 54852.55146646  9.08 103.352108  72.403150  2.687
 75     2.453 54852.55146711  9.70 103.346518  72.406040  2.687
 75     2.788 54852.55146775 10.00 103.340928  72.408930  2.687
 75     1.751 54852.55146840 10.21 103.335328  72.411820  2.687
 76     3.271 54887.55149382  7.98 103.349098  72.397694  2.608
 76     2.936 54887.55149446  8.04 103.343508  72.400584  2.608
 76     2.807 54887.55149511  8.41 103.337918  72.403474  2.608
 77     5.771 54922.55146711  9.31 103.360117  72.405799  2.855
 77     5.448 54922.55146776  9.73 103.354527  72.408689  2.855
 77     4.135 54922.55146840 10.02 103.348937  72.411569  2.855
 77     3.495 54922.55146905  9.74 103.343337  72.414459  2.855
 78    14.556 54957.55148958  7.30 103.351821  72.392693  2.555
 78    11.694 54957.55149022  7.57 103.346231  72.395583  2.555
 78     9.831 54957.55149087  7.41 103.340641  72.398473  2.555
 79     5.733 54992.55151331 35.40 103.348383  72.398214 19.806
 79     5.279 54992.55151395 31.83 103.342793  72.401094 19.806
 79     4.898 54992.55151460 28.42 103.337203  72.403984 19.806
 80     6.095 55027.55150395 20.39 103.353763  72.400211 25.607
 80     0.712 55027.55150460 23.49 103.348173  72.403091 25.607
 80     1.051 55027.55150524 30.41 103.342583  72.405981 25.607
 80     0.981 55027.55150589 40.13 103.336991  72.408872 26.415
 81     0.778 55062.55149660 50.45 103.351236  72.399751 38.557
 81     0.817 55062.55149724 49.87 103.345646  72.402641 38.557
 81     0.548 55062.55149789 49.92 103.340056  72.405531 38.557
 81     0.923 55062.55149853 35.17 103.334466  72.408421 38.557
 82     4.845 55097.55144515 28.44 103.359164  72.407042 26.612
 82     0.826 55097.55144580 30.71 103.353574  72.409922 26.612
 82     0.843 55097.55144644 29.07 103.347984  72.412812 26.612
 82     1.042 55097.55144709 33.89 103.342394  72.415702 26.612
 83     1.363 55132.55143918 35.26 103.350379  72.395399 10.954
 83    -0.220 55132.55143983 42.64 103.344789  72.398289 10.954
 83    -0.025 55132.55144047 40.56 103.339209  72.401179 10.954
 84     1.922 55167.55140640 21.55 103.358123  72.400751  3.378
 84     2.403 55167.55140704 21.55 103.352543  72.403641  3.378
 84     1.602 55167.55140769 22.05 103.346953  72.406531  3.378
 84     0.351 55167.55140833 22.63 103.341353  72.409421  3.378
 84     0.881 55167.55140898 22.49 103.335763  72.412311  3.378
 85     3.736 55202.55143152 18.65 103.350962  72.394896  3.689
 85     3.307 55202.55143217 19.27 103.345372  72.397786  3.689
 85     2.952 55202.55143281 19.10 103.339792  72.400676  3.689
 86     2.813 55237.55141436 16.92 103.354186  72.404246  3.311
 86     2.074 55237.55141500 17.61 103.348596  72.407136  3.311
 86     1.421 55237.55141565 17.90 103.343006  72.410026  3.311
 86     0.683 55237.55141629 18.48 103.337416  72.412916  3.311
 87     3.697 55272.55142618 14.94 103.352943  72.398516  3.405
 87     3.180 55272.55142683 14.92 103.347363  72.401406  3.405
 87     2.781 55272.55142747 15.99 103.341773  72.404296  3.405
 87     1.215 55272.55142811 16.71 103.336172  72.407185  3.070
 87     0.694 55272.55142876 17.05 103.330582  72.410075  3.070
 88     2.270 55307.55139710 13.68 103.357942  72.406497  2.953
 88     1.692 55307.55139774 14.34 103.352352  72.409377  2.953
 88     0.525 55307.55139839 14.75 103.346762  72.412277  2.953
 88     1.074 55307.55139903 14.73 103.341167  72.415162  2.796
 89     1.194 55342.55139558 35.14 103.352872  72.397595 25.798
 89     1.106 55342.55139622 37.22 103.347292  72.400485 25.798
 89     1.395 55342.55139687 31.04 103.341702  72.403375 25.798
 89     1.331 55342.55139751 44.36 103.336102  72.406265 25.798
 90     6.021 55377.55138985 27.83 103.355806  72.400835 26.106
 90     5.676 55377.55139049 20.33 103.350216  72.403715 26.106
 90     1.392 55377.55139114 27.72 103.344626  72.406605 26.106
 90     1.235 55377.55139178 33.45 103.339038  72.409497 19.407
 91     3.865 55412.55141271 29.41 103.352603  72.393974 16.086
 91     6.159 55412.55141336 17.81 103.347023  72.396864 16.086
 91     5.698 55412.55141400 16.86 103.341433  72.399754 16.086
 92     6.076 55447.55140404 27.56 103.355683  72.399586 23.821
 92     5.853 55447.55140469 23.22 103.350103  72.402466 23.821
 92     5.215 55447.55140533 19.82 103.344513  72.405356 23.821
 92     1.288 55447.55140598 30.56 103.338913  72.408246 23.821
 92     1.625 55447.55140662 31.32 103.333323  72.411136 23.821
 93     0.559 55482.55133493 28.99 103.362223  72.407841  5.028
 93     0.807 55482.55133557 27.23 103.356633  72.410741  5.028
 93     0.595 55482.55133621 27.41 103.351043  72.413621  5.028
 93     0.419 55482.55133686 27.10 103.345453  72.416511  5.028
