-109750.817    60.824     0.00    4.92
-109379.271    60.856     0.08    5.33
-109007.826    60.927     0.19    6.43
-108636.481    60.710    -0.59    6.74
-108265.236    60.456    -0.68    7.10
-107894.092    58.773    -4.53    7.02
-107523.048    54.470   -11.60    8.69
-107152.104    48.199   -16.91   10.39
-106781.260    45.939    -6.10    9.25
-106410.515    48.378     6.58   11.24
-106039.871    53.338    13.38   11.60
-105669.326    55.591     6.08   10.59
-105298.881    52.478    -8.40   11.11
-104928.536    47.538   -13.34    8.68
-104558.290    45.159    -6.43    5.54
-104188.143    47.499     6.32    6.18
-103818.096    52.338    13.08    6.94
-103448.148    57.371    13.61    7.72
-103078.299    63.196    15.75    7.94
-102708.550    68.248    13.66    8.16
-102338.899    72.024    10.22    6.61
-101969.347    76.839    13.03    7.17
-101599.894    80.720    10.50    7.85
-101230.540    82.096     3.73    7.55
-100861.285    79.997    -5.69   10.41
-100492.128    73.948   -16.39   11.70
-100123.070    66.002   -21.53    9.47
 -99754.110    58.768   -19.61    7.94
 -99385.248    53.772   -13.55    7.75
 -99016.485    47.800   -16.19    8.61
 -98647.820    39.127   -23.53   11.01
 -98279.253    32.894   -16.91   10.09
 -97910.784    28.433   -12.11    7.31
 -97542.413    27.440    -2.69    6.23
 -97174.141    31.409    10.78    8.29
 -96805.965    35.604    11.39   11.06
 -96437.888    39.840    11.51   13.64
 -96069.908    42.390     6.93   14.44
 -95702.026    45.720     9.05   15.02
 -95334.241    46.722     2.73   14.46
 -94966.554    43.618    -8.44   12.60
 -94598.964    39.286   -11.78    7.33
 -94231.471    39.233    -0.15    5.58
 -93864.076    41.993     7.51    6.56
 -93496.777    45.225     8.80    5.67
 -93129.576    46.956     4.71    4.66
 -92762.472    46.932    -0.06    5.18
 -92395.464    47.434     1.37    5.73
 -92028.553    47.607     0.47    5.60
 -91661.739    48.809     3.28    5.88
 -91295.022    51.878     8.37    6.53
 -90928.401    53.738     5.07    6.32
 -90561.876    53.584    -0.42    6.84
 -90195.448    54.786     3.28    6.29
 -89829.117    55.094     0.84    5.25
 -89462.881    54.155    -2.56    4.97
 -89096.742    52.033    -5.80    5.01
 -88730.699    48.540    -9.54    4.33
 -88364.752    47.341    -3.28    4.91
 -87998.900    46.886    -1.24    5.15
 -87633.145    46.707    -0.49    6.57
 -87267.486    48.697     5.44    6.86
 -86901.922    49.686     2.71    7.34
 -86536.453    50.069     1.05    7.77
 -86171.081    51.608     4.21    6.57
 -85805.804    52.984     3.77    6.00
 -85440.622    55.390     6.59    7.09
 -85075.535    59.508    11.28    9.31
 -84710.544    63.758    11.64   10.18
 -84345.648    67.120     9.21   10.75
 -83980.847    69.210     5.73    9.71
 -83616.141    69.268     0.16    8.57
 -83251.530    66.104    -8.68    9.36
 -82887.014    59.871   -17.10   11.95
 -82522.593    56.133   -10.26   10.53
 -82158.266    55.201    -2.56   10.37
 -81794.035    55.321     0.33   10.45
 -81429.897    57.518     6.04    8.87
 -81065.854    61.065     9.74   12.53
 -80701.906    66.220    14.16   17.07
 -80338.052    69.719     9.62   16.94
 -79974.292    72.347     7.22   15.50
 -79610.627    68.957    -9.32   13.01
 -79247.055    63.608   -14.71   12.28
 -78883.578    57.576   -16.60   13.59
 -78520.194    49.584   -21.99   13.63
 -78156.905    44.522   -13.93   12.34
 -77793.709    43.243    -3.52   12.46
 -77430.607    41.350    -5.21   11.81
 -77063.644    37.356   -10.88   13.18
 -76680.526    33.769    -9.36   12.53
 -76297.517    32.072    -4.43    9.76
 -75914.616    33.556     3.87   10.11
 -75531.823    36.076     6.58    9.44
 -75149.138    32.429    -9.53   11.43
 -74766.561    28.550   -10.14   10.01
 -74384.092    29.049     1.30   10.43
 -74001.731    31.071     5.29   11.42
 -73619.477    33.449     6.22   10.58
 -73237.332    37.329    10.15    9.47
 -72855.293    42.365    13.18   10.41
 -72473.362    47.386    13.15   11.00
 -72091.539    49.716     6.10   11.11
 -71709.823    49.697    -0.05   11.86
 -71328.214    49.263    -1.14   10.79
 -70946.712    49.024    -0.62    8.21
 -70565.317    46.840    -5.73    7.66
 -70184.029    42.355   -11.76    9.06
 -69802.848    39.824    -6.64    8.34
 -69421.773    39.467    -0.94    7.37
 -69040.806    39.646     0.47    7.09
 -68659.944    43.230     9.41    7.06
 -68279.189    46.750     9.25    8.72
 -67898.541    50.425     9.66   10.93
 -67517.999    52.494     5.44   11.16
 -67137.563    56.756    11.20   11.63
 -66757.233    62.725    15.69   13.36
 -66377.009    65.256     6.66   13.45
 -65996.891    66.429     3.09   12.44
 -65616.879    64.233    -5.78   12.19
 -65236.973    59.646   -12.07   10.37
 -64857.172    55.033   -12.15    8.69
 -64477.477    54.140    -2.35    7.69
 -64097.887    59.724    14.71   11.68
 -63718.403    65.451    15.09   12.00
 -63339.024    67.638     5.76   10.48
 -62959.750    63.525   -10.85   11.06
 -62580.582    56.942   -17.36   10.62
 -62201.518    53.189    -9.90    6.98
 -61822.559    54.148     2.53    7.15
 -61443.706    58.688    11.98    7.83
 -61064.957    61.772     8.14    6.82
 -60686.312    59.522    -5.94   10.24
 -60307.773    55.964    -9.40   10.80
 -59929.337    54.440    -4.03   10.86
 -59551.007    55.258     2.16   10.66
 -59172.780    59.268    10.60    9.33
 -58794.658    61.466     5.81    6.80
 -58416.640    60.532    -2.47    7.09
 -58038.726    57.610    -7.73    9.20
 -57660.916    54.064    -9.39    7.71
 -57283.210    51.514    -6.75    7.02
 -56905.608    49.871    -4.35    6.67
 -56528.110    48.974    -2.38    6.05
 -56150.715    51.253     6.04   10.12
 -55773.424    53.630     6.30   12.93
 -55396.236    54.194     1.50   12.22
 -55019.152    56.600     6.38   10.85
 -54642.171    57.838     3.29   11.86
 -54265.293    59.410     4.17   11.82
 -53888.518    61.366     5.19    9.96
 -53511.847    62.777     3.75    7.50
 -53135.278    65.347     6.83    7.28
 -52758.812    69.410    10.79    7.12
 -52382.449    70.543     3.01    6.49
 -52006.189    67.170    -8.96   10.12
 -51630.032    57.682   -25.22   14.11
 -51253.976    49.663   -21.32   11.32
 -50878.024    44.911   -12.64    8.90
 -50502.174    40.140   -12.69   11.74
 -50126.426    35.445   -12.50   16.94
 -49750.780    30.433   -13.34   22.98
 -49375.236    27.127    -8.80   25.46
 -48999.795    22.000   -13.66   23.35
 -48624.455    18.181   -10.17   16.15
 -48249.218    16.910    -3.39   11.74
 -47874.082    17.481     1.52   12.26
 -47499.048    22.894    14.43   17.22
 -47124.115    24.871     5.27   18.88
 -46749.284    25.556     1.83   19.47
 -46374.554    23.963    -4.25   18.55
 -45999.926    20.935    -8.08   16.72
 -45625.399    16.414   -12.07   15.23
 -45250.974    12.183   -11.30   12.16
 -44876.649     7.587   -12.28    5.86
 -44502.425     6.414    -3.14    4.15
 -44128.303     7.790     3.68    4.49
 -43754.281     8.261     1.26    4.23
 -43380.360     9.048     2.10    5.52
 -43006.540     8.366    -1.83    5.61
 -42632.821     6.786    -4.23    4.84
 -42259.202     6.355    -1.15    3.94
 -41885.683     7.740     3.71    4.66
 -41512.265     9.463     4.62    4.72
 -41138.947     9.910     1.20    3.77
 -40765.730     8.160    -4.69    3.76
 -40392.612     9.222     2.85    6.58
 -40019.595    15.752    17.51   14.46
 -39646.677    30.800    40.35   23.10
 -39273.860    48.394    47.19   21.93
 -38901.142    62.650    38.25   15.72
 -38528.524    68.879    16.72   13.01
 -38156.006    70.823     5.22   13.73
 -37783.588    70.359    -1.25   14.40
 -37411.268    69.840    -1.39   13.18
 -37039.049    66.522    -8.91   13.08
 -36666.928    59.988   -17.56   14.33
 -36294.907    53.808   -16.61   13.50
 -35922.985    50.712    -8.32    9.53
 -35551.162    54.673    10.65    9.90
 -35179.438    56.735     5.55   10.11
 -34807.813    56.616    -0.32   11.16
 -34436.287    55.579    -2.79   13.97
 -34064.860    53.670    -5.14   15.79
 -33693.532    51.500    -5.84   15.74
 -33322.302    48.553    -7.94   13.56
 -32951.170    47.511    -2.81   10.75
 -32580.137    48.631     3.02   10.64
 -32209.203    51.644     8.12   12.23
 -31838.366    57.627    16.13   14.09
 -31467.628    62.610    13.44   14.76
 -31096.988    66.768    11.22   12.34
 -30726.447    70.458     9.96    9.46
 -30356.003    70.642     0.50    9.03
 -29985.657    69.862    -2.11   10.34
 -29615.409    65.526   -11.71   12.94
 -29245.259    61.074   -12.03   12.37
 -28875.206    56.499   -12.36   11.09
 -28505.251    56.246    -0.69   11.18
 -28135.393    56.863     1.67   11.10
 -27765.633    59.877     8.15   10.57
 -27395.971    65.449    15.07    7.87
 -27026.405    65.519     0.19    9.51
 -26656.937    63.049    -6.69   12.88
 -26287.566    62.646    -1.09   15.68
 -25918.292    60.982    -4.51   17.70
 -25549.115    57.334    -9.88   18.89
 -25180.035    53.574   -10.19   17.99
 -24811.052    50.454    -8.45   14.74
 -24442.165    51.640     3.22   12.29
 -24073.375    53.862     6.03    9.95
 -23704.682    54.566     1.91    9.96
 -23336.085    54.464    -0.28   12.65
 -22967.585    53.433    -2.80   15.14
 -22599.181    54.161     1.98   16.67
 -22230.873    52.754    -3.82   16.83
 -21862.662    51.217    -4.17   16.53
 -21494.546    49.356    -5.05   16.32
 -21126.527    45.956    -9.24   17.37
 -20758.604    45.933    -0.06   17.75
 -20390.777    46.008     0.20   17.35
 -20023.045    47.113     3.00   15.84
 -19655.409    48.280     3.17   13.01
 -19287.869    50.630     6.39   10.31
 -18920.425    50.693     0.17    8.73
 -18553.076    48.531    -5.88    7.89
 -18185.822    46.100    -6.62    8.21
 -17818.664    43.121    -8.12    8.66
 -17451.601    41.341    -4.85   11.24
 -17084.634    40.699    -1.75   13.16
 -16717.762    41.053     0.97   13.06
 -16350.984    39.656    -3.81   12.41
 -15984.302    35.152   -12.28   13.19
 -15617.715    28.511   -18.11   16.34
 -15251.222    22.677   -15.92   14.81
 -14884.824    22.474    -0.56   14.18
 -14518.521    27.445    13.57   15.01
 -14152.313    36.044    23.48    9.80
 -13786.199    36.768     1.98    7.57
 -13420.180    34.311    -6.71    8.45
 -13054.255    30.306   -10.95    7.47
 -12688.424    30.074    -0.63    7.09
 -12322.688    32.052     5.41    8.59
 -11957.046    35.440     9.27    9.00
 -11591.498    37.682     6.13    7.01
 -11226.044    37.453    -0.62    6.01
 -10860.684    35.177    -6.23    6.08
 -10495.418    34.124    -2.88    6.32
 -10130.246    34.203     0.22    6.47
  -9765.167    35.327     3.08    5.36
  -9400.182    34.332    -2.73    6.08
  -9035.291    33.358    -2.67    6.83
  -8670.493    32.268    -2.99    7.35
  -8305.789    31.196    -2.94    7.82
  -7941.178    31.107    -0.24    8.93
  -7576.661    30.919    -0.52    9.43
  -7212.236    30.282    -1.75    9.30
  -6847.905    28.638    -4.51    9.91
  -6483.667    23.961   -12.84    9.31
  -6119.522    20.269   -10.14    8.33
  -5755.470    16.942    -9.14    7.21
  -5391.511    14.755    -6.01    6.64
  -5027.645    12.085    -7.34    7.14
  -4663.871     8.038   -11.12    7.24
  -4300.190     5.580    -6.76    6.32
  -3936.602     3.513    -5.68    4.15
  -3573.106     2.339    -3.23    3.03
  -3209.703     2.211    -0.35    2.70
  -2846.392     2.714     1.39    2.97
  -2483.173     2.367    -0.96    2.19
  -2103.997     2.032    -0.88    2.07
  -1721.123     1.480    -1.44    1.93
  -1338.355     0.961    -1.36    1.53
   -955.693     1.222     0.68    2.19
   -573.137     1.279     0.15    2.37
   -190.687     0.934    -0.90    2.07
    191.657     0.374    -1.46    1.06
    573.895     0.148    -0.59    0.79
    956.028     0.402     0.66    1.70
   1338.056     0.583     0.47    1.84
   1719.978     1.307     1.89    2.90
   2101.794     2.671     3.57    4.57
   2483.506     4.590     5.03    5.51
   2865.112     5.725     2.97    5.59
   3246.613     7.002     3.35    5.60
   3628.009     6.299    -1.84    4.98
   4009.300     5.759    -1.42    4.35
   4390.486     4.680    -2.83    3.96
   4771.568     3.583    -2.88    3.41
   5152.545     3.462    -0.32    3.31
   5533.417     3.283    -0.47    3.27
   5914.185     2.625    -1.73    2.38
   6294.849     2.394    -0.61    1.72
   6675.408     2.878     1.27    2.04
   7055.863     3.029     0.40    2.76
   7436.214     4.251     3.21    3.45
   7816.461     4.330     0.21    3.29
   8196.604     3.521    -2.13    3.19
   8576.643     3.920     1.05    4.20
   8956.578     2.688    -3.24    4.18
   9336.409     1.526    -3.06    3.55
   9716.137     0.766    -2.00    2.50
  10095.762     0.886     0.32    3.26
  10475.282     0.755    -0.35    2.72
  10854.700     2.839     5.49    5.22
  11234.014     4.953     5.57    5.82
  11613.225     5.958     2.65    5.32
  11992.333     7.081     2.96    4.65
  12371.338     6.024    -2.79    3.59
  12750.240     6.053     0.08    3.41
  13129.039     7.264     3.20    3.99
  13507.735     7.759     1.31    4.23
  13886.328     7.148    -1.61    4.94
  14264.819     4.741    -6.36    4.83
  14643.208     3.190    -4.10    3.74
  15021.494     2.860    -0.87    3.19
  15399.677     3.259     1.06    3.21
  15777.759     2.943    -0.84    2.61
  16155.738     1.414    -4.04    1.97
  16533.615     0.666    -1.98    1.63
  16911.389    -0.106    -2.04    0.00
  17289.062    -0.106     0.00    0.00
  17666.634    -0.106     0.00    0.00
  18044.103     0.227     0.88    1.57
  18421.470     1.386     3.07    3.68
  18798.736     2.445     2.81    4.04
  19175.901     2.359    -0.23    3.80
  19552.964     1.667    -1.84    2.82
  19929.926     1.070    -1.58    2.20
  20306.786     1.507     1.16    3.14
  20683.545     2.478     2.58    3.95
  21060.203     4.720     5.95    5.53
  21436.760     7.318     6.90    5.67
  21813.216     7.822     1.34    5.20
  22189.571     7.014    -2.15    5.40
  22565.825     4.466    -6.77    5.14
  22941.979     2.294    -5.77    3.83
  23318.031     0.449    -4.91    1.48
  23693.984     0.118    -0.88    0.89
  24069.836     0.781     1.76    2.17
  24445.587     2.183     3.73    4.50
  24821.238     2.886     1.87    4.59
  25196.789     3.043     0.42    3.51
  25572.240     2.574    -1.25    2.36
  25947.590     3.005     1.15    2.79
  26322.841     3.610     1.61    2.81
  26697.992     3.949     0.91    3.14
  27073.042     5.521     4.19    4.16
  27447.993     8.146     7.00    4.97
  27822.845    10.701     6.81    4.85
  28197.597    12.450     4.67    4.01
  28572.249    13.354     2.41    4.51
  28946.802    14.707     3.61    5.10
  29321.255    16.108     3.74    4.85
  29695.609    17.781     4.47    3.29
  30069.864    17.072    -1.89    3.55
  30444.020    15.354    -4.59    3.97
  30818.077    13.171    -5.84    3.99
  31192.035    12.289    -2.36    3.68
  31565.894    12.846     1.49    4.12
  31939.654    14.140     3.46    4.06
  32313.315    14.382     0.65    4.73
  32686.878    14.665     0.76    4.75
  33060.342    15.233     1.52    5.38
  33433.708    17.212     5.30    6.06
  33806.975    19.834     7.02    6.17
  34180.144    20.781     2.54    5.59
  34553.215    21.138     0.96    4.43
  34926.187    22.071     2.50    3.42
  35299.061    20.766    -3.50    3.92
  35671.838    19.694    -2.88    4.31
  36044.516    18.402    -3.47    3.79
  36417.096    17.211    -3.20    2.84
  36789.579    17.411     0.54    3.59
  37161.964    18.140     1.96    3.70
  37534.251    18.475     0.90    3.89
  37906.441    18.390    -0.23    3.74
  38278.533    19.070     1.83    4.16
  38650.528    20.326     3.38    5.20
  39022.425    24.507    11.24    8.01
  39394.226    28.748    11.41    8.67
  39765.929    30.069     3.55    8.49
  40137.534    28.136    -5.20    9.64
  40509.043    23.813   -11.64    8.17
  40880.455    20.515    -8.88    3.54
  41251.770    21.806     3.48    4.45
  41622.989    24.623     7.59    6.00
  41994.110    26.614     5.37    5.45
  42365.135    29.504     7.79    4.68
  42736.063    31.362     5.01    4.91
  43106.895    31.459     0.26    4.08
  43477.630    31.068    -1.05    4.29
  43848.269    30.656    -1.11    4.21
  44218.812    28.862    -4.84    3.45
  44589.258    28.411    -1.22    3.57
  44959.609    30.014     4.33    4.97
  45329.863    31.463     3.91    5.80
  45700.022    34.333     7.75    5.97
  46070.084    36.193     5.02    5.41
  46440.051    36.961     2.08    5.40
  46809.922    37.558     1.61    4.65
  47179.697    37.878     0.87    4.00
  47549.376    39.534     4.48    3.84
  47918.960    41.564     5.49    4.67
  48288.449    42.862     3.51    4.07
  48657.842    44.618     4.75    2.81
  49027.140    45.378     2.06    2.69
  49396.343    45.836     1.24    2.85
  49765.450    46.632     2.16    2.21
  50134.463    46.225    -1.10    2.59
  50503.380    45.155    -2.90    2.44
  50872.203    44.886    -0.73    2.21
  51240.931    45.268     1.04    2.39
  51609.564    46.826     4.23    2.69
  51978.102    47.870     2.83    2.70
  52346.545    48.402     1.44    2.62
  52714.894    47.689    -1.94    2.86
  53083.149    47.717     0.07    3.15
  53451.309    48.169     1.23    3.10
  53819.374    47.345    -2.24    4.01
  54187.346    43.935    -9.27    6.99
  54555.223    39.072   -13.22    7.10
  54923.006    35.064   -10.90    7.08
  55290.695    33.601    -3.98    8.36
  55658.290    33.104    -1.35   10.50
  56025.791    32.233    -2.37   11.07
  56393.198    29.730    -6.81   10.03
  56760.512    25.252   -12.19    9.29
  57127.732    21.459   -10.33    8.44
  57494.858    19.390    -5.63    6.50
  57861.891    21.144     4.78    7.29
  58228.830    25.398    11.59    7.56
  58595.676    29.937    12.37    5.76
  58962.428    33.244     9.02    2.98
  59329.087    34.097     2.33    2.00
  59695.653    33.988    -0.30    2.01
  60062.126    34.715     1.98    2.28
  60428.506    35.558     2.30    2.75
  60794.792    35.052    -1.38    3.02
  61160.986    34.349    -1.92    3.54
  61527.087    32.457    -5.17    4.58
  61893.096    30.448    -5.49    3.90
  62259.011    29.789    -1.80    4.14
  62624.834    28.757    -2.82    4.00
  62990.565    29.165     1.11    4.49
  63356.203    29.406     0.66    4.44
  63721.748    29.818     1.13    4.28
  64087.201    30.219     1.10    3.19
  64452.562    29.870    -0.96    2.59
  64817.831    29.346    -1.43    2.72
  65183.007    28.813    -1.46    2.51
  65548.092    28.225    -1.61    2.15
  65913.084    27.682    -1.49    2.20
  66277.985    27.886     0.56    2.15
  66642.794    27.770    -0.32    2.24
  67007.511    27.877     0.29    2.46
  67372.136    28.233     0.97    2.63
  67736.670    29.081     2.33    2.89
  68101.112    30.745     4.57    3.66
  68465.462    33.227     6.81    3.86
  68829.721    35.055     5.02    2.63
  69193.889    35.419     1.00    2.23
  69557.965    34.349    -2.94    2.81
  69921.951    31.454    -7.95    4.41
  70285.845    27.738   -10.21    5.86
  70649.648    25.130    -7.17    5.96
  71013.360    22.771    -6.48    6.14
  71376.981    23.066     0.81    6.55
  71740.511    23.522     1.25    6.29
  72103.950    24.555     2.84    5.85
  72475.665    26.130     4.24    5.34
  72858.391    27.589     3.81    4.90
  73241.013    28.771     3.09    4.65
  73623.532    29.175     1.06    4.34
  74005.946    29.811     1.66    3.72
  74388.257    30.301     1.28    3.59
  74770.464    30.463     0.43    3.17
  75152.568    30.654     0.50    2.60
  75534.568    31.668     2.65    2.65
  75916.466    31.597    -0.19    3.67
  76298.260    30.269    -3.48    5.35
  76679.950    27.156    -8.15    6.60
  77061.538    24.481    -7.01    5.82
  77443.023    21.564    -7.65    3.33
  77824.405    22.772     3.17    4.26
  78205.684    26.239     9.09    6.38
  78586.860    30.829    12.04    8.22
  78967.934    33.759     7.69    7.37
  79348.905    34.927     3.07    6.61
  79729.774    34.754    -0.45    5.17
  80110.540    34.502    -0.66    4.00
  80491.204    33.279    -3.21    5.15
  80871.766    29.346   -10.33    7.63
  81252.225    24.233   -13.44    8.08
  81632.583    18.776   -14.35    5.60
  82012.838    14.837   -10.36    3.84
  82392.992    13.697    -3.00    3.46
  82773.044    14.211     1.35    4.28
  83152.994    16.332     5.58    6.89
  83532.842    21.233    12.90    9.98
  83912.589    27.114    15.48   13.28
  84292.234    32.236    13.49   12.72
  84671.778    33.057     2.16   10.80
  85051.221    32.580    -1.26    9.89
  85430.562    31.411    -3.08    7.01
  85809.803    31.333    -0.20    4.67
  86188.942    32.833     3.96    4.31
  86567.980    34.689     4.90    5.17
  86946.917    35.343     1.73    6.62
  87325.753    37.148     4.76    6.58
  87704.489    37.156     0.02    5.89
  88083.123    36.827    -0.87    4.81
  88461.658    36.886     0.16    3.59
  88840.091    37.921     2.74    4.24
  89218.425    38.268     0.92    4.35
  89596.658    37.038    -3.25    5.24
  89974.790    33.101   -10.41    7.96
  90352.822    27.927   -13.68    8.43
  90730.755    22.420   -14.57    7.66
  91108.587    19.390    -8.02    7.54
  91486.319    17.605    -4.73    6.51
  91863.951    19.097     3.95    6.29
  92241.484    21.424     6.16    6.04
  92618.917    27.617    16.41   11.47
  92996.250    38.165    27.95   16.21
  93373.483    48.964    28.63   15.81
  93750.617    57.894    23.68   11.78
  94127.652    60.555     7.06    7.60
  94504.587    54.206   -16.84   12.75
  94881.423    47.927   -16.66   12.72
  95258.160    43.538   -11.65    9.89
  95634.797    45.361     4.84   11.08
  96011.336    53.385    21.31   10.37
  96387.775    55.382     5.30    8.73
  96764.116    56.499     2.97    8.02
  97140.358    57.037     1.43    7.84
  97516.501    58.486     3.85    7.14
  97892.546    60.192     4.54    7.64
  98268.492    60.522     0.88    9.91
  98644.340    57.672    -7.58    9.90
  99020.089    52.969   -12.52   10.67
  99395.740    48.222   -12.63   13.31
  99771.292    41.723   -17.30    8.74
 100146.746    43.025     3.47    9.66
 100522.103    49.299    16.71   13.05
 100897.361    57.083    20.74   12.17
 101272.521    58.419     3.56   10.97
 101647.584    50.659   -20.69   17.25
 102022.548    40.361   -27.46   16.98
 102397.415    30.221   -27.05   12.91
 102772.184    22.542   -20.49    8.50
 103146.856    19.119    -9.13    5.47
 103521.430    17.186    -5.16    4.52
 103895.907    15.894    -3.45    4.88
 104270.286    14.720    -3.14    4.59
 104644.568    14.679    -0.11    4.20
 105018.753    14.356    -0.86    4.72
 105392.841    14.777     1.13    5.00
 105766.831    14.837     0.16    6.42
 106140.725    13.938    -2.40    7.26
 106514.522    20.312    17.05   14.40
 106888.222    24.684    11.70   16.03
 107261.826    30.491    15.54   14.54
 107635.332    36.059    14.91    9.62
 108008.742    34.947    -2.98    6.17
 108382.056    35.652     1.89    4.94
 108755.273    35.197    -1.22    4.20
 109128.394    35.386     0.51    4.12
 109501.418    38.736     8.98    6.44
 109874.346    42.115     9.06    7.62
 110247.178    44.640     6.77    7.70
 110619.914    45.484     2.26    9.63
 110992.554    41.382   -11.01   15.76
 111365.098    36.902   -12.02   18.93
 111737.547    38.078     3.16   22.35
 112109.899    39.961     5.06   23.85
 112482.156    42.331     6.37   23.86
 112854.317    39.519    -7.56   22.57
 113226.382    36.148    -9.06   19.99
 113598.353    32.131   -10.80   18.46
 113970.227    30.919    -3.26   17.04
 114342.007    32.186     3.41   16.98
 114713.691    27.945   -11.41   16.76
 115085.280    27.113    -2.24   18.29
 115456.773    28.684     4.23   20.58
 115828.172    32.654    10.69   22.25
 116199.476    35.186     6.82   22.65
 116570.685    35.988     2.16   21.71
 116941.799    29.919   -16.35   20.99
 117312.818    21.218   -23.45   17.33
 117683.743    16.072   -13.87   12.66
 118054.573    18.121     5.52   13.43
 118425.308    20.809     7.25   14.01
 118795.949    24.086     8.84   14.93
 119166.496    27.445     9.06   16.36
 119536.948    27.244    -0.54   16.83
 119907.306    26.453    -2.13   15.28
 120277.570    26.831     1.02   12.53
 120647.740    33.394    17.73   11.42
 121017.816    38.276    13.19    7.15
 121387.797    40.386     5.70    5.42
 121757.685    40.076    -0.84    4.94
 122127.479    41.078     2.71    4.88
 122497.180    42.386     3.54    5.81
 122866.786    43.726     3.63    6.65
 123236.300    44.920     3.23    6.23
 123605.719    45.225     0.83    7.23
 123975.045    47.339     5.72   10.16
 124344.278    50.734     9.20   12.76
 124713.417    50.457    -0.75   13.45
 125082.463    49.549    -2.46   13.24
 125451.416    47.597    -5.29   11.70
 125820.276    43.091   -12.21   10.13
 126189.043    40.877    -6.00    8.15
 126557.717    39.516    -3.69    5.39
 126926.298    39.071    -1.21    4.87
 127294.786    41.902     7.68    7.79
 127663.181    45.769    10.50    9.47
 128031.484    50.546    12.97    9.52
 128399.694    53.382     7.70    7.72
 128767.812    54.614     3.35    6.96
 129135.837    55.726     3.02    6.97
 129503.769    55.986     0.71    6.57
 129871.610    56.085     0.27    6.18
 130239.358    53.111    -8.09    7.85
 130607.014    51.751    -3.70    7.76
 130974.577    51.504    -0.67    8.18
 131342.049    51.659     0.42    9.64
 131709.429    52.321     1.80   10.81
 132076.716    53.945     4.42   12.69
 132443.912    56.550     7.09   15.55
 132811.016    56.956     1.11   19.16
 133178.029    53.277   -10.02   21.77
 133544.950    48.373   -13.37   20.45
 133911.779    41.605   -18.45   15.31
 134278.516    39.081    -6.88   12.14
 134645.163    37.841    -3.38    9.79
 135011.718    38.247     1.11    9.64
 135378.181    40.377     5.81   10.58
 135744.554    41.175     2.18   11.37
 136110.835    42.394     3.33   12.12
 136477.025    44.369     5.39   12.14
 136843.124    47.833     9.46    9.95
 137209.132    51.071     8.84    7.35
 137575.049    52.877     4.94    4.34
 137940.876    53.491     1.68    3.52
 138306.611    52.086    -3.84    4.66
 138672.256    47.975   -11.24    8.50
 139037.810    43.954   -11.00    9.30
 139403.274    42.494    -3.99    7.94
 139768.647    43.687     3.26    9.21
 140133.930    50.927    19.82   11.84
 140499.123    59.245    22.77   10.28
 140864.225    65.920    18.28    6.87
 141229.237    66.583     1.82    6.34
 141594.159    63.467    -8.54    8.25
 141958.991    59.140   -11.86    7.27
 142323.732    55.952    -8.74    4.00
 142688.384    55.282    -1.84    1.85
 143052.946    55.021    -0.71    1.75
 143417.418    54.544    -1.31    1.63
 143781.801    54.794     0.69    2.09
 144146.093    56.586     4.92    3.53
 144510.296    58.225     4.50    3.62
 144874.410    59.739     4.16    2.88
 145238.434    60.919     3.24    2.65
 145602.368    62.196     3.51    3.51
 145966.214    64.330     5.87    3.77
 146329.970    66.114     4.91    2.80
 146693.636    67.368     3.45    1.38
 147058.389    67.594     0.62    1.35
 147440.958    67.151    -1.16    1.88
 147823.424    66.629    -1.36    2.61
 148205.790    66.508    -0.32    2.58
 148588.054    65.799    -1.85    3.97
 148970.216    62.564    -8.47    6.97
 149352.277    61.555    -2.64    7.74
 149734.238    61.819     0.69    7.75
 150116.097    64.192     6.22    7.40
 150497.854    67.869     9.63    5.51
 150879.511    70.067     5.76    6.12
 151261.068    73.106     7.97    3.94
 151642.523    74.634     4.00    2.95
 152023.878    76.521     4.95    3.08
 152405.132    77.911     3.65    3.61
 152786.285    80.540     6.90    3.78
 153167.338    82.902     6.20    4.71
 153548.291    85.512     6.85    5.82
 153929.143    87.734     5.83    5.48
 154309.895    88.894     3.05    5.02
 154690.547    89.564     1.76    4.71
 155071.099    90.061     1.31    4.20
 155451.551    90.207     0.38    4.00
 155831.903    91.556     3.55    4.59
