# NaN NaN NaN ;Mean Elev.(m), Avg Gradient(m/km), RMS Gradient(m/km) - SRTM1     
#  -15.049  -1.188   3.688 ;Mean Elev.(m), Avg Gradient(m/km), RMS Gradient(m/km) - ASTER GDEM
#    1.014  -1.063   5.546 ;Mean Elev.(m), Avg Gradient(m/km), RMS Gradient(m/km) - GMTED2010 
  7     3.491 52469.54761192 20.68 104.418833  72.586662 23.210
  7     2.948 52469.54761257 18.01 104.413133  72.589542 23.210
  7     2.284 52469.54761321 15.21 104.407433  72.592422 23.210
  7     1.713 52469.54761385 14.77 104.401723  72.595302 23.210
  7     0.555 52469.54761450 15.52 104.396023  72.598182 23.210
  7     0.763 52469.54761514 13.59 104.390313  72.601062 23.210
  8     3.229 52504.54759738 23.07 104.421516  72.587802 23.008
  8     2.482 52504.54759802 18.54 104.415816  72.590682 23.008
  8     0.326 52504.54759867 18.19 104.410116  72.593562 23.008
  8     0.578 52504.54759931 16.87 104.404406  72.596442 23.008
  8     0.554 52504.54759995 15.35 104.398706  72.599322 23.008
  8     0.792 52504.54760060 16.00 104.392996  72.602202 23.008
  9     2.570 52539.54758086 30.04 104.398102  72.585314 21.133
  9    -0.206 52539.54758151 33.76 104.392402  72.588194 21.133
  9    -0.491 52539.54758215 35.52 104.386692  72.591064 21.133
  9    -0.099 52539.54758280 39.70 104.380982  72.593944 21.133
  9     0.099 52539.54758344 46.96 104.375272  72.596824 21.133
  9     0.067 52539.54758409 47.64 104.369563  72.599700 20.031
  9     0.077 52539.54758473 48.43 104.363853  72.602580 20.031
 10     1.815 52574.54762496 20.08 104.407720  72.588462  2.876
 10     0.087 52574.54762561 20.41 104.402010  72.591342  2.876
 10    -0.021 52574.54762625 20.39 104.396310  72.594222  2.876
 10    -0.391 52574.54762690 19.48 104.390600  72.597102  2.876
 10    -0.394 52574.54762754 19.53 104.384900  72.599982  2.876
 10    -0.295 52574.54762819 19.02 104.379190  72.602862  2.876
 11     1.042 52609.54758424 15.93 104.423878  72.587863  2.233
 11     0.014 52609.54758489 15.76 104.418178  72.590743  2.233
 11    -0.125 52609.54758553 15.96 104.412478  72.593625  2.479
 11    -0.373 52609.54758618 16.63 104.406778  72.596505  2.479
 11    -0.372 52609.54758682 15.88 104.401068  72.599385  2.479
 11    -0.549 52609.54758747 16.10 104.395358  72.602265  2.479
 12     0.053 52644.54757659 14.04 104.404141  72.588105  2.522
 12    -0.063 52644.54757723 13.62 104.398431  72.590985  2.522
 12    -0.015 52644.54757788 13.50 104.392731  72.593865  2.522
 12    -0.062 52644.54757852 13.91 104.387021  72.596735  2.522
 12    -0.151 52644.54757917 13.31 104.381311  72.599615  2.522
 12    -0.167 52644.54757981 12.89 104.375600  72.602497  1.925
 13     1.681 52679.54755401 12.03 104.431527  72.588054  2.337
 13     0.388 52679.54755465 12.22 104.425827  72.590934  2.337
 13     0.013 52679.54755530 12.26 104.420127  72.593814  2.337
 13    -0.142 52679.54755594 12.37 104.414417  72.596694  2.337
 13    -0.116 52679.54755659 12.05 104.408717  72.599574  2.337
 13    -0.356 52679.54755723 11.95 104.403007  72.602454  2.337
 15     1.462 52749.54762526 10.78 104.419697  72.588223  1.823
 15     0.338 52749.54762590 11.27 104.413997  72.591103  1.823
 15     0.185 52749.54762655 11.31 104.408296  72.593988  2.111
 15     0.219 52749.54762719 11.34 104.402596  72.596868  2.111
 15     0.136 52749.54762784 11.07 104.396886  72.599748  2.111
 15    -0.097 52749.54762848 11.02 104.391186  72.602628  2.111
 16     3.214 52784.54756760  5.80 104.392354  72.585370  1.840
 16     2.220 52784.54756824  5.83 104.386649  72.588249  1.837
 16     2.196 52784.54756889  5.94 104.380939  72.591129  1.837
 16     2.252 52784.54756953  5.84 104.375229  72.593999  1.837
 16     2.377 52784.54757018  6.04 104.369519  72.596879  1.837
 16     3.363 52784.54757082  5.81 104.363809  72.599759  1.837
 16     4.141 52784.54757147  5.57 104.358089  72.602639  1.837
 17     3.558 52819.54764334 24.51 104.397430  72.585035 21.463
 17     2.958 52819.54764399 16.05 104.391730  72.587915 21.463
 17     2.410 52819.54764463 16.96 104.386020  72.590795 21.463
 17     1.633 52819.54764528 16.23 104.380310  72.593675 21.463
 17     2.850 52819.54764592 16.49 104.374600  72.596555 21.463
 17     4.310 52819.54764656 17.11 104.368890  72.599435 21.463
 17     4.623 52819.54764721 22.27 104.363180  72.602315 21.463
 18     0.536 52854.54769236 27.70 104.405131  72.588386 37.359
 18     0.673 52854.54769300 44.53 104.399431  72.591266 37.359
 18     0.647 52854.54769364 47.87 104.393721  72.594146 37.359
 18     0.662 52854.54769429 49.29 104.388011  72.597026 37.359
 18     0.631 52854.54769493 51.19 104.382311  72.599906 37.359
 18     0.456 52854.54769558 43.24 104.376591  72.602786 37.359
 20     0.076 52924.54767882 42.62 104.429663  72.589736 25.735
 20     0.033 52924.54767947 49.44 104.423961  72.592616 25.022
 20    -0.038 52924.54768011 49.97 104.418261  72.595496 25.022
 20    -0.070 52924.54768075 51.13 104.412551  72.598376 25.022
 20    -0.002 52924.54768140 49.76 104.406851  72.601256 25.022
 20    -0.069 52924.54768204 48.38 104.401141  72.604136 25.022
 21     1.630 52959.54764590 21.67 104.406229  72.586809  4.105
 21     0.458 52959.54764654 21.77 104.400529  72.589689  4.105
 21     0.292 52959.54764718 23.37 104.394819  72.592569  4.105
 21     0.298 52959.54764783 23.73 104.389109  72.595439  4.105
 21     0.257 52959.54764847 22.52 104.383402  72.598321  2.769
 21     0.225 52959.54764912 22.03 104.377692  72.601201  2.769
 22     3.348 52994.54767742 17.03 104.413461  72.586001  2.364
 22     2.849 52994.54767806 16.95 104.407761  72.588881  2.364
 22     0.699 52994.54767871 17.56 104.402061  72.591761  2.364
 22     1.138 52994.54767935 17.38 104.396351  72.594641  2.364
 22     0.140 52994.54768000 17.14 104.390641  72.597521  2.364
 22     0.008 52994.54768064 16.64 104.384941  72.600401  2.364
 23     2.399 53029.54764141 15.04 104.432193  72.590177  2.271
 23     1.322 53029.54764206 15.01 104.426493  72.593057  2.271
 23     0.382 53029.54764270 15.19 104.420793  72.595937  2.271
 23     0.056 53029.54764335 15.23 104.415093  72.598817  2.271
 23     0.009 53029.54764399 14.70 104.409383  72.601697  2.271
 23    -0.009 53029.54764464 14.15 104.403673  72.604567  2.271
 24     3.535 53064.54764887 15.25 104.415825  72.587118  2.734
 24     2.872 53064.54764951 15.34 104.410115  72.589998  2.734
 24     0.494 53064.54765016 15.24 104.404415  72.592878  2.734
 24     0.981 53064.54765080 15.01 104.398705  72.595758  2.734
 24    -0.098 53064.54765145 14.66 104.392995  72.598638  2.734
 24    -0.436 53064.54765209 14.62 104.387285  72.601518  2.734
 25     2.116 53099.54765849 13.90 104.427839  72.588575  2.522
 25     1.407 53099.54765914 13.68 104.422139  72.591455  2.522
 25     0.554 53099.54765978 13.84 104.416439  72.594335  2.522
 25     1.109 53099.54766042 13.65 104.410739  72.597215  2.522
 25     0.513 53099.54766107 13.46 104.405029  72.600095  2.522
 25    -0.284 53099.54766171 13.17 104.399329  72.602975  2.522
 26     1.970 53134.54764846 12.21 104.416137  72.586751  2.435
 26     1.483 53134.54764910 12.13 104.410437  72.589631  2.435
 26     0.377 53134.54764975 12.01 104.404727  72.592511  2.435
 26     0.985 53134.54765039 12.21 104.399027  72.595391  2.435
 26    -0.023 53134.54765104 11.76 104.393317  72.598271  2.435
 26     0.077 53134.54765168 11.53 104.387607  72.601141  2.435
 28     3.640 53204.54771904 20.32 104.415790  72.586608 30.340
 28     0.787 53204.54771968 20.13 104.410090  72.589488 30.340
 28     2.214 53204.54772033 14.63 104.404390  72.592368 30.340
 28     1.585 53204.54772097 14.44 104.398688  72.595244 18.357
 28     0.834 53204.54772162 13.30 104.392978  72.598124 18.357
 28     0.812 53204.54772226 14.18 104.387268  72.601004 18.357
 29     2.916 53239.54768759 19.77 104.428023  72.590812 30.125
 29     2.037 53239.54768823 20.18 104.422323  72.593692 30.125
 29     0.172 53239.54768888 21.40 104.416623  72.596572 30.125
 29     0.530 53239.54768952 21.66 104.410918  72.599451 21.118
 29     0.621 53239.54769017 23.65 104.405208  72.602331 21.118
 30     3.012 53274.54765168 21.99 104.393399  72.584716 10.140
 30     2.307 53274.54765232 20.48 104.387699  72.587596 10.140
 30     0.924 53274.54765297 22.57 104.381989  72.590476 10.140
 30     0.208 53274.54765361 20.84 104.376279  72.593356 10.140
 30    -1.466 53274.54765426 22.66 104.370569  72.596236 10.140
 30    -2.358 53274.54765490 25.40 104.364859  72.599116 10.140
 30    -1.666 53274.54765555 22.19 104.359139  72.601986 10.140
 31     0.097 53309.54770328 18.70 104.406585  72.586919  3.269
 31     0.030 53309.54770392 19.74 104.400885  72.589799  3.269
 31    -0.045 53309.54770457 20.83 104.395175  72.592674  3.378
 31     0.046 53309.54770521 19.93 104.389465  72.595554  3.378
 31     0.000 53309.54770586 20.69 104.383765  72.598434  3.378
 31    -0.052 53309.54770650 19.69 104.378055  72.601314  3.378
 32     0.239 53344.54766954 14.93 104.420673  72.589511  2.304
 32     0.248 53344.54767018 15.12 104.414963  72.592391  2.304
 32     0.194 53344.54767083 14.88 104.409262  72.595271  2.394
 32     0.160 53344.54767147 14.73 104.403562  72.598151  2.394
 32     0.099 53344.54767212 14.50 104.397852  72.601031  2.394
 33     0.019 53379.54761754 12.88 104.395498  72.585215  2.462
 33     1.356 53379.54761819 12.65 104.389798  72.588095  2.462
 33    -0.012 53379.54761883 13.14 104.384088  72.590965  2.462
 33     0.040 53379.54761948 12.67 104.378378  72.593845  2.462
 33    -0.189 53379.54762012 11.88 104.372668  72.596725  2.462
 33    -0.229 53379.54762077 12.03 104.366958  72.599605  2.462
 33    -0.254 53379.54762141 12.16 104.361238  72.602485  2.462
 34     0.914 53414.54764632 10.75 104.419907  72.588888  1.909
 34     0.456 53414.54764696 11.19 104.414207  72.591768  1.909
 34     0.307 53414.54764761 11.23 104.408500  72.594644  2.096
 34     0.415 53414.54764825 11.15 104.402790  72.597524  2.096
 34     0.220 53414.54764890 11.30 104.397080  72.600404  2.096
 34     0.224 53414.54764954 11.09 104.391370  72.603284  2.096
 35     0.031 53449.54763839 11.08 104.391839  72.584809  2.092
 35     0.047 53449.54763903 10.71 104.386139  72.587689  2.092
 35     0.636 53449.54763968 10.60 104.380429  72.590569  2.092
 35     0.131 53449.54764032 10.77 104.374719  72.593439  2.092
 35    -0.030 53449.54764097 11.14 104.369009  72.596319  2.092
 35    -0.059 53449.54764161 10.99 104.363299  72.599199  2.092
 35    -0.071 53449.54764226 10.35 104.357579  72.602079  2.092
 36     0.321 53484.54772351  9.74 104.403948  72.585364  1.775
 36     0.318 53484.54772416  9.86 104.398248  72.588244  1.775
 36     0.220 53484.54772480 10.05 104.392538  72.591119  2.038
 36     0.822 53484.54772544  9.69 104.386838  72.593999  2.038
 36     0.012 53484.54772609  9.83 104.381128  72.596879  2.038
 36    -0.087 53484.54772673  9.73 104.375418  72.599759  2.038
 36    -0.106 53484.54772738  9.18 104.369708  72.602639  2.038
 37     3.788 53519.54772025  8.75 104.421705  72.587243  3.591
 37     3.423 53519.54772090  8.89 104.416005  72.590118  1.973
 37     2.766 53519.54772154  9.36 104.410305  72.592998  1.973
 37     2.165 53519.54772219  9.34 104.404595  72.595878  1.973
 37     2.738 53519.54772283  9.26 104.398895  72.598758  1.973
 37     2.835 53519.54772348  9.07 104.393185  72.601638  1.973
 38     0.794 53554.54774292 28.67 104.414154  72.586099 32.168
 38     2.883 53554.54774357 21.11 104.408456  72.588984 13.097
 38     0.644 53554.54774421 19.73 104.402746  72.591864 13.097
 38     0.710 53554.54774486 19.60 104.397046  72.594744 13.097
 38     0.483 53554.54774550 19.77 104.391336  72.597624 13.097
 38     0.474 53554.54774615 19.68 104.385626  72.600504 13.097
 39     0.657 53589.54768843 23.39 104.430347  72.590060 33.341
 39     0.439 53589.54768907 19.81 104.424637  72.592940 33.341
 39     0.064 53589.54768972 20.81 104.418937  72.595820 33.341
 39     0.322 53589.54769036 17.63 104.413231  72.598700 17.060
 39     0.558 53589.54769101 17.39 104.407531  72.601580 17.060
 39     0.682 53589.54769165 17.73 104.401821  72.604460 17.060
 40     0.810 53624.54766641 41.70 104.391757  72.583366 17.641
 40     0.521 53624.54766705 23.57 104.386047  72.586236 17.641
 40     0.126 53624.54766770 22.91 104.380347  72.589116 17.641
 40    -2.598 53624.54766834 23.60 104.374637  72.591996 17.641
 40    -2.997 53624.54766899 25.07 104.368927  72.594876 17.641
 40    -1.409 53624.54766963 24.20 104.363217  72.597756 17.641
 40    -0.803 53624.54767028 23.26 104.357507  72.600636 17.641
 41     0.367 53659.54769344 29.41 104.402550  72.587528  8.225
 41     0.317 53659.54769409 31.81 104.396840  72.590408  8.225
 41     0.295 53659.54769473 32.93 104.391140  72.593288  8.225
 41     0.309 53659.54769538 33.59 104.385430  72.596168  8.225
 41     0.303 53659.54769602 32.81 104.379720  72.599048  8.225
 41     0.350 53659.54769667 31.19 104.374010  72.601928  8.225
 42     0.421 53694.54766902 19.22 104.425442  72.587869  2.653
 42     0.455 53694.54766966 19.91 104.419742  72.590749  2.653
 42     0.380 53694.54767031 20.07 104.414042  72.593629  2.653
 42     0.366 53694.54767095 20.61 104.408335  72.596509  2.834
 42     0.341 53694.54767160 19.92 104.402635  72.599389  2.834
 42     0.241 53694.54767224 19.53 104.396925  72.602269  2.834
 43     1.942 53729.54759202 18.14 104.437906  72.590163  2.705
 43     0.401 53729.54759266 18.42 104.432206  72.593033  2.705
 43     0.117 53729.54759331 19.09 104.426506  72.595923  2.705
 43    -0.185 53729.54759395 19.47 104.420805  72.598798  2.946
 43    -0.062 53729.54759460 18.43 104.415095  72.601678  2.946
 43    -0.334 53729.54759524 18.23 104.409395  72.604558  2.946
 44     0.346 53764.54755656 16.54 104.407351  72.588089  2.963
 44     0.060 53764.54755721 17.11 104.401641  72.590959  2.963
 44     0.009 53764.54755785 17.70 104.395941  72.593839  2.963
 44    -0.131 53764.54755850 17.18 104.390231  72.596719  2.963
 44    -0.170 53764.54755914 16.19 104.384521  72.599599  2.963
 44    -0.210 53764.54755978 15.52 104.378811  72.602479  2.963
 45     2.106 53799.54756239 13.31 104.433611  72.589279  2.348
 45     1.118 53799.54756303 13.29 104.427911  72.592169  2.348
 45     0.389 53799.54756368 13.73 104.422212  72.595044  2.212
 45    -0.016 53799.54756432 13.36 104.416502  72.597924  2.212
 45    -0.033 53799.54756497 13.23 104.410802  72.600804  2.212
 45    -0.201 53799.54756561 12.38 104.405092  72.603684  2.212
 46     2.417 53834.54756175 13.44 104.398468  72.584832  2.603
 46     2.229 53834.54756240 12.81 104.392768  72.587712  2.603
 46     1.379 53834.54756304 12.36 104.387058  72.590592  2.603
 46     0.411 53834.54756369 12.56 104.381346  72.593466  2.104
 46    -0.522 53834.54756433 12.07 104.375636  72.596346  2.104
 46    -0.386 53834.54756498 11.49 104.369926  72.599226  2.104
 46    -0.540 53834.54756562 11.29 104.364216  72.602106  2.104
 47     0.861 53869.54762420 12.44 104.405849  72.587662  2.240
 47     0.509 53869.54762485 12.42 104.400149  72.590542  2.240
 47     0.454 53869.54762549 12.41 104.394439  72.593422  2.240
 47     0.437 53869.54762614 12.48 104.388729  72.596302  2.240
 47     0.117 53869.54762678 12.03 104.383021  72.599179  1.911
 47     0.067 53869.54762743 11.67 104.377311  72.602059  1.911
 48     4.572 53904.54765844 22.14 104.409147  72.588393 22.508
 48     4.789 53904.54765908 22.09 104.403447  72.591273 22.508
 48     4.725 53904.54765973 25.56 104.397747  72.594153 22.508
 48     4.761 53904.54766037 23.68 104.392037  72.597033 22.508
 48     4.691 53904.54766102 25.23 104.386327  72.599913 22.508
 48     4.742 53904.54766166 31.15 104.380617  72.602793 22.508
 49    -0.040 53939.54769188 38.16 104.404566  72.587148 38.294
 49    -0.028 53939.54769252 38.73 104.398866  72.590028 38.294
 49    -0.135 53939.54769317 36.53 104.393156  72.592908 38.294
 49    -0.180 53939.54769381 31.82 104.387456  72.595788 38.294
 49    -0.305 53939.54769446 28.17 104.381744  72.598670 26.345
 49    -0.349 53939.54769510 27.48 104.376034  72.601550 26.345
 50     0.497 53974.54765111 27.47 104.425256  72.589367 30.618
 50     0.341 53974.54765176 20.32 104.419556  72.592247 30.618
 50    -0.139 53974.54765240 23.67 104.413856  72.595127 30.618
 50     0.336 53974.54765305 19.75 104.408146  72.598007 30.618
 50     0.264 53974.54765369 20.49 104.402446  72.600887 30.618
 50     0.533 53974.54765434 20.49 104.396736  72.603767 30.618
 51     0.913 54009.54764588 27.39 104.396202  72.585974 26.143
 51     0.698 54009.54764652 27.47 104.390492  72.588854 26.143
 51     0.416 54009.54764717 24.51 104.384782  72.591734 26.143
 51    -0.165 54009.54764781 24.63 104.379073  72.594608 19.202
 51     0.468 54009.54764846 21.40 104.373363  72.597488 19.202
 51    -0.808 54009.54764910 21.18 104.367653  72.600368 19.202
 52     1.685 54044.54766453 21.33 104.414321  72.586842  4.603
 52     0.133 54044.54766518 22.41 104.408611  72.589722  4.603
 52    -0.067 54044.54766582 23.28 104.402911  72.592602  4.603
 52    -0.173 54044.54766647 23.49 104.397201  72.595482  4.603
 52    -0.191 54044.54766711 22.52 104.391491  72.598352  4.603
 52    -0.226 54044.54766776 22.38 104.385781  72.601232  4.603
 53     0.460 54079.54765808 14.78 104.423960  72.589233  2.442
 53     0.182 54079.54765872 14.81 104.418260  72.592113  2.442
 53     0.153 54079.54765937 15.77 104.412550  72.594993  2.442
 53     0.255 54079.54766001 15.68 104.406850  72.597873  2.442
 53     0.087 54079.54766065 15.41 104.401140  72.600753  2.442
 53    -0.112 54079.54766130 15.68 104.395430  72.603633  2.442
 54     0.609 54114.54759395 13.98 104.435755  72.590850  2.334
 54     0.186 54114.54759459 14.42 104.430055  72.593730  2.334
 54     0.038 54114.54759524 14.74 104.424355  72.596610  2.334
 54     0.023 54114.54759588 14.68 104.418655  72.599490  2.334
 54    -0.044 54114.54759652 14.47 104.412955  72.602370  2.334
 56     0.136 54184.54758399 10.84 104.436297  72.589250  2.223
 56     0.192 54184.54758464 10.83 104.430597  72.592130  2.223
 56    -0.192 54184.54758528 11.50 104.424897  72.595010  2.223
 56    -0.113 54184.54758593 11.49 104.419197  72.597890  2.223
 56    -0.298 54184.54758657 11.87 104.413487  72.600770  2.223
 56    -0.458 54184.54758722 11.42 104.407787  72.603650  2.223
 57     0.353 54219.54761432 11.18 104.405363  72.586845  1.971
 57     0.846 54219.54761497 11.30 104.399653  72.589725  1.971
 57     1.223 54219.54761561 11.70 104.393953  72.592605  1.971
 57     1.585 54219.54761626 12.08 104.388243  72.595485  1.971
 57     0.175 54219.54761690 12.15 104.382533  72.598365  1.971
 57     0.208 54219.54761755 12.17 104.376823  72.601235  1.971
 58     1.028 54254.54763826 32.67 104.416595  72.586612 14.191
 58     1.179 54254.54763891 41.00 104.410895  72.589492 14.191
 58     0.980 54254.54763955 33.54 104.405185  72.592372 14.191
 58     0.587 54254.54764019 27.03 104.399485  72.595252 14.191
 58     0.190 54254.54764084 24.12 104.393775  72.598132 14.191
 58     0.107 54254.54764148 20.83 104.388065  72.601012 14.191
 59     3.428 54289.54764147 16.17 104.417579  72.588996 23.687
 59     2.900 54289.54764211 14.70 104.411879  72.591876 23.687
 59     1.754 54289.54764275 15.63 104.406179  72.594756 23.687
 59     1.311 54289.54764340 14.66 104.400469  72.597636 23.687
 59     1.492 54289.54764404 14.60 104.394759  72.600516 23.687
 60     3.234 54324.54763876 20.94 104.419689  72.587989 22.621
 60     2.485 54324.54763941 18.47 104.413989  72.590869 22.621
 60     0.239 54324.54764005 19.87 104.408279  72.593749 22.621
 60    -0.569 54324.54764070 21.53 104.402579  72.596629 22.621
 60    -0.738 54324.54764134 21.83 104.396869  72.599509 22.621
 60    -0.218 54324.54764199 21.00 104.391159  72.602389 22.621
 61     1.018 54359.54759348 29.50 104.435281  72.590975 28.229
 61     1.727 54359.54759413 21.21 104.429581  72.593855 28.229
 61     0.540 54359.54759477 22.01 104.423881  72.596735 28.229
 61     0.812 54359.54759542 21.04 104.418171  72.599615 28.229
 61     0.933 54359.54759606 20.53 104.412471  72.602495 28.229
 62     0.301 54394.54757884 23.26 104.414497  72.587047  9.093
 62     0.285 54394.54757949 27.03 104.408797  72.589927  9.093
 62     0.258 54394.54758013 28.28 104.403087  72.592807  9.093
 62     0.134 54394.54758078 30.16 104.397387  72.595687  9.093
 62     0.168 54394.54758142 28.92 104.391677  72.598567  9.093
 62     0.214 54394.54758207 29.53 104.385967  72.601447  9.093
 63     1.745 54429.54754347 15.76 104.428184  72.589068  2.820
 63     0.357 54429.54754412 15.69 104.422484  72.591948  2.820
 63     0.167 54429.54754476 15.59 104.416784  72.594828  2.820
 63     0.045 54429.54754541 15.70 104.411074  72.597708  2.820
 63    -0.030 54429.54754605 15.97 104.405374  72.600588  2.820
 63    -0.036 54429.54754670 15.49 104.399664  72.603468  2.820
 64     0.362 54464.54755865 13.25 104.406556  72.588077  2.502
 64     0.367 54464.54755930 13.20 104.400846  72.590957  2.502
 64     0.163 54464.54755994 13.25 104.395146  72.593837  2.502
 64     0.234 54464.54756059 13.22 104.389436  72.596707  2.502
 64     0.145 54464.54756123 12.89 104.383726  72.599587  2.502
 64     0.087 54464.54756188 12.19 104.378016  72.602467  2.502
 65     2.783 54499.54755436 12.98 104.425844  72.588412  2.291
 65     0.910 54499.54755500 12.86 104.420144  72.591292  2.291
 65     0.591 54499.54755565 12.99 104.414444  72.594172  2.291
 65     0.286 54499.54755629 13.89 104.408734  72.597052  2.291
 65     0.445 54499.54755694 13.43 104.403024  72.599932  2.291
 65     0.169 54499.54755758 13.30 104.397324  72.602812  2.291
 66     1.114 54534.54757273  9.67 104.416092  72.587953  1.894
 66     0.585 54534.54757337  9.29 104.410394  72.590832  2.323
 66     0.352 54534.54757401  9.51 104.404694  72.593712  2.323
 66     0.825 54534.54757466  9.28 104.398984  72.596592  2.323
 66     0.076 54534.54757530  9.43 104.393274  72.599472  2.323
 66     0.045 54534.54757595  9.04 104.387564  72.602352  2.323
 67     2.287 54569.54755757  8.66 104.435920  72.588480  1.829
 67     1.407 54569.54755821  8.55 104.430220  72.591360  1.829
 67     0.374 54569.54755886  9.24 104.424510  72.594240  1.829
 67     0.781 54569.54755950  8.93 104.418810  72.597120  1.829
 67     0.452 54569.54756015  9.31 104.413110  72.600000  1.829
 67     0.416 54569.54756079  8.93 104.407405  72.602880  2.020
 68     3.556 54604.54756704  6.49 104.414453  72.586529  2.143
 68     3.030 54604.54756769  6.64 104.408753  72.589409  2.143
 68     2.560 54604.54756833  6.47 104.403054  72.592287  2.120
 68     2.322 54604.54756898  6.37 104.397344  72.595167  2.120
 68     3.133 54604.54756962  6.02 104.391634  72.598047  2.120
 68     4.030 54604.54757026  5.97 104.385924  72.600927  2.120
 69     3.545 54639.54757756 25.39 104.417073  72.589094 27.423
 69     2.586 54639.54757820 21.56 104.411373  72.591974 27.423
 69     2.250 54639.54757885 20.71 104.405663  72.594852 19.293
 69     2.909 54639.54757949 20.30 104.399963  72.597732 19.293
 69     3.739 54639.54758014 20.31 104.394253  72.600612 19.293
 70     3.688 54674.54757974 22.10 104.418611  72.586992 28.900
 70     2.991 54674.54758039 15.93 104.412901  72.589872 28.900
 70     2.149 54674.54758103 16.80 104.407201  72.592752 28.900
 70     0.700 54674.54758168 17.08 104.401494  72.595629 13.841
 70     0.671 54674.54758232 16.38 104.395794  72.598509 13.841
 70     0.773 54674.54758297 15.46 104.390084  72.601389 13.841
 71     0.875 54709.54753704 45.34 104.431898  72.589174 38.286
 71     0.586 54709.54753769 29.44 104.426198  72.592054 38.286
 71     0.366 54709.54753833 22.68 104.420498  72.594934 38.286
 71     0.780 54709.54753898 23.24 104.414788  72.597814 38.286
 71     0.788 54709.54753962 45.75 104.409088  72.600694 38.286
 71     0.768 54709.54754027 50.63 104.403381  72.603572 26.084
 72     0.212 54744.54754641 32.84 104.413889  72.586215 19.782
 72     0.170 54744.54754706 50.09 104.408189  72.589095 19.782
 72     0.002 54744.54754770 44.50 104.402482  72.591972 13.186
 72    -0.331 54744.54754835 26.31 104.396782  72.594852 13.186
 72    -0.264 54744.54754899 25.41 104.391072  72.597732 13.186
 72     0.178 54744.54754964 24.38 104.385362  72.600612 13.186
 73     0.680 54779.54752042 18.33 104.424135  72.587749  2.603
 73     0.093 54779.54752107 18.81 104.418435  72.590629  2.603
 73    -0.008 54779.54752171 20.52 104.412735  72.593509  2.603
 73    -0.142 54779.54752236 20.96 104.407028  72.596385  2.949
 73    -0.148 54779.54752300 21.02 104.401318  72.599265  2.949
 73    -0.210 54779.54752364 19.09 104.395618  72.602145  2.949
 74     0.444 54814.54754031 13.55 104.405546  72.587998  2.581
 74     0.403 54814.54754095 14.10 104.399846  72.590878  2.581
 74     0.169 54814.54754160 14.25 104.394136  72.593758  2.581
 74    -0.027 54814.54754224 14.42 104.388426  72.596638  2.581
 74     0.044 54814.54754289 13.98 104.382716  72.599518  2.581
 74     0.092 54814.54754353 13.70 104.377006  72.602388  2.581
 75     0.713 54849.54751961 11.61 104.425461  72.588921  1.960
 75     0.507 54849.54752026 11.52 104.419751  72.591801  1.960
 75     0.409 54849.54752090 11.46 104.414051  72.594681  1.960
 75     0.485 54849.54752155 11.66 104.408351  72.597561  1.960
 75     0.418 54849.54752219 11.10 104.402645  72.600438  2.108
 75     0.186 54849.54752284 11.33 104.396935  72.603318  2.108
 76     0.200 54884.54754379 10.16 104.408966  72.588201  1.992
 76    -0.029 54884.54754444 10.51 104.403262  72.591077  2.118
 76     0.036 54884.54754508 10.01 104.397552  72.593957  2.118
 76     0.202 54884.54754573  9.74 104.391852  72.596837  2.118
 76    -0.105 54884.54754637  9.33 104.386142  72.599717  2.118
 76    -0.147 54884.54754702  9.48 104.380432  72.602597  2.118
 77     0.829 54919.54752166  8.99 104.432520  72.590841  1.860
 77     0.227 54919.54752231  9.32 104.426820  72.593721  1.860
 77    -0.124 54919.54752295  9.52 104.421120  72.596601  1.860
 77    -0.214 54919.54752360  9.64 104.415420  72.599481  1.860
 77    -0.027 54919.54752424  9.16 104.409719  72.602363  2.046
 78     1.395 54954.54753847  7.93 104.411446  72.586119  1.642
 78     0.850 54954.54753912  8.02 104.405746  72.588999  1.642
 78     1.874 54954.54753976  8.60 104.400040  72.591876  1.962
 78     1.631 54954.54754041  8.64 104.394330  72.594756  1.962
 78     0.842 54954.54754105  8.31 104.388620  72.597636  1.962
 78     0.183 54954.54754170  8.73 104.382910  72.600516  1.962
 79     2.021 54989.54756268 35.93 104.409305  72.588584 29.591
 79     1.998 54989.54756333 40.28 104.403601  72.591463 25.820
 79     2.085 54989.54756397 43.40 104.397891  72.594343 25.820
 79     2.164 54989.54756462 43.61 104.392191  72.597223 25.820
 79     2.043 54989.54756526 45.52 104.386481  72.600103 25.820
 80     2.875 55024.54755382 21.14 104.423056  72.588553 28.257
 80     2.592 55024.54755446 15.33 104.417356  72.591433 28.257
 80     2.293 55024.54755510 13.70 104.411653  72.594314 18.396
 80     0.630 55024.54755575 16.73 104.405943  72.597194 18.396
 80     0.777 55024.54755639 14.00 104.400243  72.600074 18.396
 80     0.745 55024.54755704 13.92 104.394533  72.602954 18.396
 81    -1.992 55059.54754842 25.96 104.418889  72.588116 35.692
 81     0.132 55059.54754906 21.92 104.413189  72.590996 35.692
 81     0.117 55059.54754971 22.67 104.407489  72.593876 35.692
 81     0.353 55059.54755035 21.13 104.401779  72.596753 17.327
 81     0.547 55059.54755100 24.09 104.396069  72.599633 17.327
 81     0.590 55059.54755164 34.92 104.390359  72.602513 17.327
 82     0.939 55094.54750069 29.02 104.436979  72.588631 30.285
 82     0.932 55094.54750134 26.96 104.431279  72.591511 30.285
 82     0.546 55094.54750198 23.04 104.425579  72.594391 30.285
 82     0.109 55094.54750263 25.60 104.419869  72.597271 30.285
 82     0.432 55094.54750327 21.21 104.414169  72.600151 30.285
 82     0.733 55094.54750392 20.78 104.408459  72.603031 30.285
 83     0.257 55129.54749025 33.99 104.410053  72.589039 10.301
 83     0.238 55129.54749089 37.41 104.404355  72.591925 10.758
 83     0.124 55129.54749154 38.84 104.398645  72.594795 10.758
 83     0.111 55129.54749218 41.39 104.392945  72.597675 10.758
 83     0.051 55129.54749282 37.85 104.387235  72.600555 10.758
 84     1.907 55164.54746285 22.42 104.422796  72.588752  3.679
 84     1.030 55164.54746350 22.87 104.417096  72.591632  3.679
 84     0.049 55164.54746414 23.42 104.411396  72.594512  3.679
 84    -0.137 55164.54746479 23.45 104.405686  72.597392  3.679
 84    -0.169 55164.54746543 24.19 104.399986  72.600272  3.679
 84    -0.117 55164.54746608 22.88 104.394278  72.603153  3.132
 85     1.385 55199.54748185 21.16 104.407781  72.588027  3.448
 85     0.147 55199.54748249 22.69 104.402079  72.590904  3.449
 85    -0.136 55199.54748314 23.29 104.396379  72.593784  3.449
 85    -0.136 55199.54748378 22.20 104.390669  72.596664  3.449
 85    -0.171 55199.54748443 22.03 104.384959  72.599544  3.449
 85    -0.205 55199.54748507 22.00 104.379249  72.602424  3.449
 86     2.148 55234.54746788 20.92 104.429396  72.588833  3.498
 86     1.090 55234.54746852 20.02 104.423696  72.591713  3.498
 86     0.091 55234.54746917 20.59 104.417996  72.594593  3.498
 86     0.050 55234.54746981 20.32 104.412296  72.597473  3.498
 86     0.266 55234.54747045 20.26 104.406591  72.600351  3.504
 86     0.182 55234.54747110 20.22 104.400881  72.603231  3.504
 87     1.883 55269.54747629 19.28 104.413922  72.588366  3.235
 87     0.595 55269.54747694 19.32 104.408220  72.591244  3.294
 87    -0.066 55269.54747758 20.29 104.402520  72.594124  3.294
 87     0.114 55269.54747823 18.92 104.396810  72.597004  3.294
 87     0.186 55269.54747887 18.80 104.391100  72.599884  3.294
 87     0.179 55269.54747951 18.40 104.385390  72.602764  3.294
 88     2.235 55304.54744832 16.75 104.438318  72.588740  2.665
 88     1.436 55304.54744897 16.67 104.432618  72.591610  2.665
 88     0.283 55304.54744961 16.48 104.426918  72.594500  2.665
 88     0.214 55304.54745026 17.75 104.421218  72.597380  2.665
 88     0.272 55304.54745090 17.33 104.415512  72.600255  3.039
 88     0.428 55304.54745155 16.36 104.409802  72.603135  3.039
 89     0.375 55339.54744848 35.82 104.415549  72.588718 24.901
 89     1.495 55339.54744912 33.51 104.409849  72.591598 24.901
 89     1.484 55339.54744977 31.00 104.404149  72.594478 24.901
 89     1.004 55339.54745041 27.95 104.398444  72.597354 20.258
 89     3.814 55339.54745106 27.30 104.392734  72.600234 20.258
 90     3.719 55374.54743990 22.53 104.422611  72.588321 29.047
 90     3.013 55374.54744055 22.04 104.416911  72.591201 29.047
 90     2.207 55374.54744119 20.66 104.411209  72.594081 19.235
 90     1.407 55374.54744184 20.61 104.405499  72.596961 19.235
 90     1.736 55374.54744248 19.31 104.399799  72.599841 19.235
 90     3.865 55374.54744313 19.20 104.394089  72.602721 19.235
 91     3.030 55409.54746176 22.30 104.412125  72.587754 27.545
 91     0.331 55409.54746241 23.93 104.406422  72.590632 15.196
 91     0.095 55409.54746305 18.86 104.400712  72.593512 15.196
 91    -0.256 55409.54746370 18.66 104.395012  72.596392 15.196
 91    -0.426 55409.54746434 19.25 104.389302  72.599272 15.196
 91    -0.451 55409.54746498 19.71 104.383592  72.602152 15.196
 92     0.128 55444.54745724 38.92 104.417685  72.589585 33.734
 92    -0.095 55444.54745789 28.14 104.411975  72.592465 33.734
 92    -0.407 55444.54745853 26.42 104.406275  72.595345 33.734
 92    -0.510 55444.54745918 25.79 104.400572  72.598221 16.644
 92    -0.423 55444.54745982 24.06 104.394862  72.601101 16.644
 93     0.254 55479.54739260 27.38 104.442642  72.588874  7.108
 93     0.458 55479.54739324 28.66 104.436942  72.591754  7.108
 93     0.364 55479.54739389 30.70 104.431242  72.594634  7.108
 93     0.379 55479.54739453 30.36 104.425542  72.597514  7.108
 93     0.413 55479.54739518 31.56 104.419842  72.600394  7.108
 93     0.352 55479.54739582 32.32 104.414132  72.603274  7.108
