 -69158.613    82.395     0.00    8.60
 -68786.005    83.330     2.51    8.54
 -68413.299    84.527     3.21    7.88
 -68040.495    86.259     4.65    7.40
 -67667.593    88.824     6.88    6.78
 -67294.593    88.652    -0.46    7.00
 -66921.494    89.784     3.04    6.40
 -66548.296    91.340     4.17    4.41
 -66175.000    91.343     0.01    3.66
 -65801.606    89.380    -5.26    4.73
 -65428.112    84.289   -13.63    8.29
 -65054.520    78.728   -14.88   10.21
 -64680.829    75.198    -9.45    9.99
 -64307.039    69.156   -16.16    9.57
 -63933.150    65.779    -9.03    9.49
 -63559.162    64.496    -3.43    9.23
 -63185.075    61.424    -8.21    8.48
 -62810.888    62.315     2.38    7.81
 -62436.602    63.135     2.19    5.98
 -62062.217    62.936    -0.53    4.87
 -61687.732    59.977    -7.90    6.19
 -61313.148    54.912   -13.52    9.54
 -60938.464    53.928    -2.63   10.15
 -60563.680    55.377     3.87   12.00
 -60188.796    59.865    11.97   10.39
 -59813.812    63.823    10.55    7.76
 -59438.729    64.024     0.54    7.41
 -59063.545    62.095    -5.14    6.11
 -58688.261    59.850    -5.98    3.71
 -58312.877    56.576    -8.72    5.88
 -57937.393    50.372   -16.52   11.71
 -57561.808    41.830   -22.74   13.12
 -57186.123    37.301   -12.05   10.44
 -56810.337    39.172     4.98   11.67
 -56434.451    44.614    14.48    9.94
 -56058.464    47.686     8.17    7.53
 -55682.376    47.493    -0.51    9.35
 -55306.187    45.048    -6.50   10.05
 -54929.898    43.600    -3.85    8.70
 -54553.507    45.152     4.12    9.67
 -54177.015    48.194     8.08   10.42
 -53800.422    51.781     9.52    8.80
 -53423.728    53.587     4.80    6.85
 -53046.932    53.525    -0.17    7.62
 -52670.035    49.732   -10.06    9.35
 -52293.036    49.880     0.39    9.31
 -51915.936    53.146     8.66   10.11
 -51538.734    55.373     5.90    9.02
 -51161.430    55.876     1.33    8.57
 -50784.024    55.320    -1.47    7.53
 -50406.517    54.024    -3.43    6.38
 -50028.907    54.652     1.66    7.15
 -49651.196    56.365     4.54    7.88
 -49273.382    56.309    -0.15    8.94
 -48895.466    56.746     1.16    8.28
 -48517.447    57.798     2.78    7.03
 -48139.326    57.320    -1.26    6.12
 -47761.103    53.200   -10.89    8.08
 -47382.777    49.230   -10.50    8.33
 -47004.348    55.385    16.27   15.67
 -46625.817    60.592    13.76   15.70
 -46247.182    62.762     5.73   14.04
 -45868.445    59.913    -7.52   15.92
 -45489.605    53.514   -16.89   13.90
 -45110.661    55.842     6.14   14.46
 -44731.615    59.003     8.34   15.05
 -44352.465    61.086     5.49   14.02
 -43973.211    59.798    -3.40   14.84
 -43593.855    59.243    -1.46   15.03
 -43214.395    63.807    12.03   15.95
 -42834.831    66.395     6.82   15.08
 -42455.163    69.535     8.27   11.49
 -42075.392    67.595    -5.11   12.00
 -41695.517    63.384   -11.08    9.57
 -41315.538    61.524    -4.90    8.07
 -40935.454    58.399    -8.22    7.03
 -40555.267    57.385    -2.67    6.08
 -40174.976    55.614    -4.66    5.31
 -39794.580    53.768    -4.85    6.28
 -39414.080    52.472    -3.41    6.22
 -39033.475    51.264    -3.17    5.01
 -38652.766    52.102     2.20    5.39
 -38271.952    53.170     2.80    4.98
 -37891.033    54.055     2.32    5.12
 -37510.010    54.251     0.52    5.54
 -37128.882    53.408    -2.21    6.05
 -36747.648    53.787     0.99    5.55
 -36366.310    52.441    -3.53    5.18
 -35984.867    51.397    -2.73    4.66
 -35603.318    50.150    -3.27    5.32
 -35221.664    48.536    -4.23    6.24
 -34839.904    45.196    -8.75    8.79
 -34458.039    39.235   -15.61   12.10
 -34076.069    36.857    -6.22   11.85
 -33693.992    34.121    -7.16   10.96
 -33311.810    30.834    -8.60    9.82
 -32929.522    29.666    -3.06   10.07
 -32547.129    31.640     5.16   10.85
 -32164.629    35.703    10.62   12.25
 -31782.023    43.049    19.20    9.25
 -31399.311    44.890     4.81    5.39
 -31016.492    41.553    -8.72    8.52
 -30647.316    40.771    -2.12    9.78
 -30284.187    41.551     2.15   11.08
 -29920.966    41.221    -0.91   12.26
 -29557.653    42.484     3.48   11.18
 -29194.246    42.256    -0.63   12.28
 -28830.748    42.970     1.96   13.60
 -28467.156    48.175    14.32   13.16
 -28103.472    48.488     0.86   14.39
 -27739.695    44.767   -10.23   16.82
 -27375.825    35.929   -24.29   15.72
 -27011.862    28.621   -20.08   11.08
 -26647.806    25.345    -9.00    6.54
 -26283.657    24.103    -3.41    4.51
 -25919.414    26.165     5.66    8.09
 -25555.079    29.245     8.45   12.10
 -25190.650    35.094    16.05   14.17
 -24826.127    41.700    18.12   13.44
 -24461.511    49.353    20.99    8.59
 -24096.802    52.574     8.83    4.69
 -23731.999    53.107     1.46    4.13
 -23367.102    52.928    -0.49    3.78
 -23002.112    51.259    -4.57    5.08
 -22637.027    46.475   -13.10    8.66
 -22271.849    42.625   -10.54    8.94
 -21906.577    43.280     1.79    9.94
 -21541.210    44.619     3.66   10.43
 -21175.750    48.155     9.68   10.89
 -20810.195    52.280    11.28    7.87
 -20444.546    50.718    -4.27    9.82
 -20078.803    44.836   -16.08   13.80
 -19712.965    41.606    -8.83   12.79
 -19347.033    37.054   -12.44   12.96
 -18981.006    33.763    -8.99   13.63
 -18614.884    31.603    -5.90   13.87
 -18248.668    28.704    -7.92   11.57
 -17882.357    31.294     7.07   12.18
 -17515.951    35.132    10.47   10.89
 -17149.450    38.325     8.71    7.52
 -16782.854    39.213     2.42    4.86
 -16416.163    36.983    -6.08    5.10
 -16049.376    35.576    -3.83    5.24
 -15682.495    34.738    -2.29    5.17
 -15315.518    34.275    -1.26    5.93
 -14948.445    31.477    -7.62    7.34
 -14581.278    27.535   -10.74    8.03
 -14214.014    23.811   -10.14    8.20
 -13846.655    20.522    -8.95    7.24
 -13479.201    18.653    -5.09    5.82
 -13111.650    18.140    -1.40    4.69
 -12744.004    17.746    -1.07    4.02
 -12376.261    17.093    -1.78    3.95
 -12008.423    17.335     0.66    4.86
 -11640.489    17.511     0.48    5.58
 -11272.458    16.382    -3.07    5.54
 -10904.331    15.173    -3.28    4.75
 -10536.108    13.636    -4.17    1.97
 -10167.789    13.663     0.07    1.91
  -9799.373    14.311     1.76    2.45
  -9430.860    15.182     2.36    3.41
  -9062.251    16.257     2.92    4.18
  -8693.545    17.175     2.49    4.76
  -8324.743    17.841     1.81    5.13
  -7955.843    18.659     2.22    5.39
  -7586.847    19.696     2.81    4.78
  -7217.753    20.212     1.40    4.63
  -6848.563    20.812     1.63    4.88
  -6479.275    22.138     3.59    5.59
  -6109.890    23.350     3.28    5.75
  -5740.408    20.859    -6.74    7.32
  -5370.828    16.761   -11.09    8.90
  -5001.151    14.296    -6.67    9.42
  -4631.376    13.456    -2.27   10.07
  -4261.504    14.256     2.16   11.45
  -3891.534    15.429     3.17   11.07
  -3521.466    15.111    -0.86   10.28
  -3151.300    12.856    -6.09   10.01
  -2781.037     8.929   -10.61    9.76
  -2410.675     4.881   -10.93    8.11
  -2040.215     1.322    -9.61    3.91
  -1669.657    -0.048    -3.70    0.18
  -1299.001    -0.064    -0.04    0.00
   -928.247    -0.064     0.00    0.00
   -557.394    -0.064     0.00    0.00
   -186.442    -0.064     0.00    0.00
    184.608    -0.064     0.00    0.00
    555.756    -0.064     0.00    0.00
    927.004    -0.064     0.00    0.00
   1298.350    -0.064     0.00    0.00
   1669.795    -0.064     0.00    0.00
   2041.339     0.118     0.49    0.48
   2412.982     0.433     0.85    0.76
   2784.725     0.725     0.79    0.82
   3156.566     1.086     0.97    0.76
   3528.507     1.378     0.79    0.62
   3900.547     1.553     0.47    0.49
   4272.687     1.600     0.13    0.47
   4644.926     1.688     0.24    0.43
   5017.264     1.791     0.28    0.35
   5389.703     1.874     0.22    0.24
   5762.241     1.544    -0.89    0.66
   6134.879     0.992    -1.48    0.87
   6507.617     0.694    -0.80    0.83
   6880.455     0.625    -0.19    0.90
   7253.393     2.233     4.31    3.64
   7626.432     6.733    12.06    8.10
   7999.570    13.350    17.73   10.02
   8372.809    20.371    18.81    9.68
   8746.149    25.425    13.54    8.57
   9119.588    29.283    10.33    8.22
   9493.129    30.275     2.66    7.30
   9866.770    30.289     0.04    5.70
  10240.512    28.836    -3.89    3.61
  10614.355    27.397    -3.85    3.96
  10988.298    25.903    -4.00    5.90
  11362.343    24.452    -3.88    6.05
  11736.489    23.818    -1.69    5.15
  12110.736    25.040     3.26    4.72
  12485.084    27.421     6.36    4.52
  12859.533    29.407     5.31    3.48
  13234.084    30.874     3.92    3.42
  13608.736    31.229     0.95    3.40
  13983.490    30.336    -2.38    5.01
  14358.346    27.394    -7.85    6.73
  14733.303    23.577   -10.18    6.85
  15108.362    20.140    -9.17    5.88
  15483.524    18.700    -3.84    5.22
  15858.787    21.565     7.63    6.77
  16234.152    24.518     7.87    6.85
  16609.619    24.068    -1.20    7.42
  16985.189    20.944    -8.32    8.15
  17360.861    16.859   -10.87    6.24
  17736.635    15.000    -4.95    4.61
  18112.512    19.766    12.68    8.81
  18488.491    25.254    14.60    9.15
  18864.573    28.936     9.79    6.58
  19240.758    28.936     0.00    5.26
  19617.046    27.750    -3.15    5.11
  19993.437    27.022    -1.94    5.71
  20369.930    26.433    -1.56    7.22
  20746.527    23.829    -6.91    8.69
  21123.227    22.421    -3.74    7.57
  21500.030    24.352     5.12   10.02
  21876.937    28.533    11.09   11.14
  22253.947    33.798    13.96    9.09
  22631.060    36.369     6.82    7.31
  23008.277    36.417     0.13    6.66
  23385.598    35.898    -1.38    6.70
  23763.022    33.449    -6.49    6.67
  24140.551    36.387     7.78   10.18
  24518.183    38.152     4.68   11.25
  24895.920    39.254     2.92   12.19
  25273.760    38.684    -1.51   12.04
  25651.705    35.420    -8.64   11.30
  26029.754    37.733     6.12   12.31
  26407.908    44.444    17.75   11.55
  26786.165    51.417    18.43    8.98
  27164.528    50.899    -1.37   10.16
  27542.995    48.060    -7.50   11.47
  27921.567    46.053    -5.30   10.81
  28300.244    41.169   -12.90    7.85
  28679.025    41.141    -0.07    6.36
  29057.912    41.898     2.00    6.66
  29436.903    39.985    -5.05    6.66
  29816.000    39.341    -1.70    7.87
  30195.202    38.518    -2.17    8.33
  30574.510    39.251     1.93    8.50
  30953.923    41.929     7.06    9.98
  31333.441    46.234    11.34    8.84
  31713.065    45.621    -1.61   10.70
  32092.795    40.936   -12.34   13.70
  32472.630    34.354   -17.33   12.17
  32852.572    30.471   -10.22    9.46
  33232.619    30.730     0.68   10.72
  33612.772    33.997     8.59   10.68
  33993.032    35.510     3.98   11.32
  34373.398    34.511    -2.63   13.03
  34753.870    35.700     3.12   16.89
  35134.449    37.416     4.51   17.41
  35515.134    37.784     0.97   15.38
  35895.925    36.206    -4.14   11.06
  36276.824    33.111    -8.12   10.58
  36657.829    28.830   -11.24   11.23
  37038.941    25.188    -9.56    8.26
  37420.160    28.936     9.83   10.05
  37801.485    36.529    19.91   13.24
  38182.919    47.153    27.86   11.89
  38564.459    55.249    21.22   10.32
  38946.107    61.207    15.61   11.27
  39327.862    63.636     6.36   10.99
  39709.724    62.225    -3.69   10.81
  40091.694    59.433    -7.31   12.75
  40473.772    54.821   -12.07   13.06
  40855.958    50.300   -11.83   12.46
  41238.251    46.429   -10.13    9.21
  41620.653    45.574    -2.23    7.30
  42003.162    48.022     6.40    8.84
  42385.780    51.629     9.43    9.67
  42768.505    55.783    10.85   11.49
  43151.340    57.989     5.76   12.27
  43534.282    58.365     0.98   12.03
  43912.619    55.890    -6.54    9.68
  44275.530    52.838    -8.41    6.01
  44638.535    52.146    -1.91    4.24
  45001.633    52.186     0.11    4.14
  45364.825    52.013    -0.48    4.40
  45728.112    52.184     0.47    4.19
  46091.492    53.921     4.78    5.40
  46454.967    56.143     6.11    7.11
  46818.535    57.246     3.04    7.47
  47182.198    60.881    10.00    8.74
  47545.955    65.861    13.69   10.05
  47909.807    70.529    12.83   10.66
  48273.753    76.929    17.58    7.48
  48637.794    80.559     9.97    4.43
  49001.929    79.575    -2.70    4.64
  49366.160    78.340    -3.39    4.01
  49730.485    78.730     1.07    4.45
  50094.904    78.021    -1.95    5.15
  50459.419    75.735    -6.27    6.38
  50824.029    73.406    -6.39    6.80
  51188.734    70.027    -9.26    6.31
  51553.534    68.928    -3.01    4.90
  51918.429    74.914    16.40    9.78
  52283.420    81.570    18.24   13.29
  52648.506    90.530    24.54   13.02
  53013.687    91.249     1.97   11.93
  53378.964    87.376   -10.60   15.18
  53744.337    79.779   -20.79   16.16
  54109.805    70.059   -26.60   12.09
  54475.369    65.087   -13.60    8.82
  54841.029    63.490    -4.37    6.96
  55206.785    64.875     3.79    8.66
  55572.637    67.772     7.92    9.04
  55938.585    70.629     7.81    6.93
  56304.630    69.486    -3.12    6.98
  56670.770    65.989    -9.55    7.09
  57037.007    61.798   -11.44    7.01
  57403.340    56.759   -13.75    7.05
  57769.770    53.876    -7.87    6.52
  58136.296    51.498    -6.49    5.22
  58502.919    49.069    -6.62    4.25
  58869.638    47.673    -3.81    3.20
  59236.455    48.593     2.51    4.00
  59603.368    50.008     3.86    4.15
  59970.378    50.914     2.47    3.41
  60337.485    50.303    -1.66    3.73
  60704.689    49.208    -2.98    3.18
  61071.991    49.801     1.61    3.63
  61439.390    51.809     5.46    4.48
  61806.886    54.993     8.67    4.42
  62174.479    56.192     3.26    3.28
  62542.170    55.354    -2.28    4.03
  62909.959    51.854    -9.52    6.31
  63277.845    45.675   -16.80    7.87
  63645.829    41.522   -11.29    6.91
  64013.911    37.895    -9.85    5.20
  64382.090    37.159    -2.00    4.97
  64750.368    36.653    -1.37    4.95
  65118.743    35.436    -3.30    5.60
  65487.217    35.004    -1.17    6.07
  65855.789    33.959    -2.83    5.46
  66224.459    32.453    -4.09    5.45
  66593.228    30.884    -4.25    6.51
  66962.095    31.861     2.65    6.92
  67331.061    31.897     0.10    8.39
  67700.125    31.252    -1.75    9.41
  68069.288    29.641    -4.36    9.07
  68438.550    27.078    -6.94    7.32
  68807.910    26.094    -2.66    6.61
  69177.369    26.112     0.05    6.89
  69546.928    25.655    -1.24    6.44
  69916.585    23.966    -4.57    6.03
  70286.342    20.936    -8.20    5.41
  70656.198    17.507    -9.27    4.72
  71026.153    15.436    -5.60    3.62
  71396.208    15.433    -0.01    3.63
  71766.362    17.452     5.46    4.49
  72136.616    18.800     3.64    4.48
  72506.970    20.021     3.30    4.07
  72877.423    20.814     2.14    3.65
  73247.976    20.717    -0.26    3.06
  73618.629    21.952     3.33    3.29
  73989.382    23.822     5.04    2.71
  74360.235    24.869     2.82    2.63
  74731.188    24.708    -0.43    2.61
  75102.241    24.237    -1.27    2.96
  75473.395    24.433     0.53    3.09
  75844.649    24.272    -0.43    3.12
  76216.004    23.707    -1.52    4.24
  76587.459    22.658    -2.82    5.09
  76959.015    20.221    -6.56    4.94
  77330.671    18.470    -4.71    3.71
  77702.428    17.651    -2.20    2.42
  78074.287    16.693    -2.58    2.01
  78446.246    14.766    -5.18    2.95
  78818.306    13.729    -2.79    3.02
  79190.468    12.299    -3.84    3.16
  79562.730    12.459     0.43    3.94
  79935.094    14.595     5.74    5.72
  80307.560    18.991    11.80    7.23
  80680.127    24.123    13.78    9.09
  81052.795    30.378    16.79    8.44
  81425.565    36.570    16.61    7.65
  81798.437    40.282     9.96    6.52
  82171.411    42.804     6.76    6.35
  82544.486    44.550     4.68    5.74
  82917.664    46.033     3.98    5.03
  83290.943    47.208     3.15    4.00
  83664.325    47.996     2.11    5.03
  84037.809    47.318    -1.82    5.56
  84411.395    46.611    -1.89    5.14
  84785.084    47.571     2.57    4.49
  85158.875    48.654     2.90    4.53
  85532.769    51.729     8.22    6.48
  85906.766    55.240     9.39    6.31
  86280.865    57.448     5.90    5.80
  86655.067    56.692    -2.02    6.82
  87029.372    53.275    -9.13    7.97
  87403.780    49.637    -9.72    6.38
  87778.292    49.011    -1.67    5.07
  88152.906    51.698     7.17    6.95
  88527.624    56.841    13.73    6.28
  88902.445    61.722    13.02    6.15
  89277.369    63.833     5.63    5.26
  89652.397    63.789    -0.12    5.12
  90027.529    60.638    -8.40    6.13
  90402.764    58.494    -5.71    5.36
  90778.103    58.914     1.12    5.44
  91153.546    61.601     7.16    6.04
  91529.093    63.867     6.03    5.71
  91904.744    63.830    -0.10    5.30
  92280.499    60.713    -8.30    6.97
  92656.359    56.840   -10.30    5.99
  93032.322    54.862    -5.26    4.13
  93408.391    55.318     1.21    3.84
  93784.563    57.436     5.63    4.42
  94160.840    59.608     5.77    4.86
  94537.222    60.713     2.94    4.36
  94913.709    61.847     3.01    4.16
  95290.300    62.714     2.30    3.80
  95666.997    64.413     4.51    4.26
  96043.798    67.741     8.83    4.16
  96420.705    70.322     6.85    3.63
  96797.717    71.444     2.98    3.29
  97174.834    70.951    -1.31    4.62
  97552.056    68.914    -5.40    6.04
  97929.384    66.239    -7.09    7.05
  98306.818    63.760    -6.57    7.37
  98684.357    62.008    -4.64    6.25
  99062.002    62.773     2.03    5.30
  99439.753    64.414     4.34    6.98
  99817.609    68.675    11.28    9.13
 100195.572    72.668    10.57    8.46
 100573.641    73.816     3.04    8.18
 100951.816    73.433    -1.01    8.41
 101330.097    74.707     3.37    9.37
 101708.485    78.730    10.63   10.12
 102086.979    81.429     7.13    9.18
 102465.580    79.265    -5.72   13.52
 102844.287    72.843   -16.96   17.88
 103223.101    66.591   -16.51   16.48
 103602.022    63.929    -7.03   15.39
 103981.050    62.576    -3.57   14.19
 104360.184    62.840     0.70   11.45
 104739.426    61.405    -3.79    8.56
 105118.775    63.899     6.58    8.66
 105498.232    68.596    12.38   10.40
 105877.796    75.073    17.07   11.99
 106257.467    83.092    21.12   11.24
 106637.246    90.829    20.37    7.19
 107017.132    93.823     7.88    4.89
 107397.126    94.708     2.33    5.62
 107777.228    94.635    -0.19    5.80
 108157.438    94.181    -1.19    5.44
 108537.756    93.792    -1.02    6.05
 108918.183    91.862    -5.08    8.05
 109298.717    90.536    -3.48    7.62
 109679.360    91.038     1.32    7.24
 110060.111    94.122     8.10    8.70
 110440.970    97.192     8.06    8.62
 110821.939    98.633     3.78    8.32
 111203.015    97.003    -4.28    9.29
 111584.201    93.116   -10.20    8.62
 111965.495    92.122    -2.61    8.86
 112346.899    92.091    -0.08    8.35
 112728.411    91.891    -0.52    9.06
 113110.033    92.319     1.12   11.37
 113491.764    91.756    -1.47   12.66
 113873.604    89.899    -4.86   13.43
 114255.554    87.922    -5.18   11.88
 114637.613    84.389    -9.25    8.99
 115019.782    84.922     1.39    7.05
 115402.061    86.138     3.18    6.49
 115784.449    85.410    -1.90    7.62
 116166.947    84.070    -3.51    7.74
 116549.556    83.122    -2.48    6.62
 116932.274    81.554    -4.10    6.03
 117315.103    81.049    -1.32    6.13
 117698.042    83.996     7.70    7.13
 118081.091    87.304     8.64    9.26
 118464.251    91.809    11.76    9.08
 118831.798    96.122    11.73    5.56
 119194.600    98.173     5.66    5.03
 119557.497    99.823     4.55    6.87
 119920.489   101.606     4.91    7.72
 120283.576   101.378    -0.63    8.95
 120646.759   101.899     1.43    9.47
 121010.037   102.936     2.86   10.31
 121373.410   105.488     7.02   11.68
 121736.878   106.311     2.27   12.07
 122100.443   104.583    -4.76   13.15
 122464.102   101.672    -8.00   11.99
 122827.858    99.681    -5.47    9.50
 123191.709   101.106     3.92    9.54
 123555.656   101.372     0.73    8.96
 123919.699    98.425    -8.10    9.10
 124283.838    95.063    -9.23    7.72
 124648.074    91.595    -9.52    4.54
 125012.405    88.166    -9.41    7.32
 125376.833    87.532    -1.74    7.83
 125741.356    87.421    -0.31    8.20
 126105.977    88.658     3.39    7.54
 126470.694    90.666     5.51    4.39
 126835.507    91.846     3.23    1.43
 127200.417    92.107     0.71    1.02
 127565.424    92.031    -0.21    0.58
 127930.527    92.198     0.46    1.31
 128295.728    94.421     6.09    5.06
 128661.025   100.131    15.63   11.14
 129026.419   107.194    19.33   13.33
 129391.911   113.936    18.45   10.89
 129757.499   118.341    12.05    8.42
 130123.185   120.741     6.56    8.36
 130488.969   121.663     2.52    8.19
 130854.850   125.048     9.25    8.47
 131220.828   129.705    12.72    8.45
 131586.904   132.365     7.27    7.71
 131953.077   136.048    10.06    8.02
 132319.348   141.770    15.62    9.92
 132685.717   148.481    18.32   12.33
 133052.184   155.530    19.24   13.26
 133418.749   163.199    20.92   13.67
 133785.413   169.250    16.50   13.55
 134152.174   168.652    -1.63   13.58
 134519.033   161.462   -19.60   17.39
 134885.991   151.481   -27.20   19.67
 135253.047   140.448   -30.06   12.28
 135620.202   138.699    -4.76    8.89
 135987.455   144.336    15.35   12.43
 136354.807   151.295    18.94   13.31
 136722.258   155.270    10.82   11.82
 137089.807   155.370     0.27   10.08
 137457.455   150.225   -14.00   10.72
 137825.202   141.772   -22.99    9.98
 138193.049   133.644   -22.10   11.27
 138560.994   125.433   -22.32   11.78
 138929.039   117.569   -21.37   13.32
 139297.183   109.185   -22.78   15.49
 139665.426    99.503   -26.29   15.90
 140033.769    89.713   -26.58   11.35
 140402.211    84.929   -12.99    8.04
 140770.753    83.922    -2.73    7.51
 141139.394    82.405    -4.12    8.09
 141508.136    79.507    -7.86    9.66
 141876.977    74.407   -13.83   10.04
 142245.918    67.944   -17.52    9.39
 142614.960    63.201   -12.85    8.73
 142984.101    61.002    -5.96    7.58
 143353.343    60.204    -2.16    6.82
 143722.685    57.960    -6.08    7.93
