-108372.349   230.671     0.00   22.82
-108002.941   240.164    25.70   20.69
-107633.439   247.130    18.85   18.11
-107263.842   247.088    -0.11   19.58
-106894.152   242.960   -11.17   23.41
-106524.368   236.705   -16.91   24.55
-106154.489   228.826   -21.30   23.49
-105784.517   224.859   -10.72   20.33
-105414.450   221.814    -8.23   17.64
-105044.288   222.916     2.98   17.20
-104674.032   227.286    11.80   17.83
-104303.682   235.719    22.77   21.83
-103933.237   250.308    39.38   25.38
-103562.697   264.289    37.73   24.59
-103192.062   275.875    31.26   18.83
-102821.333   281.887    16.22   13.99
-102450.508   283.028     3.08   11.63
-102079.589   283.313     0.77   11.03
-101708.575   282.642    -1.81   10.76
-101337.465   282.088    -1.49   10.63
-100966.261   281.019    -2.88   10.42
-100594.961   280.420    -1.61    8.87
-100223.565   281.693     3.43    7.42
 -99852.074   283.945     6.06    6.97
 -99480.488   287.886    10.61    6.98
 -99108.806   293.364    14.74    5.31
 -98737.029   297.035     9.87    5.31
 -98365.156   301.066    10.84    5.63
 -97993.187   305.486    11.88    5.98
 -97621.122   309.603    11.06    5.49
 -97248.961   314.103    12.09    5.42
 -96876.704   317.754     9.81    5.71
 -96504.351   321.615    10.37    5.89
 -96131.902   326.887    14.16    7.90
 -95759.357   332.862    16.04    9.96
 -95386.715   341.918    24.30   11.63
 -95013.977   351.051    24.50   12.49
 -94641.143   358.753    20.66   10.36
 -94268.212   363.248    12.05    8.46
 -93895.184   363.498     0.67    8.22
 -93522.060   359.607   -10.43    8.65
 -93148.839   353.248   -17.04    9.15
 -92775.521   346.779   -17.33    7.98
 -92402.106   340.490   -16.84    8.01
 -92028.594   333.870   -17.72    9.87
 -91654.985   324.359   -25.46   11.65
 -91281.279   314.420   -26.59   13.48
 -90907.476   306.362   -21.56   12.49
 -90533.575   305.830    -1.42   18.27
 -90159.578   312.630    18.18   27.78
 -89785.482   330.071    46.62   35.30
 -89411.289   351.158    56.35   36.73
 -89036.999   370.322    51.20   30.70
 -88662.611   384.587    38.10   24.37
 -88288.125   392.961    22.36   17.76
 -87913.541   397.053    10.92   11.82
 -87538.860   396.010    -2.78    8.98
 -87164.080   391.516   -11.99   10.48
 -86789.202   382.666   -23.61   12.31
 -86414.227   372.639   -26.74   13.34
 -86039.153   360.613   -32.06   15.00
 -85663.980   348.543   -32.17   16.38
 -85288.710   337.451   -29.56   16.45
 -84913.341   323.856   -36.22   18.09
 -84537.873   313.085   -28.68   17.23
 -84162.307   305.436   -20.37   16.53
 -83786.642   304.814    -1.66   19.80
 -83410.878   309.898    13.53   23.37
 -83035.016   316.693    18.08   22.64
 -82659.055   319.928     8.60   23.13
 -82282.994   317.846    -5.53   25.75
 -81906.835   309.863   -21.22   26.95
 -81530.576   292.438   -46.31   29.40
 -81154.219   269.067   -62.09   33.71
 -80777.762   244.376   -65.59   29.58
 -80401.205   218.945   -67.53   22.35
 -80024.549   200.527   -48.90   20.02
 -79647.794   186.658   -36.81   14.16
 -79270.939   179.002   -20.31    9.99
 -78893.984   175.560    -9.13   14.10
 -78516.930   173.262    -6.09   20.59
 -78139.776   167.711   -14.72   27.09
 -77762.521   157.994   -25.76   29.86
 -77385.167   147.189   -28.63   24.87
 -77007.713   141.328   -15.53   22.62
 -76630.158   139.838    -3.95   26.85
 -76252.504   144.314    11.85   31.73
 -75874.749   144.303    -0.03   32.82
 -75496.893   143.281    -2.70   29.43
 -75118.937   138.230   -13.36   21.42
 -74740.881   132.470   -15.23   17.99
 -74362.724   125.047   -19.63   15.16
 -73984.466   120.945   -10.84   14.67
 -73606.107   121.920     2.58   16.19
 -73227.647   124.937     7.97   14.90
 -72849.087   125.734     2.11   12.08
 -72470.425   123.316    -6.38   12.58
 -72091.663   125.026     4.51   16.36
 -71712.799   126.536     3.98   20.39
 -71333.834   128.691     5.69   22.03
 -70954.767   126.010    -7.07   21.94
 -70575.599   122.325    -9.72   20.49
 -70196.330   119.623    -7.12   16.19
 -69816.959   117.574    -5.40   17.80
 -69437.486   114.970    -6.86   19.97
 -69057.911   106.011   -23.60   21.52
 -68678.235    98.355   -20.16   18.03
 -68298.456    94.691    -9.65   15.72
 -67918.576    93.581    -2.92   13.99
 -67538.593    92.849    -1.93   12.88
 -67158.509    90.030    -7.42   10.98
 -66778.322    88.204    -4.80    9.78
 -66398.032    86.103    -5.52    7.94
 -66017.641    84.289    -4.77    8.51
 -65637.147    82.034    -5.93    9.10
 -65256.550    80.830    -3.16   10.97
 -64875.850    80.815    -0.04   13.31
 -64495.048    85.442    12.15   18.47
 -64114.143    96.921    30.13   22.58
 -63733.135   111.816    39.09   21.15
 -63352.024   124.158    32.38   16.88
 -62970.810   130.584    16.86   11.69
 -62589.492   128.911    -4.39   10.11
 -62208.072   121.220   -20.16   14.03
 -61826.548   106.831   -37.71   17.95
 -61444.921    92.018   -38.81   15.94
 -61063.190    87.121   -12.83   12.90
 -60681.355    88.693     4.12   13.28
 -60299.417    94.428    15.02   11.99
 -59917.375    99.878    14.26    9.84
 -59535.230   101.173     3.39   11.81
 -59152.980   104.140     7.76   13.17
 -58770.626   104.929     2.07   12.46
 -58388.169   103.598    -3.48   11.97
 -58005.607    99.228   -11.42   11.66
 -57622.941    93.283   -15.53   12.76
 -57254.951    81.904   -30.92   15.01
 -56891.641    71.050   -29.87   13.47
 -56528.240    62.289   -24.11   13.42
 -56164.748    54.036   -22.70   11.39
 -55801.164    50.165   -10.65    8.98
 -55437.490    50.011    -0.42    8.91
 -55073.723    53.147     8.62    8.28
 -54709.866    56.222     8.45    6.00
 -54345.917    57.308     2.98    5.72
 -53981.876    59.921     7.18    6.70
 -53617.744    63.091     8.71    8.24
 -53253.520    66.460     9.25    8.94
 -52889.205    72.165    15.66   10.23
 -52524.798    80.228    22.13    9.96
 -52160.298    84.108    10.64    8.17
 -51795.707    80.579    -9.68   11.48
 -51431.024    74.674   -16.19   12.37
 -51066.249    66.579   -22.19    8.10
 -50701.381    62.594   -10.92    3.53
 -50336.421    61.018    -4.32    2.97
 -49971.369    59.978    -2.85    2.75
 -49606.225    59.526    -1.24    3.47
 -49240.988    58.224    -3.57    5.77
 -48875.658    55.281    -8.05    8.91
 -48510.236    49.784   -15.04   11.36
 -48144.722    45.425   -11.93    9.92
 -47779.114    42.539    -7.89    6.78
 -47413.414    42.413    -0.34    5.80
 -47047.621    46.669    11.63    6.44
 -46681.735    51.076    12.04    8.54
 -46315.756    52.157     2.95   10.32
 -45949.684    53.147     2.71   11.63
 -45583.518    52.921    -0.62   11.74
 -45217.260    51.807    -3.04   10.03
 -44850.908    52.550     2.03    7.26
 -44484.463    53.446     2.44    6.07
 -44117.924    53.551     0.29    6.11
 -43751.292    53.394    -0.43    6.48
 -43384.566    55.434     5.56    8.60
 -43017.747    56.474     2.83    9.26
 -42650.833    56.838     0.99    8.68
 -42283.826    57.676     2.28    8.59
 -41916.725    55.349    -6.34    9.64
 -41549.531    54.018    -3.63    9.65
 -41182.242    49.930   -11.13   12.52
 -40814.859    40.545   -25.54   15.64
 -40447.381    33.597   -18.91   14.47
 -40079.810    26.677   -18.83   12.17
 -39712.144    22.734   -10.72   11.43
 -39344.384    19.163    -9.71    9.50
 -38976.530    15.506    -9.94    5.41
 -38608.580    14.383    -3.05    3.62
 -38240.537    15.274     2.42    4.06
 -37872.398    18.825     9.64    8.02
 -37504.165    25.075    16.97   11.61
 -37135.837    31.530    17.52   11.93
 -36767.414    37.079    15.06   10.36
 -36398.896    40.786    10.06    7.38
 -36030.283    40.856     0.19    5.01
 -35661.575    39.061    -4.87    4.47
 -35292.772    37.647    -3.83    4.60
 -34923.873    36.953    -1.88    5.41
 -34554.879    34.881    -5.62    7.50
 -34185.790    30.066   -13.04   10.61
 -33816.605    23.253   -18.46   12.11
 -33447.324    15.067   -22.17    9.55
 -33077.948    10.200   -13.18    4.48
 -32708.476     9.393    -2.19    3.94
 -32338.909    12.906     9.51    6.44
 -31969.245    16.748    10.39    6.24
 -31599.486    20.035     8.89    4.48
 -31229.630    20.537     1.36    4.61
 -30859.679    19.675    -2.33    4.03
 -30489.631    19.059    -1.66    2.88
 -30119.487    20.666     4.34    3.80
 -29749.247    25.477    13.00    6.89
 -29378.910    32.554    19.11    9.81
 -29008.477    40.522    21.51   11.32
 -28637.947    48.701    22.07    9.22
 -28267.321    51.890     8.60    6.58
 -27896.598    53.108     3.29    5.20
 -27525.778    51.527    -4.26    4.66
 -27154.861    48.602    -7.89    3.76
 -26783.847    46.423    -5.87    4.56
 -26412.737    45.663    -2.05    4.77
 -26041.529    45.092    -1.54    4.97
 -25670.224    44.176    -2.47    4.96
 -25298.822    42.954    -3.29    5.54
 -24927.322    41.246    -4.60    5.67
 -24555.725    39.123    -5.71    4.91
 -24184.031    37.146    -5.32    4.85
 -23812.239    35.460    -4.53    5.38
 -23440.350    32.446    -8.11    5.16
 -23068.362    29.549    -7.79    4.57
 -22696.277    27.325    -5.98    4.26
 -22324.095    25.298    -5.45    3.86
 -21951.814    23.744    -4.17    4.34
 -21579.435    20.442    -8.87    6.38
 -21206.958    16.770    -9.86    6.55
 -20834.383    15.935    -2.24    7.45
 -20461.710    16.690     2.03    7.76
 -20088.938    20.171     9.34    9.49
 -19716.068    22.303     5.72    9.25
 -19343.099    21.405    -2.41    9.09
 -18970.032    18.894    -6.73    9.48
 -18596.867    17.784    -2.97    9.14
 -18223.602    16.637    -3.07    9.26
 -17850.239    17.713     2.88   10.27
 -17476.777    18.716     2.69   11.53
 -17103.216    18.826     0.29   11.37
 -16729.556    17.418    -3.77   10.55
 -16355.797    17.794     1.01   10.29
 -15981.938    20.299     6.70   11.61
 -15607.981    24.168    10.35   12.93
 -15233.924    29.218    13.50   10.42
 -14859.767    30.799     4.23    8.28
 -14485.511    31.034     0.63    8.57
 -14111.156    30.540    -1.32    8.47
 -13736.701    29.762    -2.08    8.21
 -13362.146    25.710   -10.82    9.79
 -12987.491    19.051   -17.77   10.41
 -12612.737    13.482   -14.86    9.41
 -12237.882    10.045    -9.17    7.68
 -11862.927     7.906    -5.70    6.08
 -11487.872     6.163    -4.65    5.49
 -11112.717     5.035    -3.01    4.77
 -10737.462     3.954    -2.88    4.07
 -10362.106     2.420    -4.09    1.97
  -9986.650     2.714     0.78    2.68
  -9611.093     3.285     1.52    3.20
  -9235.436     4.003     1.91    3.29
  -8859.678     5.356     3.60    4.43
  -8483.819     6.397     2.77    4.42
  -8107.859     5.772    -1.66    4.83
  -7731.798     4.129    -4.37    5.16
  -7355.637     3.244    -2.35    4.29
  -6979.374     3.700     1.21    4.46
  -6603.010     5.473     4.71    4.76
  -6226.544     8.758     8.73    5.55
  -5849.978     9.402     1.71    5.86
  -5473.310     9.279    -0.33    5.95
  -5096.540     8.112    -3.10    5.86
  -4719.669     5.242    -7.62    5.42
  -4342.696     3.394    -4.90    3.78
  -3965.621     4.361     2.56    4.37
  -3588.444     5.330     2.57    4.32
  -3211.166     6.064     1.94    3.91
  -2833.785     5.589    -1.26    3.11
  -2456.302     3.860    -4.58    2.50
  -2078.718     3.578    -0.75    2.99
  -1701.030     2.432    -3.03    2.91
  -1323.241     1.530    -2.39    2.78
   -945.349     0.579    -2.52    1.80
   -567.354    -0.014    -1.57    0.00
   -189.257    -0.014     0.00    0.00
    188.942    -0.006     0.02    0.09
    567.245     0.230     0.62    0.66
    945.650     2.002     4.68    4.69
   1324.159     4.637     6.96    7.30
   1702.770     6.104     3.88    7.67
   2081.484     6.002    -0.27    7.72
   2460.302     4.322    -4.44    6.47
   2839.223     1.712    -6.89    1.51
   3218.247     2.361     1.71    2.57
   3597.375     3.890     4.03    3.77
   3976.606     7.178     8.67    6.48
   4355.941    12.687    14.52   10.15
   4735.380    19.453    17.83   10.56
   5114.922    22.831     8.90    9.89
   5494.568    22.810    -0.06    9.08
   5874.318    23.214     1.06    9.65
   6254.173    24.494     3.37   10.60
   6634.131    28.854    11.47   11.25
   7014.194    29.556     1.85   11.19
   7394.360    32.322     7.28   11.43
   7774.632    34.411     5.49   10.48
   8155.007    37.058     6.96    9.62
   8535.488    40.171     8.18    9.26
   8916.073    40.970     2.10    7.54
   9296.762    38.661    -6.07   11.19
   9677.557    35.206    -9.07   13.03
  10058.456    31.833    -8.86   12.45
  10439.460    29.781    -5.38   11.49
  10820.570    30.230     1.18   11.99
  11201.784    31.110     2.31   11.95
  11583.104    32.072     2.52   12.22
  11964.529    32.773     1.84   12.64
  12346.060    31.978    -2.08   13.55
  12727.696    29.204    -7.27   12.32
  13109.438    28.365    -2.20    9.58
  13491.285    28.986     1.63    9.78
  13873.238    32.861    10.15    9.99
  14255.298    37.769    12.85    9.23
  14637.462    40.506     7.16    8.36
  15019.734    44.569    10.63    7.25
  15402.111    50.332    15.07   11.61
  15784.594    58.266    20.74   14.88
  16167.184    66.962    22.73   13.50
  16549.880    73.761    17.76    9.64
  16932.682    75.876     5.53    6.42
  17309.196    72.946    -7.78    8.46
  17672.281    70.154    -7.69    9.26
  18035.458    67.908    -6.18    8.17
  18398.728    66.700    -3.32    6.42
  18762.090    71.642    13.60    7.83
  19125.546    78.025    17.56   10.45
  19489.094    82.410    12.06    9.92
  19852.735    82.292    -0.33    9.27
  20216.468    80.626    -4.58    8.88
  20580.295    77.439    -8.76    7.62
  20944.215    75.262    -5.98    4.61
  21308.228    78.408     8.64    6.10
  21672.335    80.498     5.74    6.62
  22036.535    85.102    12.64    8.45
  22400.828    93.273    22.43   11.84
  22765.214   101.018    21.26   14.21
  23129.694   109.490    23.24   13.04
  23494.268   115.298    15.93   11.64
  23858.935   120.916    15.40   10.55
  24223.696   125.789    13.36    7.34
  24588.551   124.327    -4.01    7.71
  24953.500   120.666   -10.03    9.26
  25318.543   114.953   -15.65    8.74
  25683.680   110.930   -11.02    7.20
  26048.911   109.066    -5.10    8.08
  26414.236   106.896    -5.94    8.75
  26779.655   105.189    -4.67    9.10
  27145.169   101.486   -10.13   10.10
  27510.777    94.327   -19.58   11.59
  27876.480    84.016   -28.20   15.51
  28242.277    72.994   -30.13   16.50
  28608.169    61.644   -31.02   11.93
  28974.155    54.553   -19.38    9.49
  29340.237    50.282   -11.67    8.00
  29706.413    44.210   -16.58   11.41
  30072.684    40.423   -10.34   10.17
  30439.050    39.324    -3.00   10.57
  30805.511    37.145    -5.95   10.60
  31172.068    36.576    -1.55    9.57
  31538.719    35.874    -1.92    9.01
  31905.466    35.474    -1.09    8.61
  32272.309    35.536     0.17    9.19
  32639.246    36.581     2.85    9.09
  33006.280    37.835     3.42    9.51
  33373.409    38.363     1.44    9.21
  33740.633    39.800     3.91    8.43
  34107.954    41.181     3.76    7.79
  34475.370    39.431    -4.76   11.50
  34842.882    36.797    -7.17   13.85
  35210.490    32.537   -11.59   15.33
  35578.194    29.603    -7.98   14.10
  35945.995    29.228    -1.02   11.54
  36313.891    30.697     3.99   11.62
  36681.884    35.306    12.53   10.07
  37049.973    38.686     9.18    6.26
  37418.159    39.017     0.90    5.13
  37786.441    38.567    -1.22    5.30
  38154.820    35.186    -9.18    5.40
  38523.295    32.345    -7.71    5.81
  38891.867    29.939    -6.53    5.00
  39260.536    28.865    -2.91    4.26
  39629.302    31.078     6.00    5.93
  39998.165    34.994    10.62    6.79
  40367.125    40.765    15.64    6.66
  40736.182    45.378    12.50    6.82
  41105.337    49.146    10.21    5.84
  41474.588    51.576     6.58    4.47
  41843.937    53.878     6.23    4.14
  42213.384    56.265     6.46    4.66
  42582.928    58.056     4.85    5.39
  42952.569    59.916     5.03    5.49
  43322.309    62.653     7.40    6.12
  43692.146    64.777     5.74    7.00
  44062.081    67.775     8.11    7.09
  44432.114    70.697     7.90    4.81
  44802.244    69.923    -2.09    5.33
  45172.473    68.728    -3.23    5.76
  45542.800    65.746    -8.05    6.80
  45913.226    60.653   -13.75    8.22
  46283.749    56.490   -11.23    7.98
  46654.371    52.750   -10.09    6.74
  47025.092    50.697    -5.54    5.43
  47395.911    50.066    -1.70    5.80
  47766.828    49.916    -0.41    5.89
  48137.845    49.853    -0.17    5.55
  48508.960    49.763    -0.24    3.78
  48880.174    51.147     3.73    2.84
  49251.487    51.753     1.63    2.82
  49622.899    53.351     4.30    4.24
  49994.410    51.435    -5.16   10.01
  50366.020    47.017   -11.89   14.58
  50737.730    40.655   -17.12   16.39
  51109.539    37.394    -8.77   15.47
  51481.447    37.826     1.16   13.42
  51853.455    41.505     9.89   10.53
  52225.563    46.373    13.08    7.17
  52597.770    48.228     4.98    5.98
  52970.077    46.660    -4.21    6.80
  53342.484    44.891    -4.75    7.36
  53714.990    42.099    -7.50    5.94
  54087.597    43.699     4.29    7.59
  54460.304    50.195    17.43   12.01
  54833.111    56.416    16.69   11.13
  55206.018    54.501    -5.13   12.96
  55579.025    49.911   -12.31   15.82
  55952.133    43.386   -17.49   13.12
  56325.341    41.220    -5.80    9.38
  56698.650    44.650     9.19    8.99
  57072.060    45.614     2.58    8.49
  57445.570    45.285    -0.88    9.37
  57819.181    42.705    -6.91   11.26
  58192.893    43.770     2.85   12.07
  58566.706    47.482     9.93   12.27
  58940.620    46.869    -1.64    9.78
  59314.635    45.392    -3.95    8.48
  59688.752    44.150    -3.32    6.81
  60062.970    42.314    -4.91    7.47
  60437.289    42.806     1.31    7.83
  60811.709    44.072     3.38    7.82
  61186.232    43.355    -1.91    7.93
  61560.855    42.148    -3.22    7.23
  61935.581    41.345    -2.14    5.84
  62310.408    40.839    -1.35    4.70
  62685.337    42.799     5.23    4.86
  63060.369    46.384     9.56    6.41
  63435.502    48.632     5.99    7.23
  63810.737    51.366     7.29    9.00
  64186.075    54.663     8.78   11.28
  64561.515    59.128    11.89   13.08
  64937.057    62.047     7.78   13.19
  65312.702    63.172     2.99   12.38
  65688.450    61.160    -5.35   10.62
  66064.300    58.570    -6.89    5.77
  66440.253    58.678     0.29    6.27
  66816.308    59.149     1.25    6.63
  67192.467    60.116     2.57    7.34
  67568.728    60.250     0.36    8.13
  67945.093    59.878    -0.99    7.66
  68321.561    61.478     4.25    7.38
  68698.132    59.121    -6.26    9.60
  69074.806    54.062   -13.43   12.02
  69451.584    49.443   -12.26   12.67
  69828.465    44.555   -12.97   10.45
  70205.450    46.086     4.06   10.76
  70582.538    49.138     8.09   11.04
  70959.730    53.627    11.90   10.99
  71337.027    57.240     9.58    8.71
  71714.427    58.319     2.86    7.69
  72091.931    57.848    -1.25    7.22
  72469.539    57.186    -1.75    7.82
  72847.251    58.535     3.57    7.80
  73225.068    58.195    -0.90    6.14
  73602.989    56.244    -5.16    6.63
  73981.015    54.440    -4.77    7.05
  74359.145    50.620   -10.10    7.15
  74737.379    49.047    -4.16    7.08
  75115.719    50.203     3.06    7.64
  75494.163    49.674    -1.40    8.05
  75872.712    49.424    -0.66    8.25
  76251.366    48.631    -2.10    6.90
  76630.125    45.947    -7.09    5.43
  77008.989    43.637    -6.10    6.02
  77387.959    41.939    -4.48    5.62
  77767.034    40.349    -4.19    6.27
  78146.214    38.416    -5.10    6.55
  78525.500    36.955    -3.85    5.34
  78904.891    35.724    -3.24    3.17
  79284.388    37.303     4.16    2.93
  79663.991    40.558     8.58    4.98
  80043.700    44.442    10.23    6.15
  80423.514    47.107     7.02    5.37
  80803.435    48.253     3.02    4.96
  81183.462    47.242    -2.66    8.45
  81563.595    46.009    -3.24   11.78
  81943.834    46.009     0.00   13.92
  82324.180    45.355    -1.72   14.70
  82704.632    47.933     6.78   13.14
  83085.191    49.883     5.13   10.22
  83465.856    53.210     8.74    7.03
  83846.629    54.947     4.56    5.93
  84227.508    54.801    -0.38    5.73
  84608.494    55.395     1.56    6.64
  84989.587    54.978    -1.09    8.49
  85370.787    55.211     0.61   10.51
  85752.094    57.075     4.89   10.50
  86133.509    58.317     3.25    9.01
  86515.031    61.493     8.33    8.47
  86896.661    66.438    12.96    9.84
  87278.398    73.016    17.23   12.63
  87660.243    81.978    23.47   13.28
  88042.195    91.849    25.85   11.06
  88424.256   100.086    21.56    9.26
  88806.424   106.948    17.96    8.50
  89188.701   111.764    12.60    8.21
  89571.085   115.389     9.48    6.66
  89953.578   116.963     4.12    6.07
  90336.179   117.763     2.09    7.15
  90718.888   121.978    11.02    8.04
  91101.706   125.410     8.97    7.89
  91484.633   128.666     8.50    6.16
  91867.668   128.296    -0.97    6.44
  92233.079   125.986    -6.32    6.93
  92596.041   121.625   -12.01    6.87
  92959.097   116.903   -13.01    8.04
  93322.247   112.888   -11.05    9.40
  93685.491   104.155   -24.04   11.83
  94048.829    90.372   -37.94   19.65
  94412.261    77.198   -36.25   21.60
  94775.788    60.690   -45.41   16.81
  95139.409    47.747   -35.59   13.96
  95503.125    40.077   -21.09    9.45
  95866.935    36.201   -10.66    5.90
  96230.839    36.939     2.03    5.85
  96594.838    40.038     8.52    5.27
  96958.932    43.094     8.39    4.43
  97323.121    46.494     9.34    5.92
  97687.405    49.189     7.40    6.45
  98051.784    53.673    12.31    7.12
  98416.257    59.088    14.86    8.94
  98780.826    66.009    18.98   13.24
  99145.490    75.940    27.23   16.54
  99510.250    85.115    25.16   16.47
  99875.104    91.637    17.88   13.40
 100240.055    95.399    10.31   13.30
 100605.100    97.058     4.54   16.43
 100970.241    98.226     3.20   18.91
 101335.478   100.723     6.83   20.77
 101700.811   102.322     4.38   20.00
 102066.239   102.598     0.75   16.47
 102431.764   101.090    -4.13   13.75
 102797.384    98.620    -6.75   13.07
 103163.100    97.440    -3.23   14.21
 103528.913    98.016     1.57   15.28
 103894.822    99.789     4.85   13.72
 104260.826   102.566     7.59   10.85
 104626.928   104.291     4.71    9.80
 104993.125   106.561     6.20   10.38
 105359.420   109.079     6.88   10.13
 105725.811   111.645     7.00    9.46
 106092.298   114.424     7.58   10.23
 106458.882   117.707     8.95   11.57
 106825.563   117.834     0.35   13.41
 107192.341   113.940   -10.62   17.25
 107559.216   105.017   -24.32   16.82
 107926.188    97.690   -19.97   11.33
 108293.257    95.993    -4.62    9.49
 108660.424   100.212    11.49   14.39
 109027.687   108.842    23.50   18.33
 109395.048   118.690    26.81   19.34
 109762.507   131.330    34.40   18.66
 110130.063   144.302    35.29   17.94
 110497.716   153.501    25.02   14.07
 110865.467   156.317     7.66   12.97
 111233.316   148.783   -20.48   19.01
 111601.263   137.360   -31.05   19.93
 111969.308   126.291   -30.08   11.56
 112337.451   122.941    -9.10    7.60
 112705.692   122.635    -0.83    8.50
 113074.031   118.681   -10.73   11.44
 113442.468   109.189   -25.77   14.25
 113811.004   100.268   -24.21   13.80
 114179.637    91.781   -23.02   10.54
 114548.370    86.730   -13.70    5.94
 114917.201    86.384    -0.94    5.37
 115286.131    87.057     1.82    5.70
 115655.159    87.181     0.34    5.46
 116024.286    87.226     0.12    5.73
 116393.512    88.041     2.21    6.78
 116762.837    92.204    11.27    9.68
 117132.262    97.380    14.01    9.09
 117501.785    99.876     6.76    7.39
 117871.407    98.580    -3.51    7.94
 118241.129    95.528    -8.26    7.63
 118610.950    93.337    -5.92    7.00
 118980.871    93.441     0.28    6.89
 119350.891    95.093     4.46    5.80
 119721.010    95.893     2.16    6.38
 120091.230    95.372    -1.41    7.46
 120461.549    96.780     3.80    8.95
 120831.968    97.910     3.05    9.14
 121202.487    94.812    -8.36   10.94
 121573.106    88.970   -15.76   12.82
 121943.825    84.146   -13.01   11.55
 122314.644    78.702   -14.68   11.15
 122685.564    74.228   -12.06   10.30
 123056.584    68.789   -14.66    8.81
 123427.704    64.497   -11.56    7.59
 123798.925    61.072    -9.23    7.55
 124170.247    58.243    -7.62    7.38
 124541.669    56.843    -3.77    6.83
 124913.192    54.610    -6.01    5.70
 125284.816    54.039    -1.54    4.28
 125656.540    54.016    -0.06    3.76
 126028.366    53.655    -0.97    3.05
 126400.293    53.482    -0.47    2.89
 126772.321    54.132     1.75    2.68
 127144.450    54.858     1.95    3.08
 127516.681    56.337     3.97    3.06
 127889.013    57.826     4.00    2.66
 128261.447    60.032     5.92    3.93
 128633.982    62.091     5.53    5.71
 129006.619    64.062     5.29    6.47
 129379.358    65.501     3.86    6.65
 129752.198    65.519     0.05    5.99
 130125.141    64.163    -3.64    4.88
 130498.186    60.843    -8.90    5.47
 130871.332    57.734    -8.33    6.16
 131244.581    53.404   -11.60    6.01
 131617.932    48.541   -13.03    5.69
 131991.386    44.941    -9.64    6.31
 132364.942    40.343   -12.31    4.87
 132738.601    38.830    -4.05    3.69
 133112.362    39.575     1.99    3.73
 133486.226    40.026     1.20    3.54
 133860.192    39.808    -0.58    3.58
 134234.262    40.115     0.82    3.43
 134608.434    38.701    -3.78    3.46
 134982.710    36.971    -4.62    2.89
 135357.089    36.261    -1.90    2.55
 135731.571    36.183    -0.21    2.43
 136106.156    37.284     2.94    3.42
 136480.845    38.234     2.53    3.22
 136855.637    39.512     3.41    3.58
 137230.533    40.560     2.80    5.46
 137605.532    41.335     2.07    7.58
 137980.636    43.150     4.84    8.50
 138355.843    44.128     2.61    8.39
 138731.154    45.009     2.35    7.76
 139106.569    44.412    -1.59    7.39
 139482.088    43.516    -2.39    6.55
 139857.711    42.956    -1.49    5.35
 140233.439    44.398     3.84    5.35
 140609.271    47.732     8.87    6.77
 140985.207    51.264     9.40    6.21
 141361.248    53.319     5.47    4.73
 141737.394    54.541     3.25    3.33
 142113.644    52.845    -4.51    4.65
 142489.999    50.186    -7.07    5.88
 142866.459    46.863    -8.83    6.89
 143243.024    43.171    -9.80    5.79
 143619.694    40.668    -6.65    4.41
 143996.469    40.509    -0.42    5.46
 144373.350    42.171     4.41    6.15
 144750.336    43.010     2.22    5.99
 145127.427    46.415     9.03    6.92
 145504.624    50.949    12.02    8.61
 145881.926    56.128    13.73    9.88
 146259.334    62.860    17.84    8.25
 146636.848    66.519     9.69    5.61
 147014.468    67.887     3.62    4.23
 147392.193    66.870    -2.69    5.17
 147770.025    64.302    -6.80    5.68
 148147.963    60.046   -11.26    6.57
