# NaN NaN NaN ;Mean Elev.(m), Avg Gradient(m/km), RMS Gradient(m/km) - SRTM1     
#   12.746  -1.184   7.806 ;Mean Elev.(m), Avg Gradient(m/km), RMS Gradient(m/km) - ASTER GDEM
#    0.187  -1.813  10.495 ;Mean Elev.(m), Avg Gradient(m/km), RMS Gradient(m/km) - GMTED2010 
  7     3.286 52469.20420467 19.56 105.370156  72.794768 10.094
  7     3.191 52469.20420532 16.60 105.364326  72.791898 10.094
  7     2.533 52469.20420596 17.33 105.358506  72.789028 10.094
  7     2.255 52469.20420661 15.66 105.352676  72.786158 10.094
  7     0.968 52469.20420725 15.57 105.346856  72.783288 10.094
  7     0.488 52469.20420790 15.17 105.341036  72.780418 10.094
  7     0.237 52469.20420854 15.49 105.335226  72.777548 10.094
  7    -0.449 52469.20420919 17.68 105.329406  72.774678 10.094
  7    -1.806 52469.20420983 19.64 105.323596  72.771808 10.094
  7    -1.346 52469.20421048 18.16 105.317776  72.768941 15.655
  7    -0.728 52469.20421112 18.67 105.311966  72.766071 15.655
  7    -0.347 52469.20421176 20.36 105.306166  72.763201 15.655
  7     5.977 52469.20421241 18.65 105.300356  72.760321 15.655
  7     0.712 52469.20421305 19.66 105.294546  72.757451 15.655
  7     1.944 52469.20421370 22.98 105.288746  72.754581 15.655
  8    -1.835 52504.20419335 17.38 105.345833  72.785116  4.946
  8    -2.604 52504.20419400 17.46 105.340013  72.782246  4.946
  8    -2.821 52504.20419464 16.88 105.334193  72.779376  4.946
  8    -2.821 52504.20419529 14.85 105.328373  72.776506  4.946
  8    -2.855 52504.20419593 14.80 105.322563  72.773636  4.946
  8     1.980 52504.20419657 14.17 105.316753  72.770766  4.946
  8    -0.350 52504.20419722 14.40 105.310943  72.767896  4.946
  8     7.990 52504.20419786 14.14 105.305129  72.765022 19.392
  8     9.419 52504.20419851 14.21 105.299329  72.762152 19.392
  8    10.975 52504.20419915 14.44 105.293519  72.759282 19.392
  8    10.861 52504.20419980 16.96 105.287719  72.756412 19.392
 10     0.882 52574.20421836 19.78 105.366837  72.790944  3.175
 10     0.109 52574.20421901 20.30 105.361007  72.788074  3.175
 10    -0.056 52574.20421965 20.54 105.355187  72.785204  3.175
 10    -0.187 52574.20422030 20.71 105.349367  72.782344  3.175
 10    -0.168 52574.20422094 20.90 105.343547  72.779474  3.175
 10    -0.382 52574.20422158 22.15 105.337727  72.776594  3.175
 10    -0.489 52574.20422223 21.83 105.331907  72.773734  3.175
 10    -0.539 52574.20422287 22.04 105.326097  72.770864  3.175
 10    -0.502 52574.20422352 21.41 105.320287  72.767994  3.175
 10    -0.489 52574.20422416 21.46 105.314477  72.765124  3.175
 10    -0.506 52574.20422481 20.90 105.308667  72.762254  3.175
 10    -0.319 52574.20422545 19.95 105.302857  72.759374  3.175
 10    -0.163 52574.20422610 18.83 105.297057  72.756504  3.175
 11     0.855 52609.20417700 13.81 105.369063  72.795339  3.996
 11     0.391 52609.20417764 14.56 105.363233  72.792479  3.996
 11     0.241 52609.20417828 14.78 105.357413  72.789609  3.996
 11     0.490 52609.20417893 15.25 105.351593  72.786739  3.996
 11     0.641 52609.20417957 15.59 105.345764  72.783867  2.667
 11     0.435 52609.20418022 15.72 105.339954  72.780997  2.667
 11     0.614 52609.20418086 16.40 105.334134  72.778127  2.667
 11     0.244 52609.20418151 16.86 105.328314  72.775257  2.667
 11     0.236 52609.20418215 16.84 105.322504  72.772387  2.667
 11     0.043 52609.20418280 17.39 105.316694  72.769517  2.667
 11     0.128 52609.20418344 16.88 105.310884  72.766647  2.667
 11     0.260 52609.20418409 16.13 105.305074  72.763777  2.667
 11     0.113 52609.20418473 15.61 105.299274  72.760907  2.667
 11     0.318 52609.20418538 15.20 105.293464  72.758037  2.667
 11     0.005 52609.20418602 14.60 105.287664  72.755157  2.667
 12     0.047 52644.20417192 14.80 105.362592  72.783277  2.006
 12    -0.046 52644.20417256 15.35 105.356772  72.780407  2.006
 12     0.077 52644.20417321 15.90 105.350952  72.777537  2.006
 12    -0.023 52644.20417385 15.81 105.345131  72.774666  2.702
 12    -0.031 52644.20417450 16.42 105.339311  72.771796  2.702
 12    -0.099 52644.20417514 15.89 105.333501  72.768926  2.702
 12    -0.064 52644.20417579 15.82 105.327691  72.766056  2.702
 12    -0.049 52644.20417643 15.58 105.321881  72.763186  2.702
 12     0.054 52644.20417708 14.66 105.316071  72.760316  2.702
 12     0.128 52644.20417772 14.54 105.310261  72.757446  2.702
 12     6.139 52644.20417837 13.74 105.304461  72.754576  2.702
 13     0.497 52679.20414934 12.62 105.367778  72.794148  2.263
 13     0.193 52679.20414999 13.25 105.361958  72.791278  2.263
 13     0.170 52679.20415063 13.89 105.356128  72.788408  2.263
 13     0.217 52679.20415127 14.11 105.350308  72.785538  2.263
 13     0.221 52679.20415192 14.73 105.344488  72.782668  2.263
 13     0.248 52679.20415256 15.47 105.338668  72.779798  2.263
 13     0.041 52679.20415321 16.06 105.332858  72.776928  2.263
 13    -0.172 52679.20415385 16.31 105.327038  72.774058  2.263
 13    -0.203 52679.20415450 16.11 105.321228  72.771188  2.263
 13    -0.261 52679.20415514 16.58 105.315424  72.768317  3.023
 13    -0.224 52679.20415579 16.34 105.309614  72.765447  3.023
 13    -0.059 52679.20415643 16.05 105.303804  72.762577  3.023
 13     0.232 52679.20415708 14.16 105.298004  72.759707  3.023
 13     0.259 52679.20415772 13.76 105.292194  72.756827  3.023
 13     6.063 52679.20415837 13.62 105.286394  72.753957  3.023
 15     0.935 52749.20421994 10.41 105.339517  72.789488  2.597
 15     0.712 52749.20422059 10.69 105.333696  72.786615  2.184
 15     0.628 52749.20422123 10.78 105.327876  72.783745  2.184
 15     0.452 52749.20422188 11.07 105.322056  72.780875  2.184
 15     0.457 52749.20422252 11.32 105.316246  72.778005  2.184
 15     0.239 52749.20422317 11.60 105.310426  72.775135  2.184
 15     0.274 52749.20422381 11.67 105.304616  72.772265  2.184
 15     0.311 52749.20422446 11.38 105.298806  72.769395  2.184
 15     0.267 52749.20422510 10.83 105.292996  72.766525  2.184
 15     0.473 52749.20422575 10.60 105.287196  72.763655  2.184
 15     0.378 52749.20422639 10.22 105.281386  72.760785  2.184
 15     0.290 52749.20422704 10.11 105.275586  72.757905  2.184
 16     1.756 52784.20416164  6.52 105.374954  72.782326  2.064
 16     1.268 52784.20416229  6.61 105.369138  72.779458  1.793
 16     1.374 52784.20416293  6.48 105.363308  72.776588  1.793
 16     1.048 52784.20416357  6.33 105.357488  72.773718  1.793
 16     1.275 52784.20416422  6.48 105.351678  72.770858  1.793
 16     1.451 52784.20416486  6.08 105.345858  72.767988  1.793
 16     1.712 52784.20416551  5.87 105.340038  72.765118  1.793
 16     2.416 52784.20416615  5.67 105.334228  72.762248  1.793
 16    13.854 52784.20416680  5.36 105.328418  72.759378  1.793
 16    15.786 52784.20416744  5.18 105.322608  72.756508  1.793
 16    18.931 52784.20416809  4.61 105.316798  72.753638  1.793
 17     4.335 52819.20423776 28.95 105.374623  72.784274 18.711
 17     4.083 52819.20423841 18.35 105.368803  72.781404 18.711
 17     3.476 52819.20423905 16.16 105.362974  72.778533 11.994
 17     2.708 52819.20423970 15.34 105.357154  72.775663 11.994
 17     0.772 52819.20424034 15.01 105.351334  72.772793 11.994
 17     6.334 52819.20424099 14.93 105.345524  72.769923 11.994
 17     9.428 52819.20424163 16.42 105.339704  72.767063 11.994
 17    11.466 52819.20424228 14.94 105.333894  72.764193 11.994
 17    12.718 52819.20424292 15.46 105.328084  72.761323 11.994
 17    13.714 52819.20424357 18.07 105.322274  72.758453 11.994
 17     6.172 52819.20424421 24.83 105.316464  72.755583 11.994
 18     0.090 52854.20428662 51.14 105.369849  72.785598 40.636
 18     0.184 52854.20428726 49.59 105.364029  72.782728 40.636
 18     0.043 52854.20428791 51.99 105.358199  72.779858 40.636
 18    -0.012 52854.20428855 53.86 105.352387  72.776988 33.631
 18     0.031 52854.20428919 52.98 105.346567  72.774118 33.631
 18     0.117 52854.20428984 52.04 105.340747  72.771248 33.631
 18     0.149 52854.20429048 52.56 105.334937  72.768378 33.631
 18    -0.011 52854.20429113 53.19 105.329127  72.765508 33.631
 18     0.005 52854.20429177 53.34 105.323317  72.762638 33.631
 18     0.062 52854.20429242 52.65 105.317507  72.759768 33.631
 18     0.125 52854.20429306 51.75 105.311697  72.756898 33.631
 18     0.156 52854.20429371 46.76 105.305897  72.754028 33.631
 20    -0.009 52924.20427366 42.33 105.347918  72.791065 18.431
 20    -0.209 52924.20427430 43.79 105.342098  72.788195 18.431
 20    -0.070 52924.20427494 47.24 105.336278  72.785325 18.431
 20    -0.132 52924.20427559 48.98 105.330458  72.782455 18.431
 20    -0.176 52924.20427623 51.23 105.324639  72.779581 30.487
 20    -0.207 52924.20427688 48.40 105.318829  72.776711 30.487
 20    -0.244 52924.20427752 45.25 105.313019  72.773841 30.487
 20    -0.366 52924.20427817 36.87 105.307209  72.770971 30.487
 20    -0.127 52924.20427881 43.12 105.301399  72.768101 30.487
 20    -0.112 52924.20427946 49.19 105.295589  72.765231 30.487
 20    -0.109 52924.20428010 49.80 105.289779  72.762361 30.487
 20    -0.115 52924.20428075 48.32 105.283979  72.759491 30.487
 20    -0.142 52924.20428139 49.97 105.278179  72.756621 30.487
 21     0.184 52959.20424058 19.85 105.378898  72.784557  2.079
 21     0.184 52959.20424123 20.34 105.373068  72.781687  2.079
 21     0.129 52959.20424187 21.01 105.367248  72.778817  2.079
 21     0.197 52959.20424252 21.57 105.361429  72.775951  3.065
 21     0.062 52959.20424316 21.76 105.355609  72.773081  3.065
 21     0.110 52959.20424380 22.08 105.349789  72.770211  3.065
 21     0.022 52959.20424445 22.03 105.343979  72.767341  3.065
 21     0.082 52959.20424509 21.99 105.338169  72.764471  3.065
 21     0.141 52959.20424574 21.70 105.332359  72.761601  3.065
 21     0.224 52959.20424638 21.43 105.326549  72.758731  3.065
 21     0.191 52959.20424703 20.32 105.320739  72.755861  3.065
 22     0.557 52994.20427146 15.39 105.362990  72.784496  2.905
 22     0.548 52994.20427211 16.25 105.357160  72.781626  2.905
 22     0.486 52994.20427275 16.62 105.351340  72.778766  2.905
 22     0.743 52994.20427340 16.78 105.345530  72.775896  2.905
 22     0.522 52994.20427404 17.46 105.339710  72.773026  2.905
 22     0.836 52994.20427468 17.26 105.333900  72.770156  2.905
 22     0.987 52994.20427533 16.93 105.328080  72.767286  2.905
 22     0.755 52994.20427597 16.97 105.322270  72.764416  2.905
 22     0.870 52994.20427662 16.66 105.316460  72.761546  2.905
 22     0.662 52994.20427726 16.68 105.310660  72.758666  2.905
 22     0.472 52994.20427791 16.78 105.304850  72.755796  2.905
 23     1.157 53029.20423481 12.75 105.349963  72.790457  3.292
 23     0.631 53029.20423545 13.52 105.344145  72.787592  2.251
 23     0.716 53029.20423610 13.62 105.338325  72.784722  2.251
 23     0.425 53029.20423674 13.88 105.332505  72.781852  2.251
 23     0.225 53029.20423739 14.23 105.326695  72.778982  2.251
 23     0.114 53029.20423803 14.54 105.320875  72.776112  2.251
 23     0.244 53029.20423868 13.96 105.315065  72.773242  2.251
 23     0.125 53029.20423932 14.09 105.309255  72.770372  2.251
 23     0.300 53029.20423997 13.36 105.303445  72.767502  2.251
 23     0.584 53029.20424061 13.04 105.297645  72.764632  2.251
 23     0.368 53029.20424126 13.27 105.291835  72.761762  2.251
 23     0.511 53029.20424190 12.71 105.286035  72.758882  2.251
 23     0.311 53029.20424255 11.88 105.280235  72.756012  2.251
 24     0.547 53064.20424291 12.97 105.367651  72.785090  2.741
 24     0.444 53064.20424355 13.49 105.361831  72.782220  2.741
 24     0.273 53064.20424420 13.91 105.356011  72.779360  2.741
 24     0.255 53064.20424484 14.31 105.350191  72.776490  2.741
 24     0.207 53064.20424549 14.69 105.344381  72.773620  2.741
 24     0.210 53064.20424613 14.14 105.338561  72.770750  2.741
 24     0.248 53064.20424678 14.36 105.332751  72.767880  2.741
 24     0.448 53064.20424742 14.06 105.326941  72.765010  2.741
 24     0.379 53064.20424807 13.91 105.321131  72.762140  2.741
 24     0.364 53064.20424871 14.33 105.315321  72.759270  2.741
 24     6.168 53064.20424935 13.18 105.309521  72.756390  2.741
 25     1.115 53099.20425447 11.73 105.343028  72.790216  3.752
 25     1.079 53099.20425511 12.02 105.337208  72.787346  3.752
 25     0.657 53099.20425575 12.50 105.331388  72.784476  3.752
 25     0.593 53099.20425640 12.38 105.325568  72.781606  3.752
 25     0.370 53099.20425704 13.13 105.319758  72.778736  3.752
 25     0.400 53099.20425769 12.84 105.313943  72.775869  2.211
 25     0.609 53099.20425833 12.67 105.308133  72.772999  2.211
 25     0.634 53099.20425898 12.23 105.302323  72.770129  2.211
 25     0.673 53099.20425962 12.06 105.296513  72.767249  2.211
 25     0.701 53099.20426027 11.94 105.290703  72.764379  2.211
 25     0.619 53099.20426091 11.44 105.284903  72.761509  2.211
 25     0.395 53099.20426156 11.28 105.279103  72.758639  2.211
 25     2.078 53099.20426220 10.72 105.273293  72.755769  2.211
 26     0.634 53134.20424185 10.82 105.372116  72.785268  2.265
 26     0.526 53134.20424250 11.10 105.366296  72.782398  2.265
 26     0.337 53134.20424314 10.82 105.360476  72.779538  2.265
 26     0.466 53134.20424379 10.93 105.354656  72.776668  2.265
 26     0.345 53134.20424443 11.12 105.348836  72.773798  2.265
 26     0.756 53134.20424508 11.02 105.343026  72.770928  2.265
 26     1.421 53134.20424572 10.17 105.337206  72.768058  2.265
 26     0.512 53134.20424637 10.50 105.331396  72.765188  2.265
 26     4.605 53134.20424701  9.86 105.325586  72.762318  2.265
 26     4.621 53134.20424766  9.80 105.319776  72.759438  2.265
 26     6.018 53134.20424830 10.17 105.313976  72.756568  2.265
 28     1.454 53204.20431308 17.26 105.365048  72.789720 18.167
 28     2.070 53204.20431372 14.61 105.359228  72.786860 18.167
 28     1.769 53204.20431437 13.53 105.353408  72.783990 18.167
 28     1.144 53204.20431501 13.14 105.347579  72.781119 10.526
 28     0.683 53204.20431566 13.10 105.341769  72.778249 10.526
 28     0.499 53204.20431630 13.15 105.335949  72.775379 10.526
 28     0.719 53204.20431695 12.74 105.330129  72.772509 10.526
 28     0.398 53204.20431759 13.87 105.324319  72.769639 10.526
 28     0.549 53204.20431824 13.32 105.318509  72.766769 10.526
 28    11.426 53204.20431888 12.37 105.312699  72.763899 10.526
 28    12.544 53204.20431953 12.76 105.306889  72.761029 10.526
 28    13.862 53204.20432017 13.06 105.301089  72.758159 10.526
 28    13.995 53204.20432082 14.56 105.295279  72.755289 10.526
 29     0.375 53239.20428099 38.66 105.363460  72.792655 23.990
 29     0.038 53239.20428163 43.32 105.357640  72.789785 23.990
 29    -0.078 53239.20428227 28.85 105.351820  72.786915 23.990
 29    -0.012 53239.20428292 27.14 105.346000  72.784045 23.990
 29     0.137 53239.20428356 19.69 105.340181  72.781177  9.793
 29    -0.282 53239.20428421 22.29 105.334361  72.778307  9.793
 29    -0.319 53239.20428485 21.96 105.328551  72.775437  9.793
 29    -0.413 53239.20428550 22.68 105.322741  72.772567  9.793
 29    -0.144 53239.20428614 24.29 105.316931  72.769697  9.793
 29     0.253 53239.20428679 25.73 105.311121  72.766827  9.793
 29    -0.215 53239.20428743 22.52 105.305311  72.763957  9.793
 29     0.181 53239.20428808 21.88 105.299501  72.761087  9.793
 29     0.329 53239.20428872 24.45 105.293701  72.758217  9.793
 29     1.671 53239.20428937 25.31 105.287901  72.755347  9.793
 30    -0.159 53274.20424507 43.17 105.383153  72.782458 14.686
 30    -0.246 53274.20424572 37.24 105.377333  72.779588 14.686
 30    -0.292 53274.20424636 27.71 105.371503  72.776718 14.686
 30    -0.753 53274.20424701 27.32 105.365683  72.773848 14.686
 30    -1.062 53274.20424765 25.65 105.359863  72.770978 14.686
 30    -1.646 53274.20424830 25.55 105.354053  72.768108 14.686
 30    -1.084 53274.20424894 24.17 105.348233  72.765238 14.686
 30    -0.464 53274.20424959 24.29 105.342423  72.762368 14.686
 30    -0.150 53274.20425023 28.59 105.336603  72.759508 14.686
 30    -0.067 53274.20425088 39.08 105.330803  72.756628 14.686
 30     1.240 53274.20425152 40.41 105.324993  72.753758 14.686
 31     0.744 53309.20429808 18.40 105.366279  72.789041  2.712
 31     0.493 53309.20429873 18.84 105.360449  72.786171  2.712
 31     0.189 53309.20429937 20.48 105.354629  72.783301  2.712
 31    -0.006 53309.20430002 21.12 105.348809  72.780431  2.712
 31     0.048 53309.20430066 21.62 105.342989  72.777561  2.712
 31    -0.029 53309.20430131 21.33 105.337169  72.774691  2.712
 31    -0.048 53309.20430195 21.97 105.331359  72.771825  3.994
 31    -0.175 53309.20430260 22.28 105.325539  72.768955  3.994
 31    -0.192 53309.20430324 21.06 105.319729  72.766085  3.994
 31    -0.221 53309.20430389 20.56 105.313919  72.763215  3.994
 31    -0.284 53309.20430453 19.56 105.308109  72.760345  3.994
 31    -0.326 53309.20430518 18.65 105.302309  72.757475  3.994
 31    -0.414 53309.20430582 18.74 105.296499  72.754605  3.994
 32     1.031 53344.20426331 14.05 105.368104  72.795360  3.407
 32     1.029 53344.20426396 14.56 105.362274  72.792490  3.407
 32     0.901 53344.20426460 14.98 105.356454  72.789620  3.407
 32     0.728 53344.20426525 15.46 105.350624  72.786750  3.407
 32     0.506 53344.20426589 16.26 105.344804  72.783880  3.407
 32     0.283 53344.20426654 16.94 105.338984  72.781010  3.407
 32     0.331 53344.20426718 16.67 105.333174  72.778140  3.407
 32     0.101 53344.20426782 17.13 105.327354  72.775268  4.408
 32     0.145 53344.20426847 17.02 105.321544  72.772398  4.408
 32     0.097 53344.20426911 17.04 105.315734  72.769528  4.408
 32    -0.071 53344.20426976 16.99 105.309924  72.766658  4.408
 32    -0.069 53344.20427040 16.15 105.304114  72.763788  4.408
 32    -0.072 53344.20427105 16.15 105.298304  72.760918  4.408
 32    -0.146 53344.20427169 15.76 105.292504  72.758048  4.408
 32    -0.478 53344.20427234 15.95 105.286704  72.755178  4.408
 33     0.546 53379.20421064 12.90 105.387586  72.784309  2.424
 33     0.440 53379.20421128 13.10 105.381756  72.781439  2.424
 33     0.700 53379.20421193 13.51 105.375936  72.778569  2.424
 33     0.525 53379.20421257 13.95 105.370116  72.775699  2.424
 33     0.394 53379.20421321 14.05 105.364296  72.772829  2.424
 33     0.440 53379.20421386 14.47 105.358476  72.769959  2.424
 33     0.458 53379.20421450 13.82 105.352656  72.767089  2.424
 33     0.380 53379.20421515 13.94 105.346846  72.764229  2.424
 33     0.422 53379.20421579 13.25 105.341026  72.761349  2.424
 33     0.329 53379.20421644 12.95 105.335216  72.758479  2.424
 33     0.346 53379.20421708 12.69 105.329406  72.755609  2.424
 33     0.252 53379.20421773 12.16 105.323606  72.752739  2.424
 34     0.629 53414.20424107 10.65 105.367660  72.788818  2.791
 34     0.790 53414.20424171 11.00 105.361840  72.785948  2.791
 34     0.682 53414.20424236 11.07 105.356020  72.783078  2.791
 34     0.563 53414.20424300 11.55 105.350200  72.780208  2.791
 34     0.540 53414.20424365 11.73 105.344380  72.777338  2.791
 34     0.534 53414.20424429 12.23 105.338564  72.774470  2.184
 34     0.388 53414.20424493 12.48 105.332754  72.771600  2.184
 34     0.293 53414.20424558 12.07 105.326934  72.768730  2.184
 34     0.339 53414.20424622 12.03 105.321124  72.765860  2.184
 34     0.315 53414.20424687 11.36 105.315314  72.762990  2.184
 34     0.293 53414.20424751 11.06 105.309514  72.760120  2.184
 34     0.109 53414.20424816 10.69 105.303704  72.757250  2.184
 34     0.187 53414.20424880 10.64 105.297904  72.754380  2.184
 35     0.611 53449.20423262 10.90 105.382343  72.782227  2.509
 35     0.575 53449.20423327 11.41 105.376513  72.779357  2.509
 35     0.520 53449.20423391 11.42 105.370693  72.776487  2.509
 35     0.494 53449.20423456 11.79 105.364873  72.773617  2.509
 35     0.374 53449.20423520 11.80 105.359053  72.770757  2.509
 35     0.622 53449.20423584 11.39 105.353243  72.767887  2.509
 35     0.443 53449.20423649 11.53 105.347423  72.765017  2.509
 35     0.345 53449.20423713 11.21 105.341610  72.762144  2.363
 35     0.404 53449.20423778 10.91 105.335800  72.759274  2.363
 35     0.283 53449.20423842 10.72 105.329990  72.756404  2.363
 35     0.287 53449.20423907  9.78 105.324180  72.753534  2.363
 37     2.654 53519.20431459  6.87 105.364854  72.790318  2.317
 37     2.335 53519.20431523  6.70 105.359024  72.787448  2.317
 37     1.756 53519.20431588  6.96 105.353204  72.784578  2.317
 37     1.443 53519.20431652  6.97 105.347384  72.781708  2.317
 37     1.277 53519.20431717  7.15 105.341564  72.778838  2.317
 37     1.113 53519.20431781  7.10 105.335752  72.775968  2.081
 37     0.875 53519.20431845  7.19 105.329932  72.773098  2.081
 37     0.944 53519.20431910  7.29 105.324122  72.770228  2.081
 37     0.587 53519.20431974  7.10 105.318312  72.767358  2.081
 37     0.877 53519.20432039  6.52 105.312502  72.764488  2.081
 37     1.781 53519.20432103  6.26 105.306692  72.761618  2.081
 37     0.518 53519.20432168  6.00 105.300892  72.758748  2.081
 37    12.780 53519.20432232  5.93 105.295082  72.755878  2.081
 38     3.032 53554.20433640 24.90 105.365837  72.794254 19.796
 38     2.983 53554.20433704 20.18 105.360017  72.791384 19.796
 38     3.376 53554.20433769 19.19 105.354187  72.788514 19.796
 38     2.414 53554.20433833 18.08 105.348367  72.785644 19.796
 38     2.054 53554.20433898 17.53 105.342547  72.782784 19.796
 38     1.345 53554.20433962 16.87 105.336724  72.779910 13.134
 38     0.745 53554.20434027 16.76 105.330904  72.777040 13.134
 38     0.973 53554.20434091 15.65 105.325094  72.774170 13.134
 38     2.629 53554.20434156 15.30 105.319284  72.771300 13.134
 38     8.878 53554.20434220 14.81 105.313464  72.768430 13.134
 38     4.705 53554.20434285 14.73 105.307654  72.765560 13.134
 38    11.465 53554.20434349 15.33 105.301844  72.762690 13.134
 38     6.043 53554.20434414 16.88 105.296044  72.759820 13.134
 38     6.552 53554.20434478 18.79 105.290234  72.756950 13.134
 38     6.517 53554.20434543 20.19 105.284434  72.754080 13.134
 39     3.091 53589.20428332 16.17 105.364124  72.792636 15.324
 39     2.496 53589.20428397 18.42 105.358304  72.789766 15.324
 39     2.313 53589.20428461 14.90 105.352484  72.786896 15.324
 39     1.813 53589.20428526 13.81 105.346664  72.784026 15.324
 39     0.690 53589.20428590 14.35 105.340844  72.781156 15.324
 39     0.448 53589.20428655 13.91 105.335024  72.778286 15.324
 39     0.102 53589.20428719 15.30 105.329214  72.775416 15.324
 39    -0.062 53589.20428784 16.98 105.323404  72.772546 15.324
 39    -0.452 53589.20428848 18.04 105.317588  72.769675 20.519
 39    -1.290 53589.20428912 19.18 105.311778  72.766805 20.519
 39    -0.178 53589.20428977 18.14 105.305978  72.763935 20.519
 39    -0.147 53589.20429041 20.82 105.300168  72.761055 20.519
 39     0.471 53589.20429106 21.40 105.294368  72.758185 20.519
 39     6.288 53589.20429170 20.37 105.288568  72.755315 20.519
 40     0.106 53624.20426088 51.57 105.372277  72.783309 34.464
 40     0.264 53624.20426152 50.89 105.366451  72.780442 24.360
 40     0.251 53624.20426217 48.09 105.360631  72.777572 24.360
 40     0.253 53624.20426281 41.34 105.354811  72.774702 24.360
 40     0.146 53624.20426346 42.06 105.348991  72.771832 24.360
 40     0.045 53624.20426410 42.92 105.343171  72.768972 24.360
 40     0.235 53624.20426475 48.19 105.337361  72.766102 24.360
 40     0.245 53624.20426539 50.49 105.331541  72.763232 24.360
 40     0.124 53624.20426604 51.24 105.325731  72.760362 24.360
 40     0.195 53624.20426668 50.16 105.319921  72.757492 24.360
 40     0.273 53624.20426733 49.21 105.314111  72.754622 24.360
 41     0.628 53659.20428796 27.22 105.363478  72.783763  2.861
 41     0.535 53659.20428860 29.79 105.357656  72.780889  7.983
 41     0.684 53659.20428925 29.69 105.351836  72.778029  7.983
 41     0.720 53659.20428989 30.72 105.346016  72.775159  7.983
 41     0.790 53659.20429054 32.65 105.340196  72.772289  7.983
 41     0.737 53659.20429118 34.93 105.334386  72.769419  7.983
 41     0.607 53659.20429183 32.04 105.328576  72.766549  7.983
 41     0.706 53659.20429247 32.59 105.322756  72.763679  7.983
 41     0.663 53659.20429312 29.16 105.316956  72.760809  7.983
 41     0.629 53659.20429376 28.89 105.311146  72.757939  7.983
 41     0.618 53659.20429441 28.18 105.305336  72.755069  7.983
 42     0.699 53694.20426377 17.74 105.363115  72.794255  4.238
 42     0.820 53694.20426441 18.51 105.357285  72.791385  4.238
 42     0.683 53694.20426506 19.08 105.351465  72.788515  4.238
 42     0.683 53694.20426570 19.87 105.345645  72.785645  4.238
 42     0.662 53694.20426635 20.31 105.339825  72.782775  4.238
 42     0.991 53694.20426699 20.86 105.334005  72.779905  4.238
 42     0.989 53694.20426764 21.81 105.328195  72.777035  4.238
 42     0.905 53694.20426828 22.19 105.322376  72.774161  3.193
 42     0.728 53694.20427215 19.44 105.287536  72.756941  3.193
 43    -0.145 53729.20418831 15.98 105.342427  72.788623  2.814
 43    -0.127 53729.20418896 17.51 105.336607  72.785753  2.814
 43    -0.254 53729.20418960 18.17 105.330797  72.782883  2.814
 43    -0.423 53729.20419024 19.73 105.324977  72.780013  2.814
 43    -0.353 53729.20419089 20.14 105.319167  72.777143  2.814
 43    -0.333 53729.20419153 20.18 105.313353  72.774271  3.981
 43    -0.232 53729.20419218 20.60 105.307543  72.771401  3.981
 43    -0.114 53729.20419282 20.19 105.301733  72.768531  3.981
 43    -0.093 53729.20419347 20.97 105.295933  72.765661  3.981
 43     0.022 53729.20419411 20.78 105.290123  72.762781  3.981
 43     0.185 53729.20419476 18.13 105.284323  72.759911  3.981
 43     0.206 53729.20419540 18.10 105.278523  72.757041  3.981
 44     0.134 53764.20415082 15.66 105.375021  72.783238  2.490
 44    -0.068 53764.20415146 17.86 105.369201  72.780368  2.490
 44    -0.015 53764.20415211 18.90 105.363380  72.777502  4.937
 44     0.045 53764.20415275 18.62 105.357560  72.774632  4.937
 44    -0.000 53764.20415340 20.11 105.351740  72.771762  4.937
 44     0.126 53764.20415404 19.94 105.345930  72.768892  4.937
 44     0.105 53764.20415469 19.25 105.340110  72.766022  4.937
 44    -0.127 53764.20415533 21.55 105.334300  72.763152  4.937
 44    -0.110 53764.20415598 20.14 105.328490  72.760282  4.937
 44    -0.105 53764.20415662 18.66 105.322680  72.757412  4.937
 44    -0.076 53764.20415726 17.81 105.316880  72.754542  4.937
 45     0.353 53799.20415627 11.16 105.364566  72.795602  2.972
 45    -0.052 53799.20415691 11.69 105.358736  72.792732  2.972
 45     0.362 53799.20415756 12.37 105.352916  72.789862  2.972
 45     0.096 53799.20415820 13.42 105.347096  72.786992  2.972
 45     0.242 53799.20415885 13.58 105.341276  72.784122  2.972
 45     0.106 53799.20415949 14.48 105.335456  72.781252  2.972
 45    -0.056 53799.20416014 15.80 105.329645  72.778378  3.475
 45     0.187 53799.20416078 16.10 105.323825  72.775508  3.475
 45     0.151 53799.20416143 16.39 105.318015  72.772638  3.475
 45     0.285 53799.20416207 16.67 105.312205  72.769768  3.475
 45     0.348 53799.20416272 16.16 105.306395  72.766898  3.475
 45     0.355 53799.20416336 16.00 105.300595  72.764028  3.475
 45     0.480 53799.20416400 15.59 105.294785  72.761158  3.475
 45     0.362 53799.20416465 14.57 105.288985  72.758288  3.475
 45     0.210 53799.20416529 13.66 105.283185  72.755418  3.475
 46     0.345 53834.20415539 11.72 105.378464  72.783120  2.917
 46     0.432 53834.20415604 11.98 105.372644  72.780250  2.917
 46     0.226 53834.20415668 12.17 105.366824  72.777380  2.917
 46     0.268 53834.20415733 13.33 105.361004  72.774510  2.917
 46     0.360 53834.20415797 12.94 105.355184  72.771640  2.917
 46     0.391 53834.20415862 12.72 105.349364  72.768770  2.917
 46     0.218 53834.20415926 13.62 105.343554  72.765910  2.917
 46     0.164 53834.20415991 13.35 105.337734  72.763030  2.917
 46     0.243 53834.20416055 11.96 105.331924  72.760160  2.917
 46     0.255 53834.20416120 11.68 105.326114  72.757290  2.917
 46     0.601 53834.20416184 11.31 105.320304  72.754420  2.917
 47     0.506 53869.20421866 11.52 105.365829  72.785991  2.782
 47     0.231 53869.20421931 12.34 105.360009  72.783121  2.782
 47     0.264 53869.20421995 12.68 105.354189  72.780251  2.782
 47     0.256 53869.20422060 13.20 105.348369  72.777381  2.782
 47     0.080 53869.20422124 14.22 105.342549  72.774511  2.782
 47     0.154 53869.20422188 14.28 105.336729  72.771641  2.782
 47     0.233 53869.20422253 13.79 105.330919  72.768771  2.782
 47     0.153 53869.20422317 14.19 105.325109  72.765901  2.782
 47     0.147 53869.20422382 14.95 105.319299  72.763031  2.782
 47     0.194 53869.20422446 13.40 105.313485  72.760162  2.533
 47     0.205 53869.20422511 13.03 105.307675  72.757292  2.533
 47     0.327 53869.20422575 11.87 105.301875  72.754422  2.533
 48    27.419 53904.20425123  4.82 105.369297  72.791129  5.151
 48     3.647 53904.20425316 20.30 105.351833  72.782520  8.409
 48     3.297 53904.20425380 21.05 105.346013  72.779650  8.409
 48     4.008 53904.20425445 19.65 105.340193  72.776780  8.409
 48     4.303 53904.20425509 20.60 105.334373  72.773910  8.409
 48     4.314 53904.20425574 21.69 105.328563  72.771040  8.409
 48     4.496 53904.20425638 20.79 105.322743  72.768170  8.409
 48     4.692 53904.20425703 22.23 105.316933  72.765300  8.409
 48     4.926 53904.20425767 22.66 105.311133  72.762430  8.409
 48     2.640 53904.20425832 31.05 105.305323  72.759560  8.409
 49     2.246 53939.20428469 26.71 105.369094  72.795335 16.223
 49     3.098 53939.20428533 15.71 105.363264  72.792465 16.223
 49     2.768 53939.20428598 13.79 105.357444  72.789595 16.223
 49     2.255 53939.20428662 14.04 105.351614  72.786735 16.223
 49     1.866 53939.20428727 12.88 105.345794  72.783865 16.223
 49     0.533 53939.20428791 13.61 105.339974  72.780995 16.223
 49     0.341 53939.20428856 14.58 105.334154  72.778125 16.223
 49     0.028 53939.20428920 15.20 105.328334  72.775255 16.223
 49    -0.320 53939.20428985 16.32 105.322524  72.772385 16.223
 49    -1.909 53939.20429049 18.69 105.316714  72.769515 16.223
 49    -0.586 53939.20429114 17.91 105.310894  72.766645 16.223
 49    -0.426 53939.20429178 18.20 105.305084  72.763775 16.223
 49    -0.105 53939.20429242 20.95 105.299283  72.760902 21.262
 49     0.053 53939.20429307 23.28 105.293473  72.758032 21.262
 49     0.526 53939.20429371 25.84 105.287673  72.755162 21.262
 50     0.141 53974.20424621 31.64 105.350771  72.791458 23.580
 50     0.115 53974.20424685 23.43 105.344951  72.788598 23.580
 50     2.240 53974.20424750 16.02 105.339131  72.785718 23.580
 50     1.166 53974.20424814 15.98 105.333311  72.782858 23.580
 50     0.574 53974.20424879 16.49 105.327491  72.779988 23.580
 50     0.058 53974.20424943 16.50 105.321681  72.777118 23.580
 50    -0.493 53974.20425008 19.49 105.315871  72.774238 23.580
 50    -2.117 53974.20425072 21.74 105.310051  72.771368 23.580
 50    -0.817 53974.20425137 20.67 105.304241  72.768498 23.580
 50    -0.664 53974.20425201 21.45 105.298441  72.765628 23.580
 50    -0.093 53974.20425266 23.24 105.292631  72.762758 23.580
 50     0.100 53974.20425330 27.28 105.286831  72.759888 23.580
 50     0.788 53974.20425395 27.40 105.281021  72.757012 35.636
 52     0.098 54044.20425978 22.09 105.372030  72.785164  5.237
 52     0.113 54044.20426042 23.70 105.366210  72.782294  5.237
 52     0.020 54044.20426107 24.01 105.360380  72.779424  5.237
 52     0.090 54044.20426171 25.35 105.354570  72.776554  5.237
 52    -0.038 54044.20426236 25.14 105.348750  72.773684  5.237
 52     0.008 54044.20426300 24.91 105.342930  72.770814  5.237
 52     0.053 54044.20426365 24.80 105.337120  72.767944  5.237
 52    -0.042 54044.20426429 24.71 105.331310  72.765074  5.237
 52     0.037 54044.20426493 24.19 105.325500  72.762204  5.237
 52    -0.019 54044.20426558 22.50 105.319690  72.759334  5.237
 52    -0.035 54044.20426622 20.80 105.313883  72.756463  2.774
 53     0.705 54079.20425212 13.71 105.363414  72.794061  3.767
 53     0.654 54079.20425276 13.90 105.357584  72.791201  3.767
 53     0.726 54079.20425341 14.31 105.351764  72.788331  3.767
 53     0.609 54079.20425405 14.91 105.345944  72.785461  3.767
 53     0.556 54079.20425470 15.64 105.340124  72.782591  3.767
 53     0.402 54079.20425534 16.37 105.334304  72.779721  3.767
 53     0.346 54079.20425599 15.66 105.328494  72.776851  3.767
 53     0.339 54079.20425663 16.13 105.322674  72.773981  3.767
 53     0.179 54079.20425728 15.85 105.316864  72.771111  3.767
 53     0.296 54079.20425792 15.50 105.311054  72.768241  3.767
 53     0.196 54079.20425856 14.98 105.305244  72.765371  3.767
 53    -0.001 54079.20425921 14.52 105.299444  72.762491  3.767
 53     0.149 54079.20425985 13.59 105.293629  72.759622  2.298
 53    -0.121 54079.20426050 13.30 105.287829  72.756752  2.298
 54     0.486 54114.20419014 13.49 105.336959  72.788596  2.494
 54     0.532 54114.20419079 13.76 105.331139  72.785716  2.494
 54     0.415 54114.20419143 14.00 105.325319  72.782846  2.494
 54     0.411 54114.20419208 14.10 105.319509  72.779976  2.494
 54     0.534 54114.20419272 14.24 105.313699  72.777106  2.494
 54     0.405 54114.20419337 14.48 105.307889  72.774236  2.494
 54     0.154 54114.20419401 14.54 105.302069  72.771366  2.494
 54     0.036 54114.20419465 14.14 105.296269  72.768496  2.494
 54     0.038 54114.20419530 14.09 105.290459  72.765626  2.494
 54     0.139 54114.20419594 13.54 105.284659  72.762756  2.494
 54     0.036 54114.20419659 12.63 105.278859  72.759886  2.494
 54    -0.317 54114.20419723 13.21 105.273056  72.757013  2.255
 56     0.485 54184.20417996  9.85 105.341543  72.789363  2.618
 56     0.485 54184.20418061  9.96 105.335723  72.786493  2.618
 56     0.472 54184.20418125 10.22 105.329903  72.783623  2.618
 56     0.347 54184.20418190 10.76 105.324093  72.780753  2.618
 56     0.198 54184.20418254 10.55 105.318273  72.777883  2.618
 56     0.136 54184.20418319 10.42 105.312468  72.775013  2.095
 56    -0.089 54184.20418383 10.63 105.306658  72.772143  2.095
 56    -0.134 54184.20418448 10.75 105.300848  72.769273  2.095
 56    -0.213 54184.20418512 10.95 105.295038  72.766393  2.095
 56     0.121 54184.20418577  9.88 105.289238  72.763523  2.095
 56    -0.055 54184.20418641 10.03 105.283428  72.760653  2.095
 56    -0.399 54184.20418705  9.74 105.277628  72.757783  2.095
 57     0.676 54219.20420965 13.56 105.357733  72.780858  2.936
 57     0.561 54219.20421029 14.51 105.351913  72.777988  2.936
 57     0.389 54219.20421094 13.56 105.346103  72.775118  2.936
 57     0.462 54219.20421158 12.52 105.340283  72.772248  2.936
 57     0.835 54219.20421223 11.91 105.334465  72.769380  1.557
 57     0.966 54219.20421287 11.44 105.328655  72.766510  1.557
 57     1.055 54219.20421351 11.12 105.322845  72.763640  1.557
 57     0.920 54219.20421416 10.48 105.317035  72.760770  1.557
 57     0.761 54219.20421480 10.47 105.311225  72.757900  1.557
 57     0.321 54219.20421545 10.26 105.305415  72.755030  1.557
 58     1.502 54254.20423294 13.43 105.360811  72.787005  2.805
 58     1.266 54254.20423359 14.92 105.354981  72.784135  2.805
 58     1.466 54254.20423423 14.45 105.349161  72.781265  2.805
 58     1.774 54254.20423487 14.12 105.343341  72.778395  2.805
 58     5.489 54254.20423552 13.30 105.337531  72.775525  2.805
 58     6.140 54254.20423616 13.03 105.331711  72.772655  2.805
 58     9.237 54254.20423681 12.92 105.325901  72.769790  2.012
 58    11.824 54254.20423745 12.59 105.320091  72.766920  2.012
 58    14.479 54254.20423810 12.65 105.314281  72.764040  2.012
 58    15.460 54254.20423874 12.44 105.308471  72.761170  2.012
 59     2.903 54289.20423550 17.46 105.366270  72.790466 16.828
 59     2.662 54289.20423614 16.74 105.360450  72.787596 16.828
 59     2.273 54289.20423679 16.00 105.354630  72.784726 16.828
 59     1.513 54289.20423743 16.08 105.348810  72.781856 16.828
 59     1.051 54289.20423808 15.40 105.342990  72.778986 16.828
 59     0.675 54289.20423872 15.83 105.337170  72.776116 16.828
 59     1.163 54289.20423937 15.32 105.331360  72.773246 16.828
 59     2.906 54289.20424001 13.93 105.325540  72.770382 19.159
 59     9.277 54289.20424066 14.71 105.319730  72.767512 19.159
 59    11.069 54289.20424130 14.87 105.313920  72.764632 19.159
 59     5.507 54289.20424195 17.13 105.308120  72.761762 19.159
 59     7.039 54289.20424259 19.33 105.302310  72.758892 19.159
 59     6.368 54289.20424324 26.01 105.296510  72.756022 19.159
 60     3.425 54324.20423280 17.21 105.368304  72.791290 13.462
 60     3.117 54324.20423344 17.34 105.362484  72.788420 13.462
 60     2.385 54324.20423409 15.69 105.356654  72.785550 13.462
 60     1.830 54324.20423473 15.14 105.350834  72.782680 13.462
 60     1.072 54324.20423538 15.75 105.345014  72.779810 13.462
 60     0.316 54324.20423602 16.11 105.339204  72.776940 13.462
 60    -0.023 54324.20423667 17.58 105.333384  72.774070 13.462
 60     1.954 54324.20423731 16.83 105.327572  72.771197 14.700
 60     3.582 54324.20423795 15.57 105.321762  72.768327 14.700
 60     4.556 54324.20423860 15.88 105.315952  72.765457 14.700
 60    12.235 54324.20423924 14.61 105.310142  72.762587 14.700
 60    13.793 54324.20423989 15.51 105.304332  72.759717 14.700
 60     6.178 54324.20424053 18.28 105.298532  72.756847 14.700
 60    13.040 54324.20424118 19.54 105.292732  72.753977 14.700
 61     3.081 54359.20418881 20.19 105.344223  72.790766 18.855
 61     2.846 54359.20418945 18.28 105.338403  72.787896 18.855
 61     2.279 54359.20419010 17.10 105.332583  72.785026 18.855
 61     1.747 54359.20419074 15.24 105.326763  72.782156 18.855
 61     1.256 54359.20419139 15.41 105.320953  72.779286 18.855
 61     0.751 54359.20419203 16.10 105.315133  72.776416 18.855
 61     1.793 54359.20419268 15.60 105.309328  72.773542 21.579
 61     2.128 54359.20419332 17.23 105.303518  72.770672 21.579
 61     3.931 54359.20419397 15.35 105.297708  72.767802 21.579
 61     0.214 54359.20419461 18.43 105.291898  72.764932 21.579
 61     1.140 54359.20419526 19.64 105.286098  72.762052 21.579
 61     0.925 54359.20419590 22.13 105.280298  72.759182 21.579
 61     2.500 54359.20419654 21.45 105.274498  72.756312 21.579
 62     0.435 54394.20417358 23.38 105.366915  72.787989  5.071
 62     0.359 54394.20417423 26.18 105.361095  72.785129  5.071
 62     0.214 54394.20417487 25.86 105.355275  72.782259  5.071
 62     0.100 54394.20417551 26.36 105.349455  72.779389  5.071
 62     0.151 54394.20417616 27.12 105.343636  72.776516  7.078
 62     0.165 54394.20417680 28.61 105.337816  72.773646  7.078
 62     0.263 54394.20417745 29.21 105.332006  72.770776  7.078
 62     0.338 54394.20417809 29.89 105.326196  72.767906  7.078
 62     0.168 54394.20417874 28.74 105.320386  72.765036  7.078
 62     0.205 54394.20417938 27.68 105.314576  72.762166  7.078
 62     0.232 54394.20418003 28.60 105.308766  72.759296  7.078
 62     0.321 54394.20418067 29.48 105.302956  72.756426  7.078
 63     0.836 54429.20413752 12.31 105.367713  72.795994  3.370
 63     0.323 54429.20413817 12.83 105.361893  72.793124  3.370
 63     0.657 54429.20413881 12.96 105.356063  72.790254  3.370
 63     0.517 54429.20413946 13.67 105.350243  72.787384  3.370
 63     0.399 54429.20414010 14.04 105.344423  72.784514  3.370
 63     0.332 54429.20414075 14.46 105.338603  72.781644  3.370
 63     0.155 54429.20414139 14.82 105.332791  72.778773  2.554
 63     0.204 54429.20414204 15.17 105.326971  72.775903  2.554
 63     0.250 54429.20414268 15.63 105.321161  72.773033  2.554
 63     0.236 54429.20414333 15.58 105.315351  72.770163  2.554
 63     0.076 54429.20414397 14.63 105.309541  72.767293  2.554
 63     0.413 54429.20414462 14.68 105.303731  72.764423  2.554
 63     0.291 54429.20414526 14.15 105.297931  72.761553  2.554
 63     5.538 54429.20414591 12.88 105.292121  72.758683  2.554
 63     5.846 54429.20414655 12.83 105.286321  72.755813  2.554
 64     0.157 54464.20415336 12.64 105.366551  72.784197  2.748
 64     0.332 54464.20415400 12.82 105.360731  72.781327  2.748
 64     0.217 54464.20415465 13.41 105.354911  72.778457  2.748
 64     0.151 54464.20415529 14.02 105.349091  72.775586  2.580
 64     0.146 54464.20415594 13.91 105.343271  72.772716  2.580
 64     0.274 54464.20415658 14.47 105.337451  72.769846  2.580
 64     0.239 54464.20415723 13.69 105.331641  72.766976  2.580
 64     0.209 54464.20415787 13.40 105.325831  72.764106  2.580
 64     0.261 54464.20415852 12.38 105.320021  72.761236  2.580
 64     0.244 54464.20415916 11.97 105.314211  72.758366  2.580
 64     5.993 54464.20415981 11.50 105.308411  72.755496  2.580
 65     1.107 54499.20414808 10.55 105.369250  72.795297  2.890
 65     0.819 54499.20414873 10.53 105.363430  72.792427  2.890
 65     0.837 54499.20414937 11.14 105.357600  72.789557  2.890
 65     0.615 54499.20415002 11.94 105.351780  72.786687  2.890
 65     0.560 54499.20415066 11.67 105.345960  72.783817  2.890
 65     0.667 54499.20415131 12.28 105.340140  72.780947  2.890
 65     0.592 54499.20415195 12.65 105.334328  72.778078  2.243
 65     0.517 54499.20415260 12.62 105.328508  72.775208  2.243
 65     0.567 54499.20415324 12.57 105.322698  72.772338  2.243
 65     0.500 54499.20415389 12.87 105.316888  72.769468  2.243
 65     0.500 54499.20415453 11.88 105.311078  72.766598  2.243
 65     0.504 54499.20415518 11.58 105.305268  72.763728  2.243
 65     0.502 54499.20415582 11.14 105.299468  72.760858  2.243
 65     1.842 54499.20415647 11.01 105.293658  72.757988  2.243
 65     6.128 54499.20415711 10.61 105.287858  72.755118  2.243
 66     0.955 54534.20416676  8.46 105.368149  72.788950  2.594
 66     0.693 54534.20416740  8.99 105.362335  72.786076  2.250
 66     0.635 54534.20416805  9.26 105.356505  72.783216  2.250
 66     0.577 54534.20416869  9.46 105.350685  72.780346  2.250
 66     0.341 54534.20416934  9.84 105.344875  72.777476  2.250
 66     0.298 54534.20416998 10.15 105.339055  72.774606  2.250
 66    -0.014 54534.20417063  9.82 105.333235  72.771736  2.250
 66     0.179 54534.20417127  9.72 105.327425  72.768866  2.250
 66     0.172 54534.20417192  9.02 105.321615  72.765996  2.250
 66     0.317 54534.20417256  8.40 105.315805  72.763126  2.250
 66     0.244 54534.20417321  8.19 105.309995  72.760256  2.250
 66     5.581 54534.20417385  8.02 105.304195  72.757376  2.250
 66    13.174 54534.20417450  8.10 105.298385  72.754506  2.250
 67     1.398 54569.20415289  7.86 105.349362  72.791226  2.401
 67     1.286 54569.20415354  8.33 105.343542  72.788356  2.401
 67     1.034 54569.20415418  8.47 105.337722  72.785486  2.401
 67     0.694 54569.20415483  8.83 105.331907  72.782613  2.006
 67     1.013 54569.20415547  8.39 105.326087  72.779743  2.006
 67     0.526 54569.20415612  8.68 105.320277  72.776873  2.006
 67     0.369 54569.20415676  8.96 105.314467  72.774003  2.006
 67     0.145 54569.20415741  9.07 105.308657  72.771133  2.006
 67     0.292 54569.20415805  8.24 105.302847  72.768263  2.006
 67     0.460 54569.20415870  7.82 105.297037  72.765393  2.006
 67     0.403 54569.20415934  7.69 105.291227  72.762523  2.006
 67     0.253 54569.20415998  7.61 105.285427  72.759653  2.006
 67    12.787 54569.20416063  7.54 105.279627  72.756783  2.006
 68     1.932 54604.20416172  6.26 105.363325  72.786660  2.249
 68     2.445 54604.20416236  6.17 105.357492  72.783793  2.001
 68     1.271 54604.20416301  6.23 105.351672  72.780923  2.001
 68     1.160 54604.20416365  6.42 105.345852  72.778053  2.001
 68     0.772 54604.20416430  6.38 105.340042  72.775183  2.001
 68     0.525 54604.20416494  6.19 105.334222  72.772313  2.001
 68     0.628 54604.20416559  6.21 105.328412  72.769443  2.001
 68     0.582 54604.20416623  5.86 105.322602  72.766573  2.001
 68     0.348 54604.20416688  5.75 105.316792  72.763703  2.001
 68    13.179 54604.20416752  5.01 105.310982  72.760833  2.001
 68     5.721 54604.20416817  5.04 105.305172  72.757963  2.001
 68    12.501 54604.20416881  5.04 105.299372  72.755083  2.001
 69    24.972 54639.20417095  5.23 105.368399  72.793494  7.287
 69     3.319 54639.20417288 24.98 105.350933  72.784885  9.055
 69     2.799 54639.20417353 22.76 105.345113  72.782015  9.055
 69     2.188 54639.20417417 20.31 105.339293  72.779145  9.055
 69     1.235 54639.20417482 18.61 105.333473  72.776275  9.055
 69     2.409 54639.20417546 16.98 105.327663  72.773405  9.055
 69     7.429 54639.20417611 16.49 105.321843  72.770535  9.055
 69    10.190 54639.20417675 17.03 105.316033  72.767665  9.055
 69     6.283 54639.20417739 19.17 105.310233  72.764795  9.055
 69     6.013 54639.20417804 20.59 105.304423  72.761925  9.055
 69     7.093 54639.20417868 21.23 105.298613  72.759055  9.055
 69     7.096 54639.20417933 24.54 105.292813  72.756175  9.055
 70     3.016 54674.20417378 16.27 105.367050  72.792360 15.774
 70     1.042 54674.20417442 19.18 105.361230  72.789490 15.774
 70     2.194 54674.20417507 15.45 105.355410  72.786620 15.774
 70     1.698 54674.20417571 15.26 105.349581  72.783750 11.699
 70     0.583 54674.20417636 15.48 105.343761  72.780880 11.699
 70     0.222 54674.20417700 16.21 105.337951  72.778010 11.699
 70    -0.307 54674.20417765 19.24 105.332131  72.775140 11.699
 70    -0.232 54674.20417829 18.82 105.326321  72.772270 11.699
 70    -0.135 54674.20417894 17.18 105.320501  72.769400 11.699
 70    -0.304 54674.20417958 18.57 105.314691  72.766530 11.699
 70    -0.083 54674.20418022 18.23 105.308881  72.763660 11.699
 70     0.004 54674.20418087 21.22 105.303081  72.760790 11.699
 70     5.467 54674.20418151 19.70 105.297271  72.757920 11.699
 70     6.460 54674.20418216 21.22 105.291471  72.755040 11.699
 71     3.169 54709.20413172 15.78 105.356637  72.792210 17.508
 71     2.973 54709.20413237 14.21 105.350817  72.789340 17.508
 71     2.630 54709.20413301 13.69 105.344987  72.786470 17.508
 71     1.939 54709.20413365 14.18 105.339177  72.783600 17.508
 71     1.192 54709.20413430 13.73 105.333352  72.780728 13.152
 71     0.860 54709.20413494 14.34 105.327542  72.777858 13.152
 71     0.636 54709.20413559 13.53 105.321722  72.774988 13.152
 71     1.851 54709.20413623 14.30 105.315912  72.772118 13.152
 71     3.256 54709.20413688 13.64 105.310102  72.769248 13.152
 71     3.883 54709.20413752 15.06 105.304292  72.766378 13.152
 71     4.398 54709.20413817 17.16 105.298492  72.763508 13.152
 71     0.692 54709.20413881 18.52 105.292682  72.760638 13.152
 71     5.881 54709.20413946 19.67 105.286882  72.757768 13.152
 71     6.132 54709.20414010 20.00 105.281082  72.754898 13.152
 72     0.166 54744.20414109 43.31 105.366255  72.787554 17.125
 72    -0.147 54744.20414173 39.98 105.360430  72.784680 31.823
 72    -0.263 54744.20414238 41.45 105.354610  72.781820 31.823
 72    -0.206 54744.20414302 51.29 105.348790  72.778950 31.823
 72    -0.122 54744.20414367 51.58 105.342970  72.776080 31.823
 72    -0.231 54744.20414431 53.14 105.337160  72.773210 31.823
 72    -0.294 54744.20414496 53.46 105.331340  72.770340 31.823
 72    -0.266 54744.20414560 53.15 105.325530  72.767470 31.823
 72    -0.195 54744.20414625 52.54 105.319720  72.764600 31.823
 72    -0.139 54744.20414689 51.97 105.313910  72.761730 31.823
 72    -0.157 54744.20414754 49.84 105.308100  72.758860 31.823
 72    -0.319 54744.20414818 40.82 105.302300  72.755980 31.823
 73     0.502 54779.20411445 18.45 105.368795  72.793841  4.273
 73     0.174 54779.20411510 19.17 105.362975  72.790971  4.273
 73     0.425 54779.20411574 19.59 105.357155  72.788101  4.273
 73     0.394 54779.20411639 20.64 105.351326  72.785232  3.404
 73     0.436 54779.20411703 21.21 105.345506  72.782362  3.404
 73     0.484 54779.20411768 21.07 105.339696  72.779492  3.404
 73     0.275 54779.20411832 21.93 105.333876  72.776622  3.404
 73     0.262 54779.20411897 21.66 105.328066  72.773752  3.404
 73     0.399 54779.20411961 21.60 105.322246  72.770882  3.404
 73     0.296 54779.20412026 20.62 105.316436  72.768012  3.404
 73     0.221 54779.20412090 20.02 105.310626  72.765142  3.404
 73     0.132 54779.20412155 19.96 105.304826  72.762272  3.404
 73     0.153 54779.20412219 18.06 105.299016  72.759402  3.404
 73     0.068 54779.20412283 17.83 105.293216  72.756522  3.404
 73     5.970 54779.20412348 16.89 105.287416  72.753652  3.404
 74     0.559 54814.20413498 15.14 105.366235  72.784317  3.640
 74     0.577 54814.20413563 15.76 105.360415  72.781447  3.640
 74     1.027 54814.20413627 15.66 105.354595  72.778577  3.640
 74     0.524 54814.20413692 16.41 105.348775  72.775707  3.640
 74     0.800 54814.20413756 15.93 105.342955  72.772837  3.640
 74     0.642 54814.20413821 16.05 105.337135  72.769967  3.640
 74     0.555 54814.20413885 16.29 105.331325  72.767097  3.640
 74     0.427 54814.20413950 15.66 105.325515  72.764227  3.640
 74     0.342 54814.20414014 14.83 105.319705  72.761357  3.640
 74     0.071 54814.20414079 14.68 105.313895  72.758487  3.640
 74     0.430 54814.20414143 13.53 105.308092  72.755615  2.339
 75     0.036 54849.20411365 11.95 105.363513  72.793748  2.720
 75    -0.025 54849.20411429 12.76 105.357683  72.790878  2.720
 75     0.480 54849.20411494 12.39 105.351863  72.788008  2.720
 75     0.365 54849.20411558 13.20 105.346043  72.785138  2.720
 75     0.722 54849.20411623 13.70 105.340223  72.782272  6.172
 75     0.252 54849.20411687 14.31 105.334403  72.779402  6.172
 75    -0.378 54849.20411751 16.16 105.328593  72.776532  6.172
 75    -0.110 54849.20411816 16.09 105.322773  72.773662  6.172
 75     0.335 54849.20411880 17.79 105.316963  72.770792  6.172
 76     0.322 54884.20413847 10.04 105.362774  72.785776  2.978
 76     0.646 54884.20413912 10.04 105.356954  72.782906  2.978
 76     0.420 54884.20413976 10.88 105.351134  72.780036  2.978
 76     0.736 54884.20414040 11.19 105.345314  72.777176  2.978
 76     0.730 54884.20414105 11.49 105.339494  72.774306  2.978
 76     0.192 54884.20414169 12.18 105.333674  72.771436  2.978
 76     0.243 54884.20414234 12.69 105.327864  72.768566  2.978
 76     0.576 54884.20414298 12.72 105.322054  72.765696  2.978
 76     0.700 54884.20414363 12.64 105.316244  72.762826  2.978
 76     0.761 54884.20414427 11.89 105.310434  72.759956  2.978
 76     2.081 54884.20414492 13.08 105.304634  72.757076  2.978
 76     2.184 54884.20414556 12.59 105.298824  72.754206  2.978
 77     0.869 54919.20411699  9.73 105.341288  72.790483  2.184
 77     0.702 54919.20411763  9.98 105.335468  72.787613  2.184
 77     0.626 54919.20411827 10.43 105.329650  72.784742  2.355
 77     0.801 54919.20411892 10.07 105.323840  72.781872  2.355
 77     0.549 54919.20411956 10.81 105.318020  72.779002  2.355
 77     0.560 54919.20412021 10.73 105.312210  72.776132  2.355
 77     0.332 54919.20412085 10.42 105.306400  72.773262  2.355
 77     0.773 54919.20412150 10.32 105.300590  72.770392  2.355
 77     0.944 54919.20412214 10.97 105.294780  72.767522  2.355
 77     0.906 54919.20412279 10.46 105.288980  72.764652  2.355
 77     1.660 54919.20412343 10.70 105.283170  72.761782  2.355
 77     0.608 54919.20412408 12.60 105.277370  72.758912  2.355
 78     0.715 54954.20413315  8.91 105.362665  72.785245  2.168
 78     0.887 54954.20413380  8.96 105.356838  72.782378  2.049
 78     1.033 54954.20413444  8.88 105.351018  72.779508  2.049
 78     0.754 54954.20413509  9.03 105.345198  72.776638  2.049
 78     0.670 54954.20413573  9.30 105.339388  72.773768  2.049
 78     0.566 54954.20413637  9.81 105.333568  72.770898  2.049
 78     0.499 54954.20413702  9.11 105.327758  72.768028  2.049
 78     0.430 54954.20413766  8.97 105.321948  72.765158  2.049
 78     1.072 54954.20413831  8.40 105.316138  72.762288  2.049
 78     5.507 54954.20413895  8.14 105.310328  72.759418  2.049
 78     6.104 54954.20413960  8.17 105.304518  72.756548  2.049
 79     4.316 54989.20415607 27.75 105.367929  72.790657 20.229
 79     4.388 54989.20415671 27.04 105.362099  72.787787 20.229
 79     3.586 54989.20415736 27.58 105.356276  72.784921 23.491
 79     0.931 54989.20415800 31.44 105.350456  72.782051 23.491
 79     1.046 54989.20415865 36.75 105.344636  72.779181 23.491
 79     1.036 54989.20415929 43.28 105.338816  72.776311 23.491
 79     1.192 54989.20415994 45.64 105.332996  72.773441 23.491
 79     1.207 54989.20416058 44.86 105.327186  72.770571 23.491
 79     1.116 54989.20416123 40.77 105.321376  72.767701 23.491
 79     1.004 54989.20416187 37.87 105.315566  72.764831 23.491
 79     1.176 54989.20416252 42.39 105.309756  72.761961 23.491
 79     1.073 54989.20416316 39.44 105.303946  72.759091 23.491
 79     6.063 54989.20416381 32.28 105.298146  72.756211 23.491
 80     2.735 55024.20414720 20.27 105.369139  72.794232 17.566
 80     3.101 55024.20414785 14.02 105.363319  72.791362 17.566
 80     2.712 55024.20414849 14.35 105.357489  72.788492 17.566
 80     2.145 55024.20414914 13.54 105.351673  72.785621 10.777
 80     1.549 55024.20414978 13.65 105.345853  72.782751 10.777
 80     1.106 55024.20415043 13.35 105.340033  72.779881 10.777
 80     0.373 55024.20415107 13.29 105.334213  72.777011 10.777
 80     0.382 55024.20415172 14.50 105.328403  72.774141 10.777
 80    -0.184 55024.20415236 16.36 105.322583  72.771271 10.777
 80    -0.169 55024.20415301 16.22 105.316773  72.768401 10.777
 80    -0.436 55024.20415365 17.75 105.310963  72.765531 10.777
 80     0.025 55024.20415429 18.12 105.305163  72.762661 10.777
 80     5.282 55024.20415494 20.87 105.299353  72.759791 10.777
 80     6.109 55024.20415558 20.38 105.293553  72.756911 10.777
 80     6.625 55024.20415623 16.63 105.287753  72.754041 10.777
 81     0.112 55059.20414245 36.53 105.365486  72.791179 19.456
 81     0.066 55059.20414309 25.52 105.359666  72.788309 19.456
 81    -0.291 55059.20414374 22.42 105.353836  72.785439 19.456
 81    -0.258 55059.20414438 17.84 105.348023  72.782566 12.128
 81    -0.202 55059.20414503 16.16 105.342203  72.779696 12.128
 81    -0.176 55059.20414567 15.50 105.336383  72.776826 12.128
 81    -0.463 55059.20414632 17.33 105.330573  72.773956 12.128
 81    -0.568 55059.20414696 17.57 105.324753  72.771086 12.128
 81    -0.563 55059.20414761 17.82 105.318943  72.768216 12.128
 81    -0.642 55059.20414825 17.35 105.313133  72.765346 12.128
 81    -0.225 55059.20414890 16.92 105.307323  72.762476 12.128
 81    -0.048 55059.20414954 20.33 105.301523  72.759606 12.128
 81     5.810 55059.20415019 21.45 105.295713  72.756736 12.128
 81     6.464 55059.20415083 23.19 105.289913  72.753856 12.128
 82     0.919 55094.20409666 49.17 105.343206  72.789886 27.061
 82     0.870 55094.20409730 50.33 105.337386  72.787016 27.061
 82     0.869 55094.20409795 50.81 105.331566  72.784146 27.061
 82     0.869 55094.20409859 50.93 105.325757  72.781271 41.852
 82     0.813 55094.20409924 50.88 105.319937  72.778401 41.852
 82     0.842 55094.20409988 50.72 105.314127  72.775531 41.852
 82     0.810 55094.20410053 51.39 105.308317  72.772661 41.852
 82     0.742 55094.20410117 50.98 105.302507  72.769791 41.852
 82     0.690 55094.20410182 51.56 105.296697  72.766921 41.852
 82     0.661 55094.20410246 51.90 105.290897  72.764051 41.852
 82     0.596 55094.20410311 52.59 105.285087  72.761181 41.852
 82     0.643 55094.20410375 52.76 105.279287  72.758311 41.852
 82     0.702 55094.20410439 51.12 105.273487  72.755441 41.852
 83    -0.091 55129.20408428 34.33 105.366758  72.788722  9.694
 83    -0.081 55129.20408492 36.61 105.360927  72.785849 12.662
 83    -0.194 55129.20408557 38.50 105.355107  72.782989 12.662
 83    -0.125 55129.20408621 37.44 105.349287  72.780119 12.662
 83    -0.065 55129.20408686 37.86 105.343467  72.777249 12.662
 83     0.049 55129.20408750 37.41 105.337657  72.774379 12.662
 83     0.146 55129.20408815 36.75 105.331837  72.771509 12.662
 83     0.028 55129.20408879 38.78 105.326027  72.768639 12.662
 83     0.013 55129.20408943 38.43 105.320217  72.765769 12.662
 83     0.033 55129.20409008 38.86 105.314407  72.762899 12.662
 83     0.038 55129.20409072 38.45 105.308597  72.760029 12.662
 83    -0.067 55129.20409137 40.44 105.302797  72.757149 12.662
 83    -0.144 55129.20409201 37.86 105.296987  72.754279 12.662
 84     0.901 55164.20405688 21.38 105.368706  72.794729  2.641
 84     0.928 55164.20405753 21.64 105.362876  72.791859  2.641
 84     0.831 55164.20405817 22.51 105.357056  72.788989  2.641
 84     0.457 55164.20405882 22.29 105.351236  72.786119  2.641
 84     0.306 55164.20405946 22.61 105.345416  72.783249  2.641
 84     0.058 55164.20406011 23.19 105.339589  72.780383  3.356
 84    -0.026 55164.20406075 23.81 105.333779  72.777513  3.356
 84     0.006 55164.20406140 24.13 105.327959  72.774643  3.356
 84    -0.028 55164.20406204 24.19 105.322149  72.771773  3.356
 84     0.019 55164.20406269 24.31 105.316339  72.768903  3.356
 84     0.069 55164.20406333 24.01 105.310529  72.766033  3.356
 84     0.137 55164.20406398 23.52 105.304719  72.763163  3.356
 84     0.184 55164.20406462 22.75 105.298919  72.760293  3.356
 84     0.258 55164.20406527 22.47 105.293109  72.757423  3.356
 84     0.257 55164.20406591 21.39 105.287309  72.754553  3.356
 85     0.447 55199.20407653 21.38 105.362597  72.784585  3.604
 85     0.316 55199.20407717 21.76 105.356777  72.781715  3.604
 85     0.103 55199.20407782 21.93 105.350957  72.778855  3.604
 85    -0.081 55199.20407846 22.92 105.345137  72.775985  3.604
 85    -0.205 55199.20407910 22.81 105.339327  72.773115  3.604
 85    -0.273 55199.20407975 22.70 105.333507  72.770245  3.604
 85    -0.239 55199.20408039 22.43 105.327697  72.767375  3.604
 85    -0.211 55199.20408104 22.11 105.321887  72.764505  3.604
 85    -0.107 55199.20408168 21.55 105.316077  72.761635  3.604
 85     0.003 55199.20408233 20.52 105.310267  72.758765  3.604
 85     5.971 55199.20408297 19.34 105.304467  72.755885  3.604
 87     0.598 55269.20407032 16.61 105.366860  72.789316  2.500
 87     0.497 55269.20407097 16.85 105.361044  72.786442  4.094
 87     0.359 55269.20407161 17.59 105.355214  72.783582  4.094
 87     0.237 55269.20407226 17.26 105.349394  72.780712  4.094
 87     0.169 55269.20407290 18.17 105.343584  72.777842  4.094
 87     0.074 55269.20407355 18.61 105.337764  72.774972  4.094
 87     0.043 55269.20407419 18.98 105.331944  72.772102  4.094
 87     0.022 55269.20407484 19.86 105.326134  72.769232  4.094
 87    -0.083 55269.20407548 20.16 105.320324  72.766362  4.094
 87     0.085 55269.20407612 19.89 105.314514  72.763492  4.094
 87     0.116 55269.20407677 20.52 105.308704  72.760622  4.094
 87     0.262 55269.20407741 19.44 105.302904  72.757742  4.094
 87     6.318 55269.20407806 18.27 105.297094  72.754872  4.094
 88     0.846 55304.20404364 14.28 105.345078  72.789767  4.468
 88     0.970 55304.20404429 14.18 105.339258  72.786897  4.468
 88     0.665 55304.20404493 14.93 105.333431  72.784024  2.719
 88     0.354 55304.20404558 15.54 105.327621  72.781154  2.719
 88     0.427 55304.20404622 15.90 105.321801  72.778284  2.719
 88     0.276 55304.20404687 16.49 105.315991  72.775414  2.719
 88     0.394 55304.20404751 16.57 105.310181  72.772544  2.719
 88     0.341 55304.20404816 16.35 105.304371  72.769674  2.719
 88     0.560 55304.20404880 15.86 105.298561  72.766804  2.719
 88     0.521 55304.20404945 15.75 105.292761  72.763934  2.719
 88     1.233 55304.20405009 15.20 105.286951  72.761064  2.719
 88     1.688 55304.20405074 14.48 105.281151  72.758194  2.719
 88     0.320 55304.20405138 14.38 105.275351  72.755314  2.719
 89    32.468 55339.20404251  2.96 105.365947  72.790184  2.972
 89    29.779 55339.20404315  2.09 105.360127  72.787314  2.972
 89    25.854 55339.20404380  1.83 105.354307  72.784444  2.972
 89    23.489 55339.20404444  2.95 105.348479  72.781572  9.796
 89     1.394 55339.20404573 21.10 105.336849  72.775832  9.796
 89     1.088 55339.20404638 23.35 105.331029  72.772962  9.796
 89     1.324 55339.20404702 24.38 105.325219  72.770092  9.796
 89     1.260 55339.20404767 24.92 105.319409  72.767222  9.796
 89     1.371 55339.20404831 25.74 105.313599  72.764352  9.796
 89     1.371 55339.20404896 29.11 105.307789  72.761482  9.796
 89     1.237 55339.20404960 35.35 105.301989  72.758612  9.796
 89     1.459 55339.20405024 36.48 105.296179  72.755742  9.796
 90     4.053 55374.20403329 29.93 105.370089  72.794443 15.066
 90     4.041 55374.20403393 27.93 105.364259  72.791573 15.066
 90     4.047 55374.20403458 24.03 105.358439  72.788703 15.066
 90     3.661 55374.20403522 21.02 105.352619  72.785834  8.077
 90     3.056 55374.20403587 20.77 105.346799  72.782964  8.077
 90     1.931 55374.20403651 20.70 105.340979  72.780094  8.077
 90     0.917 55374.20403716 20.55 105.335159  72.777224  8.077
 90     0.977 55374.20403780 19.42 105.329349  72.774354  8.077
 90     2.215 55374.20403845 19.24 105.323539  72.771484  8.077
 90     3.310 55374.20403909 19.27 105.317719  72.768614  8.077
 90    10.398 55374.20403974 18.81 105.311919  72.765744  8.077
 90    11.311 55374.20404038 19.67 105.306109  72.762874  8.077
 90    11.149 55374.20404103 21.90 105.300299  72.760004  8.077
 90    12.216 55374.20404167 22.95 105.294499  72.757124  8.077
 90     6.402 55374.20404231 24.75 105.288699  72.754254  8.077
 91     0.103 55409.20405644 41.90 105.362305  72.784527 17.122
 91     0.002 55409.20405708 51.47 105.356485  72.781657 17.122
 91     0.079 55409.20405773 34.97 105.350665  72.778787 17.122
 91    -0.323 55409.20405837 29.77 105.344845  72.775917 17.122
 91    -0.072 55409.20405902 25.18 105.339035  72.773047 17.122
 91    -0.050 55409.20405966 28.14 105.333215  72.770177 17.122
 91    -0.025 55409.20406030 29.54 105.327405  72.767307 17.122
 91    -0.183 55409.20406095 22.35 105.321595  72.764437 17.122
 91    -0.472 55409.20406159 22.06 105.315785  72.761567 17.122
 91    -0.189 55409.20406224 21.89 105.309975  72.758697 17.122
 91     0.168 55409.20406288 28.54 105.304175  72.755817 17.122
 92     3.018 55444.20405063 20.82 105.369184  72.793370 15.699
 92     3.310 55444.20405127 16.80 105.363364  72.790510 15.699
 92     2.862 55444.20405192 16.50 105.357534  72.787640 15.699
 92     2.237 55444.20405256 16.18 105.351714  72.784770 15.699
 92     1.583 55444.20405321 15.24 105.345895  72.781897 10.476
 92     0.903 55444.20405385 15.48 105.340075  72.779027 10.476
 92     0.189 55444.20405450 16.60 105.334265  72.776157 10.476
 92     0.162 55444.20405514 16.53 105.328445  72.773287 10.476
 92    -0.473 55444.20405579 17.22 105.322635  72.770417 10.476
 92     2.477 55444.20405643 17.40 105.316825  72.767547 10.476
 92     4.663 55444.20405707 17.76 105.311015  72.764677 10.476
 92    12.438 55444.20405772 16.52 105.305205  72.761807 10.476
 92     5.442 55444.20405836 20.03 105.299395  72.758937 10.476
 92     5.931 55444.20405901 24.09 105.293595  72.756067 10.476
 93     0.186 55479.20398921 27.12 105.339863  72.789478  4.020
 93     0.171 55479.20398985 28.48 105.334043  72.786608  4.020
 93     0.176 55479.20399050 30.21 105.328223  72.783738  4.020
 93     0.277 55479.20399114 31.05 105.322407  72.780872  6.692
 93     0.412 55479.20399178 31.90 105.316597  72.778002  6.692
 93     0.394 55479.20399243 31.16 105.310787  72.775122  6.692
 93     0.465 55479.20399307 32.47 105.304977  72.772252  6.692
 93     0.488 55479.20399372 32.90 105.299167  72.769382  6.692
 93     0.361 55479.20399436 31.40 105.293367  72.766512  6.692
 93     0.269 55479.20399501 28.80 105.287557  72.763642  6.692
 93     0.213 55479.20399565 26.44 105.281757  72.760772  6.692
 93     5.083 55479.20399630 23.20 105.275957  72.757902  6.692
