# NaN NaN NaN ;Mean Elev.(m), Avg Gradient(m/km), RMS Gradient(m/km) - SRTM1     
#  -12.140  -1.424   4.318 ;Mean Elev.(m), Avg Gradient(m/km), RMS Gradient(m/km) - ASTER GDEM
#   10.992  -2.450   9.762 ;Mean Elev.(m), Avg Gradient(m/km), RMS Gradient(m/km) - GMTED2010 
  7     1.706 52459.55738935 50.37 102.397936  71.752485 47.067
  7     1.708 52459.55739000 52.53 102.392706  71.755405 47.067
  7     1.706 52459.55739064 50.97 102.387476  71.758325 47.067
  7     1.725 52459.55739129 50.59 102.382246  71.761245 47.067
  7     1.740 52459.55739193 50.60 102.377006  71.764165 47.067
  7     1.756 52459.55739258 51.85 102.371776  71.767085 47.067
  7     1.754 52459.55739322 51.41 102.366536  71.770005 47.067
  7     1.715 52459.55739387 49.75 102.361296  71.772925 47.067
  7     1.706 52459.55739451 41.26 102.356056  71.775845 47.067
  7     1.582 52459.55739516 26.08 102.350816  71.778755 47.067
  9     4.014 52529.55735885 22.55 102.397688  71.737950 15.869
  9     7.241 52529.55735950 14.70 102.392468  71.740870 15.869
  9     9.113 52529.55736014 14.31 102.387238  71.743790 15.869
  9     9.255 52529.55736079 14.27 102.382018  71.746710 15.869
  9    10.699 52529.55736143 15.81 102.376788  71.749630 15.869
 10     0.215 52564.55738232 25.98 102.397198  71.749745  8.010
 10     0.287 52564.55738296 26.17 102.391968  71.752665  8.010
 10     0.327 52564.55738361 26.49 102.386738  71.755585  8.010
 10     0.346 52564.55738425 24.79 102.381508  71.758505  8.010
 10     0.253 52564.55738490 24.28 102.376268  71.761425  8.010
 10     0.254 52564.55738554 24.78 102.371038  71.764345  8.010
 10     0.246 52564.55738619 24.31 102.365798  71.767265  8.010
 10     0.332 52564.55738683 24.69 102.360568  71.770185  8.010
 10     0.314 52564.55738748 25.09 102.355328  71.773095  8.010
 10     0.436 52564.55738812 26.43 102.350082  71.776017  5.465
 10     0.349 52564.55738877 24.57 102.344842  71.778937  5.465
 11     2.716 52599.55741027 20.72 102.396544  71.752749  4.634
 11     2.859 52599.55741091 20.54 102.391324  71.755669  4.634
 11     0.918 52599.55741156 21.23 102.386094  71.758589  4.634
 11     1.475 52599.55741220 21.16 102.380864  71.761509  4.634
 11     2.938 52599.55741285 20.73 102.375634  71.764429  4.634
 11     2.849 52599.55741349 20.88 102.370394  71.767349  4.634
 11     1.763 52599.55741413 21.03 102.365164  71.770269  4.634
 11     5.212 52599.55741478 20.67 102.359924  71.773189  4.634
 11     0.254 52599.55741542 21.30 102.354684  71.776109  4.634
 11     4.662 52599.55741607 19.72 102.349444  71.779029  4.634
 12     3.409 52634.55736261 17.24 102.398051  71.742238  3.487
 12     2.961 52634.55736325 17.56 102.392831  71.745158  3.487
 12     2.987 52634.55736390 16.37 102.387601  71.748078  3.487
 12     2.690 52634.55736454 16.46 102.382371  71.750998  3.487
 12     2.684 52634.55736519 17.21 102.377141  71.753918  3.487
 12     3.199 52634.55736583 16.91 102.371911  71.756838  3.487
 12     3.567 52634.55736648 16.67 102.366681  71.759758  3.487
 13     3.079 52669.55737556 15.58 102.396813  71.751884  2.994
 13     2.220 52669.55737621 15.88 102.391583  71.754804  2.994
 13     2.312 52669.55737685 15.75 102.386363  71.757724  2.994
 13     3.593 52669.55737750 15.54 102.381123  71.760644  2.994
 13     4.086 52669.55737814 15.27 102.375893  71.763564  2.994
 13     3.464 52669.55737879 15.32 102.370663  71.766484  2.994
 13     6.541 52669.55737943 14.97 102.365423  71.769404  2.994
 13     6.325 52669.55738008 15.20 102.360183  71.772324  2.994
 13     7.173 52669.55738072 13.85 102.354953  71.775244  2.994
 13     7.857 52669.55738136 13.61 102.349713  71.778154  2.994
 13     8.728 52669.55738201 13.66 102.344463  71.781074  2.994
 14     2.895 52704.55736067 14.61 102.397151  71.746182  3.040
 14     2.886 52704.55736131 14.24 102.391931  71.749102  3.040
 14     2.649 52704.55736196 15.02 102.386701  71.752022  3.040
 14     2.812 52704.55736260 15.09 102.381471  71.754942  3.040
 14     3.051 52704.55736325 15.20 102.376231  71.757862  3.040
 14     2.497 52704.55736389 15.20 102.371001  71.760782  3.040
 14     3.412 52704.55736454 14.44 102.365771  71.763702  3.040
 14     4.844 52704.55736518 14.50 102.360531  71.766622  3.040
 14     5.084 52704.55736583 13.94 102.355291  71.769542  3.040
 14     5.582 52704.55736647 13.78 102.350051  71.772452  3.040
 14     6.817 52704.55736711 13.31 102.344811  71.775372  3.040
 15     3.061 52739.55739872 12.92 102.396240  71.755948  2.417
 15     3.102 52739.55739936 12.77 102.391020  71.758868  2.417
 15     3.488 52739.55740001 13.17 102.385790  71.761798  2.417
 15     6.605 52739.55740065 12.21 102.380550  71.764708  2.417
 15     7.122 52739.55740130 12.53 102.375320  71.767628  2.417
 15     7.695 52739.55740194 11.97 102.370080  71.770548  2.417
 15     7.297 52739.55740259 11.65 102.364850  71.773468  2.417
 15     8.352 52739.55740323 10.85 102.359610  71.776388  2.417
 15    11.086 52739.55740388 10.54 102.354370  71.779308  2.417
 16     0.401 52774.55735095 14.62 102.385840  71.771981  5.232
 16     0.243 52774.55735159 14.99 102.380600  71.774901  5.232
 17     8.131 52809.55741807 20.85 102.398112  71.740183 18.224
 17     8.341 52809.55741871 20.02 102.392882  71.743103 18.224
 17     8.944 52809.55741935 20.85 102.387662  71.746023 18.224
 17     9.525 52809.55742000 21.32 102.382432  71.748943 18.224
 17     9.683 52809.55742064 20.75 102.377202  71.751863 18.224
 17     9.698 52809.55742129 20.87 102.371972  71.754783 18.224
 18     3.950 52844.55747486 20.51 102.398816  71.741498 13.258
 18     3.991 52844.55747550 21.66 102.393586  71.744418 13.258
 18     8.720 52844.55747614 15.89 102.388366  71.747338 13.258
 18     9.323 52844.55747679 16.53 102.383136  71.750258 13.258
 18     2.456 52844.55747743 17.01 102.377906  71.753178 13.258
 18     2.040 52844.55747808 17.77 102.372676  71.756098 13.258
 18     6.819 52844.55747872 18.55 102.367436  71.759018 13.258
 19     3.708 52879.55751359 21.18 102.399148  71.746915 17.351
 19     1.703 52879.55751424 20.02 102.393928  71.749835 17.351
 19     8.954 52879.55751488 18.34 102.388698  71.752755 17.351
 19     8.981 52879.55751553 18.05 102.383468  71.755675 17.351
 19     8.693 52879.55751617 17.71 102.378238  71.758595 17.351
 19     8.111 52879.55751682 18.91 102.373008  71.761515 17.351
 19     7.225 52879.55751746 21.90 102.367768  71.764435 17.351
 19     7.329 52879.55751811 21.51 102.362538  71.767355 17.351
 19     5.922 52879.55751875 25.36 102.357298  71.770275 17.351
 19     9.945 52879.55751940 23.54 102.352058  71.773195 17.351
 19    11.017 52879.55752004 18.89 102.346818  71.776105 17.351
 19    11.061 52879.55752068 23.07 102.341575  71.779028 15.854
 20     2.995 52914.55747444 21.38 102.394398  71.764232  9.200
 20     2.625 52914.55747509 20.22 102.389168  71.767152  9.200
 20     4.963 52914.55747573 19.86 102.383928  71.770072  9.200
 20     7.287 52914.55747637 17.46 102.378698  71.772992  9.200
 20    12.352 52914.55747702 16.78 102.373458  71.775912  9.200
 20    12.961 52914.55747766 16.24 102.368218  71.778832  9.200
 21     0.315 52949.55742963 27.51 102.394962  71.741791  7.185
 21     0.259 52949.55743028 28.31 102.389732  71.744711  7.185
 21     0.357 52949.55743092 26.20 102.384502  71.747631  7.185
 21     0.302 52949.55743156 26.13 102.379272  71.750551  7.185
 21     0.398 52949.55743221 24.81 102.374042  71.753471  7.185
 21     1.045 52949.55743285 23.77 102.368812  71.756391  7.185
 22     2.389 52984.55745832 20.31 102.396481  71.752191  3.833
 22     2.900 52984.55745896 19.84 102.391251  71.755111  3.833
 22     2.542 52984.55745961 19.46 102.386021  71.758031  3.833
 22     2.210 52984.55746025 19.25 102.380791  71.760951  3.833
 22     3.347 52984.55746090 19.29 102.375551  71.763871  3.833
 22     4.425 52984.55746154 18.98 102.370321  71.766791  3.833
 22     5.217 52984.55746219 18.35 102.365085  71.769711  2.847
 22     6.883 52984.55746283 17.75 102.359845  71.772621  2.847
 22     7.000 52984.55746348 17.66 102.354605  71.775541  2.847
 22     8.660 52984.55746412 16.86 102.349365  71.778461  2.847
 23     3.166 53019.55745112 16.90 102.395770  71.759573  2.643
 23     3.821 53019.55745177 16.32 102.390540  71.762493  2.643
 23     5.130 53019.55745241 15.96 102.385310  71.765413  2.643
 23     5.901 53019.55745306 15.21 102.380070  71.768333  2.643
 23     6.728 53019.55745370 15.71 102.374840  71.771253  2.643
 23     7.196 53019.55745435 14.76 102.369600  71.774173  2.643
 23     9.149 53019.55745499 14.24 102.364360  71.777093  2.643
 24     3.296 53054.55743429 16.31 102.395575  71.747741  2.892
 24     2.703 53054.55743494 16.60 102.390345  71.750661  2.892
 24     2.884 53054.55743558 16.11 102.385115  71.753581  2.892
 24     2.561 53054.55743623 16.69 102.379885  71.756501  2.892
 24     2.311 53054.55743687 16.53 102.374655  71.759421  2.892
 24     4.405 53054.55743752 16.39 102.369415  71.762341  2.892
 24     5.045 53054.55743816 15.75 102.364185  71.765261  2.892
 24     5.003 53054.55743881 15.62 102.358945  71.768181  2.892
 24     5.409 53054.55743945 14.69 102.353705  71.771101  2.892
 24     6.308 53054.55744010 14.68 102.348465  71.774021  2.892
 24     6.568 53054.55744074 14.63 102.343225  71.776931  2.892
 25     4.415 53089.55747323 15.30 102.395604  71.757039  2.726
 25     2.723 53089.55747388 15.24 102.390384  71.759959  2.726
 25     2.750 53089.55747452 14.95 102.385154  71.762879  2.726
 25     6.904 53089.55747517 14.43 102.379914  71.765799  2.726
 25     7.482 53089.55747581 14.23 102.374684  71.768719  2.726
 25     7.409 53089.55747646 14.12 102.369454  71.771639  2.726
 25     7.304 53089.55747710 13.84 102.364214  71.774559  2.726
 25     8.385 53089.55747774 13.02 102.358974  71.777479  2.726
 25     9.883 53089.55747839 12.98 102.353744  71.780399  2.726
 26     3.937 53124.55744140 15.48 102.397609  71.744710  2.712
 26     3.388 53124.55744204 15.31 102.392379  71.747630  2.712
 26     3.013 53124.55744269 15.64 102.387159  71.750550  2.712
 26     2.810 53124.55744333 15.54 102.381929  71.753470  2.712
 26     2.957 53124.55744398 15.69 102.376699  71.756390  2.712
 26     3.244 53124.55744462 15.71 102.371459  71.759310  2.712
 26     4.153 53124.55744526 15.63 102.366229  71.762230  2.712
 26     4.234 53124.55744591 14.63 102.360989  71.765150  2.712
 26     6.018 53124.55744655 14.56 102.355759  71.768070  2.712
 26     7.308 53124.55744720 14.25 102.350519  71.770990  2.712
 26     7.626 53124.55744784 13.62 102.345279  71.773910  2.712
 27     7.445 53159.55750105  9.33 102.397897  71.744767  3.703
 27     6.080 53159.55750169 12.99 102.392667  71.747687  3.703
 27     5.951 53159.55750234 16.69 102.387437  71.750607  3.703
 27     5.643 53159.55750298 12.13 102.382217  71.753527  3.703
 27     6.338 53159.55750363 10.09 102.376987  71.756447  3.703
 27     8.567 53159.55750427 10.36 102.371747  71.759367  3.703
 27     8.119 53159.55750491 11.25 102.366517  71.762287  3.703
 27     8.811 53159.55750556  9.98 102.361287  71.765207  3.703
 27     9.253 53159.55750620 10.28 102.356047  71.768127  3.703
 27     9.799 53159.55750685  9.89 102.350807  71.771047  3.703
 27     7.478 53159.55750749 10.52 102.345567  71.773967  3.703
 28     9.398 53194.55749809 17.51 102.398141  71.753598 11.177
 28     9.273 53194.55749873 17.84 102.392911  71.756518 11.177
 28     9.124 53194.55749937 18.00 102.387681  71.759438 11.177
 28     9.076 53194.55750002 18.48 102.382451  71.762358 11.177
 28     9.810 53194.55750066 18.39 102.377211  71.765278 11.177
 28     9.815 53194.55750131 18.37 102.371981  71.768198 11.177
 28    11.055 53194.55750195 17.97 102.366741  71.771118 11.177
 28    12.862 53194.55750260 19.44 102.361501  71.774038 11.177
 28    13.108 53194.55750324 20.16 102.356261  71.776948 11.177
 28    11.592 53194.55750389 24.17 102.351026  71.779874 15.741
 29     6.927 53229.55748949 18.23 102.396146  71.757718 12.575
 29     5.972 53229.55749014 18.10 102.390916  71.760638 12.575
 29     7.982 53229.55749078 18.67 102.385686  71.763558 12.575
 29     6.390 53229.55749142 19.06 102.380456  71.766478 12.575
 29     7.377 53229.55749207 18.91 102.375216  71.769398 12.575
 29    10.282 53229.55749271 17.21 102.369976  71.772318 12.575
 29    12.515 53229.55749336 16.05 102.364746  71.775238 12.575
 29    12.852 53229.55749400 17.53 102.359506  71.778158 12.575
 30     0.751 53264.55746236 45.12 102.393206  71.765626 30.566
 30     0.704 53264.55746301 45.32 102.387976  71.768546 30.566
 30     0.705 53264.55746365 34.46 102.382746  71.771466 30.566
 30     0.670 53264.55746430 33.73 102.377506  71.774386 30.566
 30    11.153 53264.55746494 19.42 102.372276  71.777306 30.566
 31    -0.117 53299.55750307 29.41 102.398649  71.739393 10.523
 31     0.020 53299.55750372 28.59 102.393419  71.742313 10.523
 31    -0.068 53299.55750436 29.93 102.388199  71.745233 10.523
 31     0.034 53299.55750501 29.05 102.382969  71.748153 10.523
 31    -0.060 53299.55750565 29.42 102.377749  71.751073 10.523
 31     0.054 53299.55750630 26.91 102.372519  71.753993 10.523
 32    -0.890 53334.55747598 16.67 102.395597  71.753322  2.933
 32    -1.527 53334.55747663 17.10 102.390377  71.756242  2.933
 32    -0.823 53334.55747727 16.87 102.385147  71.759162  2.933
 32     0.010 53334.55747792 17.07 102.379907  71.762082  2.933
 32     0.232 53334.55747856 16.67 102.374677  71.765002  2.933
 32    -0.201 53334.55747921 17.84 102.369447  71.767922  2.933
 32     1.312 53334.55747985 17.23 102.364207  71.770842  2.933
 32     3.001 53334.55748050 15.78 102.358967  71.773762  2.933
 32     3.888 53334.55748114 14.89 102.353727  71.776682  2.933
 32    13.978 53334.55748178 14.74 102.348487  71.779592  2.933
 33     9.444 53369.55741890 13.60 102.392370  71.767877  2.334
 33    11.519 53369.55741955 13.40 102.387140  71.770797  2.334
 33    12.003 53369.55742019 13.54 102.381910  71.773717  2.334
 33    12.711 53369.55742084 12.72 102.376670  71.776637  2.334
 34     3.646 53404.55744730 13.58 102.398582  71.746671  2.574
 34     3.234 53404.55744794 14.10 102.393362  71.749591  2.574
 34     3.236 53404.55744859 14.44 102.388132  71.752511  2.574
 34     3.360 53404.55744923 14.33 102.382902  71.755431  2.574
 34     3.852 53404.55744988 14.68 102.377672  71.758351  2.574
 34     4.344 53404.55745052 14.41 102.372432  71.761271  2.574
 34     5.164 53404.55745117 13.96 102.367202  71.764191  2.574
 34     3.954 53404.55745181 14.29 102.361962  71.767111  2.574
 34     8.148 53404.55745246 13.54 102.356722  71.770031  2.574
 34     7.064 53404.55745310 13.15 102.351492  71.772941  2.574
 34     8.344 53404.55745375 12.29 102.346252  71.775861  2.574
 35     7.258 53439.55743823 12.81 102.392488  71.764659  2.280
 35     8.380 53439.55743887 12.42 102.387248  71.767579  2.280
 35    10.564 53439.55743952 11.85 102.382018  71.770499  2.280
 35    10.126 53439.55744016 12.64 102.376778  71.773419  2.280
 35    12.594 53439.55744081 11.25 102.371548  71.776339  2.280
 35    13.004 53439.55744145 11.01 102.366308  71.779259  2.280
 36     5.129 53474.55749555 12.07 102.398899  71.743102  2.520
 36     3.623 53474.55749619 11.97 102.393679  71.746022  2.520
 36     5.098 53474.55749684 12.22 102.388449  71.748942  2.520
 36     3.133 53474.55749748 12.32 102.383229  71.751862  2.520
 36     3.754 53474.55749812 12.67 102.377999  71.754782  2.520
 36     3.700 53474.55749877 12.61 102.372759  71.757702  2.520
 36     3.843 53474.55749941 12.53 102.367529  71.760622  2.520
 36     4.210 53474.55750006 12.41 102.362299  71.763542  2.520
 36     8.952 53474.55750199 11.56 102.346589  71.772292  2.520
 37     0.814 53509.55751552 32.53 102.398430  71.750128 41.461
 37     0.737 53509.55751617 31.32 102.393210  71.753048 41.461
 37     0.839 53509.55751681 29.88 102.387980  71.755968 41.461
 37     0.904 53509.55751746 31.50 102.382750  71.758888 41.461
 37     0.897 53509.55751810 37.64 102.377510  71.761808 41.461
 37     0.954 53509.55751875 36.01 102.372280  71.764728 41.461
 37     0.976 53509.55751939 36.88 102.367040  71.767648 41.461
 37     0.894 53509.55752004 36.37 102.361810  71.770568 41.461
 37     0.616 53509.55752068 29.53 102.356570  71.773488 41.461
 37     0.749 53509.55752133 27.01 102.351330  71.776408 41.461
 37     0.807 53509.55752197 29.99 102.346090  71.779318 41.461
 38     8.858 53544.55753070 15.39 102.397026  71.751975  9.609
 38     8.784 53544.55753134 14.66 102.391806  71.754895  9.609
 38     8.187 53544.55753198 15.30 102.386566  71.757815  9.609
 38     7.849 53544.55753263 16.80 102.381336  71.760735  9.609
 38     7.269 53544.55753327 16.02 102.376106  71.763655  9.609
 38     7.042 53544.55753392 17.03 102.370876  71.766575  9.609
 38     6.818 53544.55753456 17.48 102.365636  71.769495  9.609
 38     6.322 53544.55753521 18.82 102.360406  71.772415  9.609
 38    10.853 53544.55753585 16.77 102.355166  71.775335  9.609
 38    12.094 53544.55753650 16.22 102.349926  71.778255  9.609
 38    10.620 53544.55753714 26.85 102.344686  71.781175  9.609
 39     0.695 53579.55751093 29.22 102.392802  71.759699 20.165
 39     0.714 53579.55751157 28.60 102.387572  71.762619 20.165
 39     0.794 53579.55751222 28.73 102.382332  71.765539 20.165
 39     0.951 53579.55751286 28.10 102.377102  71.768459 20.165
 39     0.802 53579.55751351 28.15 102.371872  71.771379 20.165
 39     0.760 53579.55751415 27.63 102.366632  71.774299 20.165
 39     0.822 53579.55751480 24.55 102.361392  71.777219 20.165
 39     1.214 53579.55751544 26.12 102.356152  71.780139 20.165
 40     2.177 53614.55746574 43.60 102.391635  71.764374 22.977
 40     1.926 53614.55746638 43.33 102.386405  71.767294 22.977
 40     1.847 53614.55746703 43.03 102.381175  71.770214 22.977
 40     1.885 53614.55746767 44.59 102.375945  71.773134 22.977
 40     1.881 53614.55746832 46.41 102.370705  71.776054 22.977
 40     1.862 53614.55746896 45.95 102.365465  71.778974 22.977
 41     3.476 53649.55747072 23.32 102.395478  71.748002  8.598
 41     3.529 53649.55747136 23.05 102.390258  71.750922  8.598
 41     4.240 53649.55747201 22.22 102.385028  71.753842  8.598
 41     4.250 53649.55747265 23.16 102.379788  71.756762  8.598
 41     2.439 53649.55747330 28.06 102.374558  71.759682  8.598
 41     3.883 53649.55747394 24.26 102.369328  71.762602  8.598
 41     3.878 53649.55747459 23.16 102.364088  71.765522  8.598
 41     3.896 53649.55747523 22.80 102.358858  71.768442  8.598
 41     5.720 53649.55747588 22.48 102.353618  71.771352  8.598
 41     5.531 53649.55747652 21.64 102.348378  71.774272  8.598
 41     7.184 53649.55747717 20.81 102.343138  71.777192  8.598
 42     0.110 53684.55748397 27.85 102.395750  71.751716 12.092
 42     0.081 53684.55748461 28.76 102.390530  71.754636 12.092
 42     0.172 53684.55748526 29.30 102.385300  71.757556 12.092
 42     0.195 53684.55748590 28.19 102.380070  71.760476 12.092
 42     0.206 53684.55748655 28.36 102.374830  71.763396 12.092
 42     0.191 53684.55748719 28.21 102.369600  71.766316 12.092
 42     0.120 53684.55748784 28.77 102.364360  71.769236 12.092
 42     0.157 53684.55748848 28.53 102.359130  71.772156 12.092
 42     0.195 53684.55748912 28.94 102.353890  71.775076 12.092
 42     0.114 53684.55748977 29.01 102.348650  71.777996 12.092
 42     0.084 53684.55749041 27.50 102.343410  71.780916 12.092
 43     0.023 53719.55741327 22.15 102.391385  71.766637  4.490
 43     0.133 53719.55741391 20.75 102.386155  71.769557  4.490
 43     0.134 53719.55741456 21.05 102.380925  71.772477  4.490
 43     0.068 53719.55741520 20.93 102.375685  71.775397  4.490
 43     0.018 53719.55741585 19.85 102.370445  71.778317  4.490
 44     3.161 53754.55733267 18.51 102.398468  71.746253  3.802
 44     2.965 53754.55733331 18.99 102.393238  71.749173  3.802
 44     2.800 53754.55733396 18.47 102.388008  71.752093  3.802
 44     2.375 53754.55733460 18.32 102.382778  71.755013  3.802
 44     1.993 53754.55733525 18.17 102.377548  71.757933  3.802
 44     2.080 53754.55733589 18.47 102.372308  71.760853  3.802
 44     2.672 53754.55733654 18.41 102.367078  71.763773  3.802
 44     3.251 53754.55733718 17.89 102.361838  71.766693  3.802
 44     3.319 53754.55733783 17.14 102.356598  71.769613  3.802
 44     3.938 53754.55733847 16.38 102.351358  71.772523  3.802
 44     3.836 53754.55733912 16.29 102.346118  71.775443  3.802
 45     3.135 53789.55736456 15.79 102.397103  71.756986  2.945
 45     2.634 53789.55736520 16.28 102.391873  71.759906  2.945
 45     2.549 53789.55736585 15.79 102.386633  71.762826  2.945
 45     4.215 53789.55736649 15.61 102.381403  71.765746  2.945
 45     7.341 53789.55736714 15.16 102.376173  71.768666  2.945
 45     5.893 53789.55736778 14.79 102.370933  71.771586  2.945
 45     6.989 53789.55736842 14.05 102.365693  71.774506  2.945
 45     7.851 53789.55736907 13.72 102.360453  71.777426  2.945
 46     3.563 53824.55731772 14.52 102.395911  71.741013  3.205
 46     2.718 53824.55731836 14.86 102.390681  71.743933  3.205
 46     2.799 53824.55731901 14.68 102.385451  71.746853  3.205
 46     2.605 53824.55731965 14.79 102.380221  71.749773  3.205
 46     2.808 53824.55732030 14.57 102.374991  71.752693  3.205
 46     3.202 53824.55732094 14.32 102.369761  71.755613  3.205
 47     3.149 53859.55741160 12.97 102.397675  71.744673  2.801
 47     3.010 53859.55741224 12.61 102.392455  71.747593  2.801
 47     2.723 53859.55741289 13.15 102.387225  71.750513  2.801
 47     2.439 53859.55741353 13.29 102.381995  71.753433  2.801
 47     2.256 53859.55741418 13.29 102.376765  71.756353  2.801
 47     3.005 53859.55741482 12.61 102.371535  71.759273  2.801
 47     3.328 53859.55741546 12.69 102.366295  71.762193  2.801
 47     3.733 53859.55741611 12.57 102.361065  71.765113  2.801
 47     3.814 53859.55741675 11.76 102.355825  71.768033  2.801
 47     4.577 53859.55741740 11.81 102.350585  71.770953  2.801
 47     4.713 53859.55741804 11.44 102.345345  71.773873  2.801
 48     3.377 53894.55742938 30.78 102.398648  71.748794 19.985
 48     3.393 53894.55743002 31.30 102.393418  71.751714 19.985
 48     3.332 53894.55743067 29.57 102.388188  71.754634 19.985
 48     3.389 53894.55743131 30.40 102.382958  71.757554 19.985
 48     3.281 53894.55743196 28.26 102.377728  71.760474 19.985
 48     3.366 53894.55743260 26.17 102.372488  71.763394 19.985
 48     7.158 53894.55743325 26.35 102.367258  71.766314 19.985
 48     6.446 53894.55743389 27.77 102.362018  71.769234 19.985
 48     5.949 53894.55743454 28.06 102.356778  71.772154 19.985
 48     3.380 53894.55743518 30.81 102.351538  71.775074 19.985
 48     3.495 53894.55743583 33.34 102.346298  71.777984 19.985
 48    10.682 53894.55743647 31.31 102.341058  71.780904 19.985
 49     1.453 53929.55748417 18.34 102.395642  71.747280 24.280
 49     8.207 53929.55748481 18.25 102.390422  71.750200 24.280
 49     1.182 53929.55748546 20.15 102.385192  71.753120 24.280
 49     1.158 53929.55748610 27.15 102.379962  71.756040 24.280
 49     1.570 53929.55748675 31.27 102.374732  71.758960 24.280
 49     1.512 53929.55748739 35.37 102.369502  71.761880 24.280
 49     1.443 53929.55748804 43.49 102.364272  71.764800 24.280
 49     1.440 53929.55748868 44.49 102.359032  71.767720 24.280
 49     1.553 53929.55748933 42.09 102.353802  71.770640 24.280
 49     1.300 53929.55748997 30.02 102.348562  71.773560 24.280
 49     1.110 53929.55749062 27.55 102.343322  71.776480 24.280
 50     0.789 53964.55746455 24.65 102.397172  71.753375 20.363
 50     0.656 53964.55746519 27.96 102.391942  71.756295 20.363
 50     0.788 53964.55746583 29.49 102.386712  71.759215 20.363
 50     0.872 53964.55746648 30.67 102.381482  71.762135 20.363
 50     1.071 53964.55746712 31.69 102.376252  71.765055 20.363
 50     1.176 53964.55746777 29.64 102.371012  71.767975 20.363
 50     1.171 53964.55746841 28.99 102.365782  71.770895 20.363
 50     1.064 53964.55746906 27.74 102.360542  71.773815 20.363
 50     1.068 53964.55746970 24.58 102.355302  71.776735 20.363
 50     0.746 53964.55747035 25.04 102.350062  71.779655 20.363
 51     3.766 53999.55741577 21.31 102.396854  71.736695 16.378
 51     1.067 53999.55741641 17.61 102.391634  71.739615 16.378
 51     8.968 53999.55741706 17.04 102.386404  71.742535 16.378
 51     9.759 53999.55741770 19.83 102.381174  71.745445 16.378
 52     0.258 54034.55746310 33.88 102.396420  71.749297 16.834
 52     0.268 54034.55746374 35.70 102.391200  71.752217 16.834
 52     0.220 54034.55746439 36.93 102.385970  71.755137 16.834
 52     0.242 54034.55746503 35.85 102.380740  71.758057 16.834
 52     0.189 54034.55746568 32.46 102.375500  71.760977 16.834
 52     0.169 54034.55746632 30.36 102.370270  71.763897 16.834
 52     0.202 54034.55746697 30.03 102.365030  71.766817 16.834
 52     0.234 54034.55746761 32.86 102.359790  71.769737 16.834
 52     0.267 54034.55746826 33.21 102.354560  71.772657 16.834
 52     0.198 54034.55746890 35.97 102.349310  71.775567 16.834
 52     0.155 54034.55746954 34.17 102.344070  71.778487 16.834
 53     0.959 54069.55745822 20.45 102.395114  71.755429  4.020
 53     1.535 54069.55745886 19.88 102.389884  71.758349  4.020
 53     1.229 54069.55745951 19.83 102.384654  71.761269  4.020
 53     0.991 54069.55746015 20.20 102.379424  71.764189  4.020
 53     0.659 54069.55746080 19.46 102.374184  71.767109  4.020
 53     0.400 54069.55746144 19.96 102.368954  71.770029  4.020
 53     5.508 54069.55746209 18.70 102.363714  71.772949  4.020
 53     5.970 54069.55746273 17.54 102.358474  71.775869  4.020
 53     7.417 54069.55746338 16.78 102.353234  71.778789  4.020
 54     4.970 54104.55741572 15.99 102.392537  71.765820  2.581
 54     7.025 54104.55741637 15.36 102.387307  71.768740  2.581
 54     7.867 54104.55741701 14.66 102.382067  71.771660  2.581
 54     8.978 54104.55741766 14.96 102.376837  71.774580  2.581
 54    12.323 54104.55741830 13.77 102.371597  71.777500  2.581
 55     2.887 54139.55738796 15.87 102.394874  71.747244  2.802
 55     2.936 54139.55738860 15.30 102.389644  71.750164  2.802
 55     2.301 54139.55738924 15.74 102.384414  71.753084  2.802
 55     2.471 54139.55738989 15.67 102.379184  71.756004  2.802
 55     2.397 54139.55739053 15.73 102.373954  71.758924  2.802
 55     3.680 54139.55739118 15.64 102.368714  71.761844  2.802
 55     3.996 54139.55739182 14.95 102.363484  71.764764  2.802
 55     3.726 54139.55739247 14.72 102.358244  71.767684  2.802
 55     5.396 54139.55739311 14.21 102.353004  71.770604  2.802
 55     6.194 54139.55739376 13.47 102.347764  71.773524  2.802
 56     4.850 54174.55739418 16.12 102.391911  71.761175  2.546
 56     5.274 54174.55739483 15.91 102.386681  71.764095  2.546
 56     7.392 54174.55739547 15.72 102.381451  71.767015  2.546
 56     7.474 54174.55739612 15.28 102.376211  71.769935  2.546
 56     8.063 54174.55739676 14.47 102.370981  71.772855  2.546
 56     8.499 54174.55739741 14.06 102.365741  71.775775  2.546
 56     9.355 54174.55739805 13.62 102.360501  71.778695  2.546
 57     6.573 54209.55739426 11.06 102.394502  71.746998  2.588
 57     4.377 54209.55739490 11.84 102.389282  71.749918  2.588
 57     4.405 54209.55739555 12.04 102.384052  71.752838  2.588
 57     5.154 54209.55739619 11.61 102.378822  71.755758  2.588
 57     5.073 54209.55739684 11.61 102.373592  71.758678  2.588
 57     8.688 54209.55739748 11.51 102.368352  71.761598  2.588
 57     8.803 54209.55739812 11.38 102.363122  71.764518  2.588
 57     9.887 54209.55739877 10.99 102.357882  71.767438  2.588
 57    10.238 54209.55739941 10.78 102.352642  71.770358  2.588
 57    10.311 54209.55740006 10.44 102.347402  71.773278  2.588
 58     9.116 54244.55742579 10.34 102.397592  71.750630  2.107
 58     9.202 54244.55742644 10.54 102.392362  71.753550  2.107
 58    13.026 54244.55742708 10.40 102.387132  71.756470  2.107
 58    11.833 54244.55742773 10.86 102.381902  71.759390  2.107
 58    11.629 54244.55742837 10.75 102.376672  71.762310  2.107
 58    11.183 54244.55742901 10.23 102.371432  71.765230  2.107
 58    10.589 54244.55742966 10.33 102.366202  71.768150  2.107
 58    11.347 54244.55743030 10.12 102.360962  71.771070  2.107
 58    11.789 54244.55743095 10.27 102.355722  71.773990  2.107
 58    12.621 54244.55743159  9.75 102.350482  71.776910  2.107
 58    13.802 54244.55743224  9.52 102.345242  71.779830  2.107
 59     9.065 54279.55743798 16.34 102.395241  71.752156  9.707
 59     8.967 54279.55743862 15.27 102.390011  71.755076  9.707
 59     8.326 54279.55743927 15.65 102.384781  71.757996  9.707
 59     8.218 54279.55743991 15.97 102.379551  71.760916  9.707
 59     7.554 54279.55744056 16.90 102.374321  71.763836  9.707
 59     7.207 54279.55744120 18.38 102.369081  71.766756  9.707
 59     7.061 54279.55744185 19.23 102.363851  71.769676  9.707
 59     6.716 54279.55744249 21.83 102.358611  71.772596  9.707
 59    11.273 54279.55744314 17.01 102.353371  71.775516  9.707
 59    11.552 54279.55744378 16.43 102.348131  71.778436  9.707
 59    10.931 54279.55744443 25.63 102.342881  71.781346  9.707
 60     6.646 54314.55743826 15.69 102.394988  71.756149 11.668
 60     7.966 54314.55743890 17.02 102.389758  71.759069 11.668
 60     6.364 54314.55743955 17.29 102.384528  71.761989 11.668
 60     6.561 54314.55744019 18.45 102.379298  71.764909 11.668
 60     6.542 54314.55744084 18.05 102.374058  71.767829 11.668
 60     5.997 54314.55744148 19.08 102.368828  71.770749 11.668
 60     6.454 54314.55744213 19.13 102.363588  71.773669 11.668
 60    11.070 54314.55744277 16.92 102.358348  71.776589 11.668
 60    11.635 54314.55744342 17.96 102.353108  71.779509 11.668
 61     8.953 54349.55740876 20.10 102.394179  71.762238 17.922
 61     8.588 54349.55740941 19.29 102.388949  71.765158 17.922
 61     8.648 54349.55741005 18.14 102.383719  71.768078 17.922
 61    10.444 54349.55741070 17.67 102.378479  71.770998 17.922
 61    11.219 54349.55741134 19.83 102.373249  71.773918 17.922
 61    14.003 54349.55741199 19.07 102.368009  71.776838 17.922
 62     0.531 54384.55737508 35.30 102.397048  71.748144 22.415
 62     0.488 54384.55737572 35.68 102.391828  71.751064 22.415
 62     0.528 54384.55737637 38.07 102.386598  71.753984 22.415
 62     0.675 54384.55737701 36.74 102.381368  71.756904 22.415
 62     0.670 54384.55737766 36.59 102.376128  71.759824 22.415
 62     0.678 54384.55737830 28.64 102.370898  71.762744 22.415
 62     0.613 54384.55737895 27.10 102.365668  71.765664 22.415
 62     0.501 54384.55737959 28.17 102.360428  71.768584 22.415
 62     0.711 54384.55738023 30.42 102.355188  71.771504 22.415
 62     0.545 54384.55738088 46.84 102.349948  71.774424 22.415
 62     1.067 54384.55738152 50.43 102.344708  71.777344 22.415
 63     0.498 54419.55735757 24.79 102.396980  71.758331  4.257
 63     0.472 54419.55735822 24.54 102.391750  71.761251  4.257
 63     0.343 54419.55735886 25.10 102.386520  71.764171  4.257
 63     0.387 54419.55735951 24.41 102.381290  71.767091  4.257
 63     0.453 54419.55736015 24.20 102.376050  71.770011  4.257
 63     0.216 54419.55736080 24.14 102.370820  71.772931  4.257
 63     1.413 54419.55736144 22.74 102.365580  71.775851  4.257
 63     0.243 54419.55736209 22.37 102.360340  71.778771  4.257
 64     2.481 54454.55734529 21.45 102.397243  71.741912  3.388
 64     2.664 54454.55734594 20.92 102.392013  71.744832  3.388
 64     2.140 54454.55734658 20.05 102.386793  71.747752  3.388
 64     2.223 54454.55734723 20.04 102.381563  71.750662  3.388
 64     2.505 54454.55734787 19.92 102.376333  71.753582  3.388
 64     2.830 54454.55734852 20.02 102.371093  71.756502  3.388
 64     2.868 54454.55734916 19.77 102.365863  71.759422  3.388
 65     2.544 54489.55735697 17.32 102.395761  71.756797  3.163
 65     1.986 54489.55735761 17.24 102.390541  71.759717  3.163
 65     4.419 54489.55735826 16.80 102.385301  71.762637  3.163
 65     4.350 54489.55735890 16.71 102.380071  71.765557  3.163
 65     7.442 54489.55735955 16.11 102.374836  71.768475  2.547
 65     7.229 54489.55736019 16.29 102.369606  71.771395  2.547
 65     7.430 54489.55736084 15.39 102.364366  71.774315  2.547
 65     7.544 54489.55736148 14.76 102.359126  71.777235  2.547
 65     8.372 54489.55736213 14.70 102.353886  71.780155  2.547
 66     3.046 54524.55735969 14.06 102.394647  71.749968  3.037
 66     2.826 54524.55736034 14.46 102.389417  71.752888  3.037
 66     2.442 54524.55736098 14.10 102.384187  71.755808  3.037
 66     2.121 54524.55736163 14.95 102.378957  71.758728  3.037
 66     3.198 54524.55736227 14.71 102.373727  71.761648  3.037
 66     3.536 54524.55736292 13.88 102.368487  71.764568  3.037
 66     3.556 54524.55736356 14.58 102.363257  71.767488  3.037
 66     4.115 54524.55736421 14.00 102.358017  71.770408  3.037
 66     6.280 54524.55736485 13.24 102.352777  71.773318  3.037
 66     6.966 54524.55736549 12.47 102.347534  71.776241  2.554
 66     8.493 54524.55736614 12.31 102.342294  71.779161  2.554
 67     2.821 54559.55736685 14.02 102.394174  71.760189  2.459
 67     6.439 54559.55736749 13.44 102.388944  71.763109  2.459
 67     7.323 54559.55736813 13.14 102.383714  71.766029  2.459
 67     8.204 54559.55736878 12.55 102.378474  71.768949  2.459
 67     8.262 54559.55736942 12.91 102.373244  71.771869  2.459
 67     8.684 54559.55737007 12.28 102.368004  71.774789  2.459
 67    10.573 54559.55737071 11.76 102.362764  71.777709  2.459
 68     0.215 54594.55735620 17.85 102.395192  71.752464 17.981
 68     0.098 54594.55735684 19.94 102.389962  71.755384 17.981
 68     0.082 54594.55735749 18.83 102.384732  71.758304 17.981
 68     0.103 54594.55735813 17.48 102.379502  71.761224 17.981
 68    -0.059 54594.55735878 17.96 102.374272  71.764144 17.981
 68    -0.103 54594.55735942 18.17 102.369032  71.767064 17.981
 68    -0.067 54594.55736007 20.50 102.363792  71.769984 17.981
 68     0.063 54594.55736071 18.11 102.358562  71.772904 17.981
 68    -0.001 54594.55736135 22.40 102.353322  71.775824 17.981
 68    -0.035 54594.55736200 19.71 102.348083  71.778742 13.555
 69     5.808 54629.55737009 33.06 102.399675  71.750877 21.479
 69     5.387 54629.55737073 29.52 102.394445  71.753797 21.479
 69     5.086 54629.55737138 29.28 102.389215  71.756717 21.479
 69     8.249 54629.55737202 25.90 102.383985  71.759637 21.479
 69     8.498 54629.55737267 22.00 102.378755  71.762557 21.479
 69     8.350 54629.55737331 22.65 102.373525  71.765477 21.479
 69     8.081 54629.55737396 23.99 102.368285  71.768397 21.479
 69     8.068 54629.55737460 24.52 102.363045  71.771317 21.479
 69    10.387 54629.55737525 25.29 102.357815  71.774237 21.479
 69    10.680 54629.55737589 28.63 102.352575  71.777157 21.479
 69     5.558 54629.55737654 35.85 102.347330  71.780073 14.637
 70     8.998 54664.55737718 15.61 102.394820  71.751296 10.794
 70     9.046 54664.55737783 16.90 102.389590  71.754216 10.794
 70     8.576 54664.55737847 17.16 102.384360  71.757136 10.794
 70     8.261 54664.55737912 17.64 102.379130  71.760056 10.794
 70     7.929 54664.55737976 18.03 102.373900  71.762976 10.794
 70     7.414 54664.55738041 18.69 102.368660  71.765896 10.794
 70     8.348 54664.55738105 18.55 102.363430  71.768816 10.794
 70     6.863 54664.55738169 19.48 102.358190  71.771736 10.794
 70    10.670 54664.55738234 18.27 102.352950  71.774646 10.794
 70    11.365 54664.55738298 18.62 102.347710  71.777566 10.794
 70    11.209 54664.55738363 23.41 102.342472  71.780490 13.891
 71     4.974 54699.55735110 18.96 102.390702  71.764973 12.437
 71     4.984 54699.55735174 21.22 102.385472  71.767893 12.437
 71     5.473 54699.55735239 20.02 102.380242  71.770813 12.437
 71    12.546 54699.55735303 16.73 102.375002  71.773733 12.437
 71    14.360 54699.55735367 16.09 102.369772  71.776653 12.437
 72     1.392 54734.55733429 54.16 102.396663  71.744395 39.304
 72     1.361 54734.55733493 54.34 102.391443  71.747315 39.304
 72     1.296 54734.55733557 52.95 102.386213  71.750235 39.304
 72     1.275 54734.55733622 53.03 102.380983  71.753155 39.304
 72     1.395 54734.55733686 52.01 102.375753  71.756075 39.304
 72     1.236 54734.55733751 50.54 102.370523  71.758995 39.304
 72     1.337 54734.55733815 32.65 102.365283  71.761915 39.304
 72     1.151 54734.55733880 33.75 102.360053  71.764835 39.304
 72     1.234 54734.55734009 36.76 102.349573  71.770665 39.304
 73     2.972 54769.55732915 20.65 102.397548  71.754958  4.014
 73     1.313 54769.55732979 20.26 102.392318  71.757878  4.014
 73     1.210 54769.55733044 20.64 102.387088  71.760798  4.014
 73     3.789 54769.55733108 20.13 102.381858  71.763718  4.014
 73     2.408 54769.55733173 20.36 102.376628  71.766638  4.014
 73     1.441 54769.55733237 20.90 102.371398  71.769558  4.014
 73     5.248 54769.55733302 20.43 102.366158  71.772478  4.014
 73     6.844 54769.55733366 19.05 102.360918  71.775398  4.014
 73     7.303 54769.55733431 18.87 102.355678  71.778318  4.014
 74     3.704 54804.55732787 15.63 102.398808  71.743180  3.145
 74     3.180 54804.55732851 16.36 102.393588  71.746100  3.145
 74     3.059 54804.55732916 15.71 102.388358  71.749020  3.145
 74     3.083 54804.55732980 15.99 102.383128  71.751940  3.145
 74     2.701 54804.55733045 16.23 102.377898  71.754860  3.145
 74     3.261 54804.55733109 16.59 102.372668  71.757780  3.145
 74     2.872 54804.55733174 17.02 102.367438  71.760700  3.145
 74     4.268 54804.55733238 16.44 102.362198  71.763620  3.145
 74     5.439 54804.55733431 15.46 102.346488  71.772370  3.145
 75     3.456 54839.55732304 15.03 102.398563  71.751928  2.933
 75     4.646 54839.55732368 14.98 102.393343  71.754848  2.933
 75     4.594 54839.55732433 15.32 102.388113  71.757768  2.933
 75     4.294 54839.55732497 15.09 102.382883  71.760688  2.933
 75     4.611 54839.55732562 15.26 102.377643  71.763608  2.933
 75     7.210 54839.55732626 14.73 102.372413  71.766528  2.933
 75     6.882 54839.55732691 14.62 102.367173  71.769448  2.933
 75     6.924 54839.55732755 14.54 102.361943  71.772368  2.933
 75     7.888 54839.55732820 13.13 102.356703  71.775288  2.933
 75    10.630 54839.55732884 12.73 102.351463  71.778198  2.933
 76     3.145 54874.55732877 12.65 102.397109  71.747410  2.780
 76     2.846 54874.55732941 12.81 102.391889  71.750330  2.780
 76     6.006 54874.55733006 12.86 102.386659  71.753250  2.780
 76     4.520 54874.55733070 12.74 102.381429  71.756170  2.780
 76     4.047 54874.55733135 13.40 102.376199  71.759090  2.780
 76     5.031 54874.55733199 12.93 102.370959  71.762010  2.780
 76     5.451 54874.55733264 13.37 102.365729  71.764930  2.780
 76     6.194 54874.55733328 12.80 102.360489  71.767850  2.780
 76     8.018 54874.55733392 12.26 102.355259  71.770770  2.780
 76     6.841 54874.55733457 11.81 102.350015  71.773686  2.921
 76     9.981 54874.55733521 11.25 102.344775  71.776606  2.921
 77     6.387 54909.55733087 13.60 102.395304  71.761081  2.328
 77     7.613 54909.55733152 13.20 102.390074  71.764001  2.328
 77     8.902 54909.55733216 12.50 102.384844  71.766921  2.328
 77     9.521 54909.55733281 12.55 102.379604  71.769841  2.328
 77    10.819 54909.55733345 12.51 102.374374  71.772761  2.328
 77    12.911 54909.55733410 12.02 102.369134  71.775681  2.328
 77    15.011 54909.55733474 11.57 102.363894  71.778601  2.328
 78     9.150 54944.55732111 12.68 102.398903  71.744372  2.304
 78     9.287 54944.55732175 13.35 102.393673  71.747292  2.304
 78    10.055 54944.55732240 13.19 102.388443  71.750212  2.304
 78     9.686 54944.55732304 13.80 102.383223  71.753132  2.304
 78     9.659 54944.55732369 13.85 102.377993  71.756052  2.304
 78     9.474 54944.55732433 14.02 102.372753  71.758972  2.304
 78    11.700 54944.55732498 14.03 102.367523  71.761892  2.304
 78    10.311 54944.55732562 14.40 102.362283  71.764812  2.304
 78    11.163 54944.55732627 13.82 102.357053  71.767732  2.304
 78    10.751 54944.55732691 13.50 102.351813  71.770652  2.304
 78    11.578 54944.55732756 13.48 102.346567  71.773568  2.141
 79     9.449 54979.55734915  5.27 102.397718  71.751721  2.540
 79    13.083 54979.55734979  3.37 102.392488  71.754641  2.540
 79    12.721 54979.55735044  3.05 102.387258  71.757561  2.540
 79    12.927 54979.55735108  3.31 102.382028  71.760481  2.540
 79    12.020 54979.55735173  3.25 102.376798  71.763401  2.540
 79    11.393 54979.55735237  2.91 102.371568  71.766321  2.540
 79    10.987 54979.55735302  3.15 102.366328  71.769241  2.540
 79    11.188 54979.55735366  3.31 102.361088  71.772161  2.540
 79    11.265 54979.55735431  4.23 102.355848  71.775081  2.540
 79    12.189 54979.55735495  3.05 102.350613  71.778000  2.079
 79    13.530 54979.55735560  2.64 102.345373  71.780920  2.079
 80     3.591 55014.55735312 50.66 102.397553  71.752362 50.530
 80     3.615 55014.55735376 48.06 102.392333  71.755282 50.530
 80     3.595 55014.55735441 45.47 102.387103  71.758202 50.530
 80     3.567 55014.55735505 50.56 102.381863  71.761122 50.530
 80     3.528 55014.55735570 52.54 102.376633  71.764042 50.530
 80     3.498 55014.55735634 51.12 102.371403  71.766962 50.530
 80     3.478 55014.55735699 45.54 102.366163  71.769882 50.530
 80     3.465 55014.55735763 53.53 102.360933  71.772802 50.530
 80     3.454 55014.55735828 54.70 102.355693  71.775722 50.530
 80     3.531 55014.55735892 52.62 102.350453  71.778632 50.530
 81     0.448 55049.55734706 25.39 102.395784  71.753239 23.154
 81     0.132 55049.55734770 25.36 102.390554  71.756159 23.154
 81     0.470 55049.55734835 26.06 102.385324  71.759079 23.154
 81     0.897 55049.55734899 29.62 102.380094  71.761999 23.154
 81     0.443 55049.55734964 35.75 102.374854  71.764919 23.154
 81     1.057 55049.55735028 30.45 102.369624  71.767839 23.154
 81     1.170 55049.55735093 24.72 102.364384  71.770759 23.154
 81     5.179 55049.55735157 23.84 102.359144  71.773679 23.154
 81     0.726 55049.55735222 23.51 102.353904  71.776599 23.154
 81    10.282 55049.55735286 18.90 102.348664  71.779509 23.154
 82     1.011 55084.55731711 23.74 102.392000  71.765711 13.144
 82     0.974 55084.55731775 24.71 102.386770  71.768631 13.144
 82     0.970 55084.55731840 23.79 102.381540  71.771551 13.144
 82     0.916 55084.55731904 23.56 102.376300  71.774471 13.144
 82     1.231 55084.55731969 22.18 102.371070  71.777391 13.144
 83     3.818 55119.55727779 36.45 102.397929  71.745709 19.941
 83     0.041 55119.55727843 28.85 102.392709  71.748629 19.941
 83    -0.028 55119.55727908 29.78 102.387479  71.751549 19.941
 83     0.083 55119.55727972 28.17 102.382249  71.754469 19.941
 83     0.417 55119.55728037 27.39 102.377019  71.757389 19.941
 83     0.366 55119.55728101 30.62 102.371779  71.760309 19.941
 83     3.162 55119.55728166 24.01 102.366549  71.763229 19.941
 83     3.078 55119.55728230 23.46 102.361309  71.766149 19.941
 83     6.177 55119.55728295 20.79 102.356079  71.769069 19.941
 83     6.150 55119.55728359 20.32 102.350839  71.771979 19.941
 83     6.694 55119.55728424 18.81 102.345599  71.774899 19.941
 84     1.304 55154.55727491 22.01 102.394006  71.757474  3.851
 84     0.956 55154.55727555 22.61 102.388776  71.760394  3.851
 84     1.443 55154.55727620 21.90 102.383536  71.763314  3.851
 84     1.382 55154.55727684 21.81 102.378306  71.766234  3.851
 84     0.955 55154.55727749 21.79 102.373076  71.769154  3.851
 84     5.173 55154.55727813 20.85 102.367836  71.772074  3.851
 84     5.645 55154.55727878 20.37 102.362606  71.774994  3.851
 84     6.749 55154.55727942 19.43 102.357366  71.777914  3.851
 85     3.384 55189.55726668 17.97 102.399339  71.743047  3.613
 85     3.144 55189.55726732 17.90 102.394119  71.745967  3.613
 85     2.870 55189.55726797 17.98 102.388889  71.748887  3.613
 85     2.633 55189.55726861 17.98 102.383659  71.751807  3.613
 85     2.697 55189.55726925 18.59 102.378429  71.754727  3.613
 85     2.784 55189.55726990 18.70 102.373199  71.757647  3.613
 85     3.039 55189.55727054 18.04 102.367969  71.760567  3.613
 85     3.474 55189.55727119 18.43 102.362729  71.763487  3.613
 85     3.553 55189.55727183 17.69 102.357489  71.766407  3.613
 85     3.801 55189.55727248 17.57 102.352259  71.769327  3.613
 85     3.989 55189.55727312 17.29 102.347019  71.772237  3.613
 86     2.919 55224.55727425 14.92 102.395429  71.755822  2.717
 86     2.582 55224.55727489 14.92 102.390199  71.758742  2.717
 86     2.995 55224.55727554 14.93 102.384969  71.761662  2.717
 86     4.359 55224.55727618 14.67 102.379729  71.764582  2.717
 86     4.288 55224.55727683 14.55 102.374499  71.767502  2.717
 86     5.735 55224.55727747 14.32 102.369269  71.770422  2.717
 86     6.762 55224.55727812 13.79 102.364029  71.773342  2.717
 86     7.461 55224.55727876 13.70 102.358789  71.776262  2.717
 86     8.210 55224.55727941 12.91 102.353549  71.779172  2.717
 87     2.559 55259.55726360 14.58 102.398947  71.749762  3.117
 87     1.317 55259.55726424 14.74 102.393727  71.752682  3.117
 87     3.370 55259.55726489 14.78 102.388497  71.755602  3.117
 87     3.701 55259.55726553 14.60 102.383267  71.758522  3.117
 87     1.976 55259.55726618 14.86 102.378027  71.761442  3.117
 87     3.436 55259.55726682 14.45 102.372797  71.764362  3.117
 87     3.348 55259.55726747 14.09 102.367567  71.767282  3.117
 87     4.106 55259.55726811 14.46 102.362327  71.770202  3.117
 87     5.729 55259.55726876 13.37 102.357087  71.773122  3.117
 87     6.959 55259.55726940 13.09 102.351845  71.776037  2.469
 87     6.263 55259.55727005 12.86 102.346605  71.778957  2.469
 88     5.520 55294.55726165 13.66 102.395907  71.760814  2.741
 88     2.556 55294.55726229 14.07 102.390677  71.763734  2.741
 88     4.658 55294.55726293 13.58 102.385447  71.766654  2.741
 88     6.690 55294.55726358 13.52 102.380217  71.769574  2.741
 88     7.006 55294.55726422 13.23 102.374977  71.772494  2.741
 88     7.584 55294.55726487 12.73 102.369747  71.775414  2.741
 88     8.555 55294.55726551 12.45 102.364507  71.778334  2.741
 89    -0.139 55329.55724571 33.50 102.399665  71.749321 30.644
 89     0.066 55329.55724636 33.22 102.394445  71.752241 30.644
 89     0.061 55329.55724700 31.91 102.389215  71.755161 30.644
 89     0.213 55329.55724765 33.87 102.383985  71.758081 30.644
 89     0.246 55329.55724829 32.32 102.378755  71.761001 30.644
 89     0.137 55329.55724893 35.36 102.373515  71.763921 30.644
 89     0.145 55329.55724958 32.18 102.368285  71.766841 30.644
 89     0.035 55329.55725022 28.63 102.363045  71.769761 30.644
 89     5.980 55329.55725087 20.59 102.357815  71.772681 30.644
 89     5.641 55329.55725151 20.12 102.352575  71.775601 30.644
 89     5.331 55329.55725216 17.28 102.347335  71.778511 30.644
 89     8.923 55329.55725280 19.24 102.342088  71.781437 12.783
 90     8.993 55364.55724175 21.10 102.393423  71.759095 11.500
 90     8.916 55364.55724239 21.42 102.388193  71.762015 11.500
 90     8.297 55364.55724304 21.26 102.382963  71.764935 11.500
 90     8.727 55364.55724368 19.81 102.377723  71.767855 11.500
 90     9.516 55364.55724433 19.71 102.372493  71.770775 11.500
 90    10.997 55364.55724497 20.93 102.367253  71.773695 11.500
 90    11.574 55364.55724562 21.02 102.362013  71.776615 11.500
 90    11.988 55364.55724626 23.94 102.356773  71.779535 11.500
 91     3.142 55399.55724989 47.05 102.397350  71.744691 39.359
 91     2.495 55399.55725054 47.43 102.392130  71.747611 39.359
 91     2.486 55399.55725118 47.46 102.386900  71.750531 39.359
 91     2.696 55399.55725183 47.81 102.381670  71.753451 39.359
 91     3.027 55399.55725247 46.90 102.376440  71.756371 39.359
 91     3.140 55399.55725311 45.34 102.371210  71.759291 39.359
 91     3.153 55399.55725376 42.56 102.365970  71.762211 39.359
 91     3.087 55399.55725440 39.22 102.360740  71.765131 39.359
 91     1.304 55399.55725505 41.65 102.355500  71.768051 39.359
 91     1.380 55399.55725569 37.96 102.350260  71.770961 39.359
 91     1.466 55399.55725634 46.82 102.345020  71.773881 39.359
 92     0.725 55434.55725737 52.19 102.397223  71.754661 49.374
 92     0.737 55434.55725802 52.36 102.391993  71.757581 49.374
 92     0.829 55434.55725866 52.59 102.386763  71.760501 49.374
 92     0.811 55434.55725931 52.14 102.381523  71.763421 49.374
 92     0.809 55434.55725995 51.73 102.376293  71.766341 49.374
 92     0.778 55434.55726060 49.99 102.371053  71.769261 49.374
 92     0.747 55434.55726124 51.08 102.365823  71.772181 49.374
 92     0.675 55434.55726188 49.97 102.360583  71.775101 49.374
 92     0.679 55434.55726253 45.50 102.355343  71.778021 49.374
 93    -0.150 55469.55721434 31.07 102.392979  71.766945 22.889
 93    -0.157 55469.55721498 30.33 102.387749  71.769865 22.889
 93     0.003 55469.55721563 31.12 102.382519  71.772785 22.889
 93     0.078 55469.55721627 29.98 102.377279  71.775705 22.889
 93     0.156 55469.55721692 39.33 102.372049  71.778625 22.889
