-145444.387   398.627     0.00    6.94
-145075.787   401.522     7.85    4.59
-144707.096   402.478     2.59    3.90
-144338.313   401.969    -1.38    4.50
-143969.439   399.865    -5.70    5.82
-143600.474   398.124    -4.72    6.11
-143231.417   394.751    -9.14    9.03
-142862.269   390.141   -12.49   12.18
-142493.029   389.270    -2.36   14.32
-142123.698   392.639     9.12   16.65
-141754.274   400.847    22.21   17.47
-141384.759   409.358    23.03   11.05
-141015.153   413.168    10.31    6.51
-140645.454   415.097     5.22    3.91
-140275.663   415.315     0.59    3.52
-139905.780   414.773    -1.46    4.17
-139535.805   413.101    -4.52    4.89
-139165.737   411.494    -4.34    5.40
-138795.578   408.174    -8.97    5.94
-138425.326   402.272   -15.94    7.73
-138054.982   396.315   -16.08    8.08
-137684.545   389.263   -19.03   10.03
-137314.015   384.082   -13.98    8.96
-136943.393   380.516    -9.62    9.51
-136572.679   377.696    -7.61    9.85
-136201.871   373.751   -10.64   10.45
-135830.971   368.921   -13.02   13.24
-135459.978   368.358    -1.52   13.42
-135088.891   366.439    -5.17   13.88
-134717.712   364.382    -5.54   13.56
-134346.440   360.828    -9.57   12.64
-133975.074   358.840    -5.35   11.96
-133603.615   356.701    -5.76   11.57
-133232.063   355.375    -3.57    7.97
-132860.418   351.569   -10.24    7.15
-132488.679   344.053   -20.22   10.09
-132116.846   335.586   -22.77   12.23
-131744.920   330.549   -13.54   10.18
-131372.900   330.866     0.85    9.60
-131000.787   332.203     3.59   10.04
-130628.579   332.250     0.13    9.41
-130256.278   323.015   -24.80   14.78
-129883.883   315.797   -19.38   14.36
-129511.393   317.909     5.67   17.16
-129138.810   325.357    19.99   20.41
-128766.133   338.608    35.55   14.32
-128393.361   347.365    23.49    9.70
-128020.495   351.651    11.49    7.01
-127647.534   351.400    -0.67    6.71
-127274.479   348.810    -6.94    7.65
-126901.330   342.466   -17.00   12.90
-126528.086   331.832   -28.49   17.71
-126154.747   324.931   -18.48   15.65
-125781.314   323.639    -3.46   14.08
-125407.785   324.246     1.62   13.72
-125034.162   322.748    -4.01   14.43
-124660.444   316.611   -16.42   14.85
-124286.631   309.324   -19.49   12.99
-123912.723   311.118     4.80   15.01
-123538.719   314.161     8.14   13.90
-123164.621   315.127     2.58   10.63
-122790.427   316.020     2.39   10.71
-122416.137   318.769     7.34   11.91
-122041.752   319.466     1.86   12.45
-121667.272   316.742    -7.27   15.15
-121292.696   307.332   -25.12   16.13
-120918.024   299.487   -20.94   13.34
-120543.257   292.616   -18.33   12.62
-120168.394   290.776    -4.91   13.25
-119793.434   293.766     7.97   13.27
-119418.379   295.973     5.88   12.44
-119043.228   290.987   -13.29   19.42
-118667.981   272.022   -50.54   33.71
-118292.637   250.025   -58.60   32.30
-117917.198   231.023   -50.61   15.92
-117541.661   230.289    -1.95   12.36
-117166.029   239.720    25.10   19.07
-116790.300   256.004    43.34   23.37
-116414.474   271.764    41.93   21.66
-116038.552   284.789    34.65   14.56
-115662.533   290.676    15.65   12.52
-115286.417   293.460     7.40   12.95
-114910.205   301.029    20.12   14.95
-114533.895   313.743    33.78   18.45
-114157.489   332.742    50.47   23.30
-113780.985   350.720    47.75   21.53
-113404.384   365.784    40.00   12.66
-113027.686   370.606    12.80    8.51
-112650.891   370.160    -1.18   10.60
-112273.998   370.541     1.01   12.49
-111897.008   371.741     3.18   13.14
-111519.921   375.079     8.85   13.33
-111142.735   377.169     5.54   11.46
-110765.452   375.403    -4.68    9.85
-110388.072   369.406   -15.89   10.45
-110010.593   361.106   -21.99   15.72
-109633.017   343.802   -45.83   27.14
-109255.342   322.487   -56.43   34.94
-108877.570   298.861   -62.54   36.23
-108499.699   278.127   -54.87   31.18
-108121.730   256.167   -58.10   32.13
-107743.663   236.743   -51.37   41.60
-107365.497   213.527   -61.39   45.35
-106987.233   197.738   -41.74   38.65
-106608.871   187.145   -28.00   34.50
-106230.410   191.050    10.32   38.85
-105851.850   195.060    10.59   43.56
-105473.191   194.263    -2.10   47.41
-105094.434   197.567     8.72   42.50
-104715.578   203.772    16.38   35.83
-104336.623   216.491    33.56   40.15
-103957.568   246.402    78.91   36.61
-103578.415   275.264    76.12   26.24
-103199.162   292.815    46.27   19.76
-102819.811   306.118    35.07   20.69
-102440.359   315.090    23.64   21.32
-102060.809   325.671    27.88   20.09
-101681.158   334.552    23.39   20.11
-101301.409   345.332    28.39   18.28
-100921.559   359.081    36.19   18.57
-100541.610   370.876    31.04   14.37
-100161.561   378.315    19.57    8.70
 -99781.412   378.768     1.19    7.82
 -99401.163   372.425   -16.68   13.22
 -99020.814   358.590   -36.37   21.61
 -98640.365   335.993   -59.39   30.98
 -98259.815   314.940   -55.32   31.82
 -97879.165   296.242   -49.12   26.07
 -97498.415   281.756   -38.04   21.85
 -97117.565   272.630   -23.96   21.06
 -96736.614   255.230   -45.67   33.41
 -96355.562   230.247   -65.56   45.78
 -95974.410   191.162  -102.54   58.72
 -95593.156   151.198  -104.82   59.59
 -95211.802   107.297  -115.11   37.10
 -94830.348    93.848   -35.26   27.60
 -94448.792   105.106    29.50   44.16
 -94067.135   144.198   102.42   61.64
 -93685.376   190.665   121.71   54.01
 -93303.517   237.674   123.10   40.07
 -92921.556   273.332    93.35   38.75
 -92539.494   306.781    87.54   35.62
 -92157.330   332.772    68.01   26.81
 -91775.065   352.193    50.80   17.84
 -91392.698   359.356    18.73   13.22
 -91010.229   358.224    -2.96   18.01
 -90642.142   351.665   -17.82   24.61
 -90278.607   341.987   -26.62   30.94
 -89914.984   333.041   -24.60   32.96
 -89551.271   327.670   -14.77   29.42
 -89187.468   327.127    -1.49   25.36
 -88823.576   329.588     6.76   22.44
 -88459.594   329.331    -0.71   20.57
 -88095.523   328.703    -1.73   21.91
 -87731.362   324.306   -12.07   20.84
 -87367.111   318.459   -16.05   17.64
 -87002.770   313.442   -13.77   15.40
 -86638.340   307.298   -16.86   16.56
 -86273.819   298.466   -24.23   20.15
 -85909.209   294.090   -12.00   21.51
 -85544.508   295.715     4.45   21.65
 -85179.717   299.662    10.82   20.88
 -84814.836   306.035    17.46   16.51
 -84449.865   306.856     2.25   12.60
 -84084.803   302.221   -12.70   14.70
 -83719.651   293.701   -23.33   16.25
 -83354.408   286.508   -19.69   11.39
 -82989.075   283.806    -7.40   10.53
 -82623.651   286.323     6.89   11.83
 -82258.136   292.894    17.98   12.55
 -81892.531   297.281    12.00   11.47
 -81526.834   298.481     3.28   11.32
 -81161.047   296.654    -5.00   16.69
 -80795.169   294.067    -7.07   21.12
 -80429.200   292.015    -5.61   20.47
 -80063.139   290.394    -4.43   17.86
 -79696.988   284.125   -17.12   16.09
 -79330.745   276.408   -21.07   15.03
 -78964.411   266.233   -27.77   11.52
 -78597.985   256.331   -27.02   13.84
 -78231.468   246.995   -25.47   15.23
 -77864.860   234.623   -33.75   14.04
 -77498.159   225.659   -24.44   11.69
 -77131.368   219.365   -17.16    8.73
 -76764.484   214.525   -13.19    8.11
 -76397.509   211.970    -6.96    8.17
 -76030.441   210.269    -4.63    6.76
 -75663.282   209.017    -3.41    6.66
 -75296.031   208.894    -0.33    7.18
 -74928.688   208.247    -1.76    7.55
 -74561.252   206.167    -5.66    8.06
 -74193.724   201.728   -12.08    9.15
 -73826.104   193.981   -21.07   10.08
 -73458.392   185.736   -22.42   11.11
 -73090.587   176.999   -23.75    9.03
 -72722.690   169.540   -20.27    7.88
 -72354.700   163.715   -15.83    6.12
 -71986.618   160.849    -7.78    6.31
 -71618.442   163.075     6.05   10.75
 -71250.174   167.087    10.89   14.18
 -70881.814   172.399    14.42   14.12
 -70513.360   176.893    12.20   10.80
 -70144.813   179.955     8.31    8.70
 -69776.173   185.970    16.32    9.69
 -69407.440   193.131    19.42   10.67
 -69038.614   199.468    17.18    9.02
 -68669.695   201.720     6.10    6.65
 -68300.682   200.678    -2.82    6.92
 -67931.576   195.264   -14.67    8.90
 -67562.376   188.571   -18.13    8.37
 -67193.083   183.039   -14.98    7.05
 -66823.696   179.414    -9.81    7.21
 -66454.215   176.163    -8.80    7.23
 -66084.641   173.981    -5.90    7.28
 -65714.972   169.806   -11.29    8.37
 -65345.210   163.234   -17.77    7.82
 -64975.354   156.765   -17.49    6.98
 -64605.404   152.423   -11.74    5.78
 -64235.360   148.967    -9.34    4.19
 -63865.221   146.523    -6.60    3.62
 -63494.988   143.927    -7.01    4.98
 -63124.661   139.446   -12.10    7.51
 -62754.240   132.728   -18.14    9.72
 -62383.723   124.504   -22.19   10.65
 -62013.113   118.918   -15.07    8.28
 -61642.407   117.614    -3.52    7.42
 -61271.607   122.548    13.31   11.04
 -60900.713   129.612    19.05    9.71
 -60529.723   136.428    18.37    4.72
 -60158.638   138.565     5.76    2.53
 -59787.459   136.735    -4.93    5.37
 -59416.184   129.181   -20.34   13.13
 -59044.814   117.954   -30.23   19.17
 -58673.349   105.806   -32.70   18.18
 -58301.789    99.786   -16.20   13.42
 -57930.133   101.140     3.64   14.16
 -57558.382   109.340    22.06   12.41
 -57186.536   114.744    14.53    6.54
 -56814.594   112.515    -5.99    7.61
 -56442.556   107.077   -14.62    7.21
 -56070.422   103.926    -8.47    5.00
 -55698.193   102.942    -2.64    4.95
 -55325.867   103.778     2.25    6.02
 -54953.446   106.038     6.07    7.97
 -54580.929   108.481     6.56    9.86
 -54208.315   111.331     7.65    9.86
 -53835.606   115.586    11.41   10.76
 -53462.800   121.232    15.14   11.90
 -53089.898   124.772     9.49   12.29
 -52716.899   126.339     4.20   11.74
 -52343.804   126.083    -0.69   10.61
 -51970.612   127.460     3.69   10.77
 -51597.324   130.224     7.40   13.48
 -51223.939   134.221    10.70   16.81
 -50850.458   140.798    17.61   20.79
 -50476.879   146.529    15.34   22.08
 -50103.204   152.560    16.14   18.78
 -49729.431   153.962     3.75   14.00
 -49355.561   153.656    -0.82    9.74
 -48981.595   148.823   -12.93    7.44
 -48607.531   143.984   -12.94    5.97
 -48233.369   139.433   -12.16    4.24
 -47859.111   137.569    -4.98    3.99
 -47484.755   139.202     4.36    7.03
 -47110.301   142.954    10.02    8.47
 -46735.750   146.430     9.28    8.81
 -46361.101   148.923     6.65    8.13
 -45986.354   152.876    10.55    8.11
 -45611.510   158.377    14.68    9.15
 -45236.567   165.388    18.70   11.01
 -44861.527   171.798    17.09   12.84
 -44486.388   176.861    13.50   14.86
 -44111.151   179.700     7.57   15.42
 -43735.817   180.376     1.80   14.31
 -43360.383   181.864     3.96   11.14
 -42984.852   181.198    -1.77    8.45
 -42609.222   179.331    -4.97    8.39
 -42233.493   171.741   -20.20   14.21
 -41857.666   160.436   -30.08   19.37
 -41481.740   143.469   -45.13   22.75
 -41105.716   124.882   -49.43   18.69
 -40729.592   106.992   -47.56   18.48
 -40353.370    92.123   -39.52   17.96
 -39977.048    76.716   -40.94   14.32
 -39600.628    66.265   -27.76   10.25
 -39224.108    60.272   -15.92    7.68
 -38847.490    58.042    -5.92    7.31
 -38470.771    58.118     0.20    8.50
 -38093.954    60.740     6.96    9.01
 -37717.037    63.843     8.23    8.11
 -37340.020    68.104    11.30    4.05
 -36962.904    69.000     2.38    4.16
 -36585.688    69.121     0.32    4.82
 -36208.373    69.626     1.34    4.95
 -35830.957    68.093    -4.06    5.65
 -35453.442    65.637    -6.51    8.04
 -35075.826    63.503    -5.65    9.28
 -34698.111    59.332   -11.04    9.08
 -34320.295    55.265   -10.76    9.79
 -33942.379    52.893    -6.28   10.01
 -33564.363    51.198    -4.48    9.48
 -33186.246    49.134    -5.46   10.60
 -32808.029    44.932   -11.11   10.64
 -32429.711    41.546    -8.95   11.39
 -32051.293    43.063     4.01   13.49
 -31672.774    44.315     3.31   15.82
 -31294.154    44.662     0.92   15.86
 -30915.433    43.221    -3.80   15.92
 -30536.611    40.884    -6.17   15.45
 -30157.688    38.185    -7.12   12.82
 -29778.664    37.749    -1.15    8.77
 -29399.539    35.881    -4.93    7.92
 -29020.312    31.339   -11.98    8.93
 -28640.984    27.965    -8.90    9.29
 -28261.555    26.450    -3.99    8.46
 -27882.024    27.331     2.32    7.63
 -27502.391    28.541     3.19    6.17
 -27122.657    29.380     2.21    5.26
 -26742.821    29.731     0.92    3.73
 -26362.883    29.819     0.23    3.66
 -25982.843    30.664     2.22    3.39
 -25602.701    30.933     0.71    3.30
 -25222.457    31.678     1.96    4.02
 -24842.111    32.236     1.47    4.55
 -24461.662    32.061    -0.46    4.49
 -24081.112    31.040    -2.68    4.32
 -23700.458    31.604     1.48    4.98
 -23319.703    32.225     1.63    5.46
 -22938.844    33.349     2.95    5.57
 -22557.883    34.217     2.28    4.73
 -22176.819    35.108     2.34    4.26
 -21795.653    35.984     2.30    3.83
 -21414.383    34.565    -3.72    5.89
 -21033.010    29.839   -12.39    7.80
 -20651.534    27.118    -7.13    7.34
 -20269.956    25.474    -4.31    6.00
 -19888.273    26.126     1.71    5.02
 -19506.488    26.184     0.15    3.77
 -19124.599    25.943    -0.63    2.50
 -18742.606    26.006     0.17    2.11
 -18360.510    26.938     2.44    2.92
 -17978.310    27.819     2.31    4.47
 -17596.007    27.640    -0.47    4.54
 -17213.599    25.960    -4.39    3.66
 -16831.088    24.654    -3.41    2.57
 -16448.473    25.331     1.77    2.70
 -16072.049    24.887    -1.18    3.15
 -15708.751    23.831    -2.91    4.01
 -15345.362    21.634    -6.04    5.50
 -14981.882    18.975    -7.31    5.88
 -14618.311    17.749    -3.37    5.59
 -14254.649    16.290    -4.01    5.15
 -13890.896    14.315    -5.43    5.54
 -13527.052    11.754    -7.04    5.55
 -13163.116     8.569    -8.75    4.81
 -12799.089     5.158    -9.37    3.87
 -12434.970     2.737    -6.65    3.06
 -12070.760     1.694    -2.87    2.31
 -11706.459     0.923    -2.12    1.88
 -11342.066     2.274     3.71    4.36
 -10977.581     5.412     8.61    7.54
 -10613.004     9.888    12.28    8.84
 -10248.335    12.726     7.78    7.40
  -9883.575    13.864     3.12    5.43
  -9518.722    12.044    -4.99    5.87
  -9153.778    10.234    -4.96    5.38
  -8788.741    10.794     1.53    5.83
  -8423.612    13.469     7.33    6.26
  -8058.391    16.699     8.84    4.79
  -7693.078    19.315     7.16    4.08
  -7327.672    21.971     7.27    5.16
  -6962.173    25.502     9.66    6.44
  -6596.582    29.297    10.38    5.54
  -6230.899    31.992     7.37    3.65
  -5865.122    33.705     4.68    3.80
  -5499.253    34.573     2.37    5.72
  -5133.291    33.218    -3.70    6.53
  -4767.236    31.044    -5.94    6.61
  -4401.089    27.696    -9.14    4.79
  -4034.848    23.883   -10.41    4.84
  -3668.514    18.973   -13.40    7.41
  -3302.087    13.864   -13.94    8.44
  -2935.566     9.547   -11.78    7.16
  -2568.952     6.865    -7.31    5.30
  -2202.245     6.061    -2.20    4.87
  -1835.444     5.581    -1.31    4.75
  -1468.550     5.236    -0.94    5.19
  -1101.562     2.968    -6.18    4.88
   -734.481     0.691    -6.20    2.59
   -367.305     1.306     1.68    5.05
     -0.036     2.227     2.51    6.26
    367.327     4.429     6.00    8.33
    734.784     8.981    12.39   10.07
   1102.335    10.565     4.31    9.36
   1469.981     9.473    -2.97    9.90
   1837.720     5.774   -10.06    9.89
   2205.554     1.968   -10.35    5.39
   2573.482     1.823    -0.39    4.00
   2941.505     1.968     0.39    3.72
   3309.622     1.571    -1.08    3.72
   3677.833     0.654    -2.49    3.71
   4046.140    -0.749    -3.81    1.86
   4414.541    -1.230    -1.30    1.15
   4783.037    -0.970     0.71    1.48
   5151.627    -0.653     0.86    1.90
   5520.313     0.573     3.33    3.18
   5889.093     2.470     5.15    3.67
   6257.969     3.899     3.87    3.46
   6626.940     6.367     6.69    2.93
   6996.006     7.129     2.07    2.69
   7365.168     7.815     1.86    2.21
   7734.424     8.050     0.64    1.91
   8103.777     8.108     0.16    1.85
   8473.225     9.620     4.09    4.27
   8842.768    11.895     6.16    5.61
   9212.407    13.402     4.08    5.23
   9582.142    15.039     4.43    4.60
   9951.973    14.024    -2.74    4.80
  10321.899    11.388    -7.13    4.28
  10691.922     9.132    -6.10    3.39
  11062.041     9.403     0.73    3.98
  11432.255    10.085     1.84    4.30
  11802.566    10.404     0.86    4.28
  12172.974    10.411     0.02    3.64
  12543.477    10.135    -0.74    2.99
  12914.077     9.176    -2.59    2.34
  13284.774     8.218    -2.59    2.17
  13655.567     8.418     0.54    2.28
  14026.457     9.691     3.43    2.95
  14397.443    10.315     1.68    3.02
  14768.527    10.498     0.49    3.48
  15139.707     9.561    -2.53    3.94
  15510.984     7.523    -5.49    3.72
  15882.359     6.767    -2.04    3.18
  16253.830     6.774     0.02    2.96
  16625.398     7.272     1.34    2.94
  16997.064     7.258    -0.04    3.45
  17368.828     6.484    -2.08    3.95
  17740.688     6.137    -0.93    4.01
  18112.646     7.718     4.25    6.14
  18484.702     9.928     5.94    7.48
  18856.855    11.587     4.46    7.38
  19229.106    11.457    -0.35    7.53
  19601.455    10.477    -2.63    6.21
  19973.902     7.826    -7.12    5.43
  20346.447     6.315    -4.06    4.37
  20719.090     7.003     1.85    4.25
  21091.831     7.067     0.17    4.80
  21464.670     8.099     2.77    6.15
  21837.607     9.091     2.66    7.15
  22210.643     8.815    -0.74    8.23
  22583.777     9.257     1.19    8.54
  22957.010     7.379    -5.03    6.80
  23330.341     6.642    -1.97    4.77
  23703.771     6.291    -0.94    4.74
  24077.300     6.152    -0.37    4.31
  24450.927     5.363    -2.11    3.72
  24824.654     5.283    -0.22    3.83
  25198.479     4.761    -1.40    3.92
  25572.404     4.557    -0.55    3.85
  25946.427     5.053     1.33    3.79
  26320.550     6.486     3.83    5.11
  26694.772     8.011     4.08    5.90
  27069.094     8.929     2.45    5.33
  27443.515     8.298    -1.68    4.28
  27818.035     7.955    -0.92    3.54
  28192.655     7.516    -1.17    3.97
  28567.375     7.603     0.23    3.83
  28942.195     8.539     2.50    3.48
  29317.114     9.436     2.39    3.26
  29692.133     8.691    -1.99    2.75
  30067.253     7.852    -2.23    2.13
  30442.472     7.099    -2.01    3.29
  30817.792     6.798    -0.80    3.42
  31193.212     6.103    -1.85    3.15
  31568.732     5.275    -2.20    3.10
  31944.353     4.832    -1.18    3.33
  32320.074     5.592     2.02    4.20
  32695.896     5.981     1.03    4.33
  33071.818     5.884    -0.26    3.91
  33447.841     5.968     0.22    3.52
  33823.965     7.827     4.94    6.16
  34200.190    14.427    17.54   11.94
  34576.516    22.965    22.69   15.83
  34952.943    37.461    38.51   18.32
  35329.471    50.450    34.50   18.26
  35706.100    61.571    29.53   13.87
  36082.831    63.504     5.13   13.45
  36459.663    65.941     6.47   13.28
  36836.596    72.024    16.14   16.41
  37213.631    78.178    16.32   15.16
  37590.768    83.340    13.69    9.65
  37968.006    83.987     1.71    9.30
  38345.346    80.862    -8.28   10.49
  38722.788    77.079   -10.02   14.73
  39100.332    75.640    -3.81   15.97
  39477.979    72.981    -7.04   14.44
  39855.727    72.819    -0.43   11.20
  40233.577    74.915     5.55    9.75
  40611.530    77.467     6.75   10.70
  40989.585    78.156     1.82   10.77
  41367.743    80.550     6.33   10.37
  41746.003    77.958    -6.85   10.83
  42124.366    75.063    -7.65    9.91
  42502.831    74.315    -1.98    9.68
  42881.399    75.608     3.42    8.90
  43260.071    78.365     7.28    9.47
  43638.845    77.472    -2.36    9.73
  44017.722    77.108    -0.96    7.75
  44396.702    75.460    -4.35    5.23
  44775.786    73.435    -5.34    6.13
  45154.973    73.656     0.58    8.83
  45534.263    71.259    -6.32   13.45
  45913.656    63.397   -20.72   18.50
  46293.154    53.157   -26.98   16.59
  46672.755    46.063   -18.69   11.87
  47052.459    42.963    -8.16    7.37
  47432.268    45.015     5.40    6.05
  47812.180    46.780     4.65    4.91
  48192.196    47.823     2.74    8.72
  48572.317    45.403    -6.36   10.90
  48952.541    42.355    -8.02   10.71
  49332.870    38.921    -9.03    9.24
  49713.303    34.790   -10.86    7.54
  50093.841    34.204    -1.54    9.63
  50474.483    34.257     0.14   11.55
  50855.230    36.408     5.65   12.22
  51236.081    39.608     8.40   11.00
  51617.037    41.459     4.86    7.58
  51998.098    42.021     1.48    4.16
  52379.264    38.677    -8.77    4.15
  52760.534    36.252    -6.36    4.19
  53141.910    34.795    -3.82    5.55
  53523.391    34.519    -0.72    6.76
  53904.978    34.882     0.95    7.12
  54286.670    33.331    -4.06    7.06
  54668.467    31.893    -3.77    5.98
  55050.370    29.852    -5.34    3.85
  55432.378    31.307     3.81    6.02
  55814.492    33.947     6.91    6.99
  56196.712    36.843     7.58    7.69
  56579.038    37.937     2.86    8.26
  56961.469    35.915    -5.29    9.65
  57344.007    31.102   -12.58    8.66
  57726.651    28.315    -7.28    6.24
  58109.401    26.494    -4.76    4.53
  58492.258    26.491    -0.01    4.58
  58857.780    28.210     4.70    6.19
  59220.941    31.486     9.02    8.01
  59584.195    33.648     5.95    8.04
  59947.541    35.044     3.84    6.66
  60310.980    35.330     0.79    5.76
  60674.512    33.751    -4.34    5.72
  61038.136    32.510    -3.41    6.37
  61401.853    32.533     0.06    6.49
  61765.663    33.997     4.02    6.62
  62129.565    37.689    10.14    8.99
  62493.561    42.158    12.28    9.90
  62857.650    45.606     9.47    8.33
  63221.832    47.667     5.66    7.42
  63586.107    47.392    -0.75    6.17
  63950.476    46.699    -1.90    4.80
  64314.938    45.593    -3.03    4.79
  64679.493    42.656    -8.06    5.25
  65044.142    40.915    -4.78    4.98
  65408.884    39.941    -2.67    4.25
  65773.720    39.819    -0.33    3.69
  66138.650    41.205     3.80    3.20
  66503.674    43.493     6.27    2.52
  66868.791    45.632     5.86    4.12
  67234.003    46.739     3.03    4.73
  67599.308    46.757     0.05    5.32
  67964.708    45.212    -4.23    5.97
  68330.201    43.394    -4.98    4.89
  68695.789    42.067    -3.63    3.28
  69061.472    42.088     0.06    3.20
  69427.248    43.172     2.96    3.09
  69793.119    44.227     2.88    3.32
  70159.085    45.175     2.59    3.06
  70525.145    45.710     1.46    2.44
  70891.300    44.581    -3.08    3.13
  71257.550    43.012    -4.28    3.58
  71623.895    42.355    -1.80    3.89
  71990.334    42.220    -0.37    4.09
  72356.869    42.440     0.60    3.39
  72723.498    43.871     3.90    2.73
  73090.223    45.705     5.00    3.84
  73457.043    48.038     6.36    5.48
  73823.958    50.721     7.31    5.85
  74190.968    51.111     1.06    7.21
  74558.074    50.080    -2.81    7.66
  74925.276    47.931    -5.85    6.95
  75292.573    44.553    -9.20    4.33
  75659.965    42.968    -4.31    4.51
  76027.454    41.373    -4.34    4.08
  76395.038    40.237    -3.09    3.85
  76762.718    39.005    -3.35    3.17
  77130.494    38.381    -1.69    2.51
  77498.366    38.563     0.49    3.10
  77866.335    39.104     1.47    3.40
  78234.399    40.059     2.59    3.07
  78602.560    41.885     4.96    3.23
  78970.817    43.291     3.82    3.51
  79339.170    44.531     3.37    3.45
  79707.620    44.760     0.62    2.63
  80076.167    44.148    -1.66    2.91
  80444.810    43.699    -1.22    3.21
  80813.550    44.145     1.21    5.00
  81182.387    45.949     4.89    6.93
  81551.320    48.791     7.70    6.93
  81920.351    51.299     6.80    6.27
  82289.478    50.823    -1.29    6.34
  82658.703    48.268    -6.92    7.49
  83028.025    45.611    -7.19    7.96
  83397.444    40.548   -13.71    7.36
  83766.961    37.401    -8.52    4.84
  84136.575    37.067    -0.90    3.21
  84506.286    37.998     2.52    3.48
  84876.095    39.907     5.16    3.41
  85246.002    41.212     3.53    2.77
  85616.006    42.362     3.11    2.69
  85986.108    43.984     4.38    2.05
  86356.309    44.839     2.31    2.23
  86726.607    45.787     2.56    2.58
  87097.003    46.184     1.07    3.01
  87467.497    45.490    -1.87    3.63
  87838.090    43.935    -4.20    3.63
  88208.780    43.051    -2.38    3.23
  88579.570    42.415    -1.72    3.12
  88950.457    40.376    -5.50    3.73
  89321.443    38.077    -6.20    5.17
  89692.528    35.664    -6.50    5.01
  90063.711    35.162    -1.35    4.41
  90434.994    35.267     0.28    4.14
  90806.374    35.132    -0.36    4.56
  91177.854    32.834    -6.19    6.05
  91549.433    27.748   -13.69    6.26
  91921.111    23.553   -11.29    5.88
  92292.888    20.625    -7.88    4.89
  92664.765    19.606    -2.74    4.36
  93036.741    20.067     1.24    4.72
  93408.816    21.511     3.88    4.65
  93780.990    22.667     3.10    3.60
  94153.264    24.206     4.14    3.34
  94525.638    27.157     7.93    5.46
  94898.112    32.369    13.99    6.92
  95270.685    37.715    14.35    7.26
  95643.358    42.984    14.14    5.68
  96016.131    45.873     7.75    4.95
  96389.005    47.252     3.70    4.64
  96761.978    47.563     0.83    4.52
  97135.052    46.868    -1.86    4.12
  97508.225    47.157     0.77    4.20
  97881.500    49.986     7.58    6.62
  98254.874    56.269    16.83   10.45
  98628.350    66.224    26.66   12.24
  99001.925    74.907    23.24   10.55
  99375.602    79.799    13.09    8.13
  99749.379    81.903     5.63    9.34
 100123.257    85.346     9.21   10.91
 100497.236    89.346    10.70   11.81
 100871.317    93.346    10.69   11.86
 101245.498    91.586    -4.70   12.51
 101619.780    88.003    -9.57   11.73
 101994.164    86.950    -2.81    9.69
 102368.649    91.144    11.20   12.86
 102743.236   100.851    25.92   14.18
 103117.924   112.407    30.84   11.82
 103492.713   120.997    22.92   10.60
 103867.605   127.873    18.34    9.13
 104242.598   131.530     9.75    6.00
 104617.693   133.387     4.95    4.13
 104992.890   134.722     3.56    5.62
 105368.189   138.493    10.05    7.96
 105743.590   144.250    15.34    7.14
 106119.093   147.501     8.66    4.21
 106494.699   148.323     2.19    3.75
 106870.406   146.663    -4.42    4.86
 107246.217   144.718    -5.18    5.18
 107622.130   143.790    -2.47    5.70
 107998.145   141.971    -4.84    5.82
 108374.263   138.291    -9.78    5.87
 108750.484   131.688   -17.55    9.45
 109126.808   122.513   -24.38   15.05
 109503.235   112.472   -26.68   16.48
 109879.765   107.730   -12.59   13.58
 110256.398   105.764    -5.22   12.98
 110633.134   108.744     7.91   13.55
 111009.973   112.551    10.10   14.06
 111386.916   120.632    21.44   15.18
 111763.962   128.020    19.60   11.97
 112141.112   133.684    15.02    9.60
 112518.366   134.191     1.34   12.40
 112895.723   131.063    -8.29   13.74
 113273.184   126.658   -11.67   13.18
 113650.749   125.377    -3.39   11.06
 114028.418   126.276     2.38    9.89
 114406.191   127.315     2.75   10.25
 114784.068   128.902     4.20   10.12
 115162.049   130.901     5.29    8.22
 115540.135   130.435    -1.23    6.34
 115918.325   127.338    -8.19    6.11
 116296.620   122.949   -11.60    7.86
 116675.019   116.322   -17.51    9.48
 117053.523   112.284   -10.67    8.06
 117432.131   111.994    -0.76    6.79
 117810.845   116.246    11.23    8.82
 118189.663   122.976    17.77    8.85
 118568.587   130.107    18.82   10.91
 118947.615   133.826     9.81   13.04
 119326.749   137.710    10.24   15.71
 119705.988   142.012    11.34   17.88
 120085.332   145.385     8.89   17.96
 120464.782   145.555     0.45   17.76
 120844.338   141.868    -9.71   17.54
 121223.999   136.596   -13.89   13.39
 121603.766   131.269   -14.03    9.85
 121983.638   128.211    -8.05   11.37
 122363.617   124.070   -10.90   11.67
 122743.702   120.154   -10.30    8.03
 123123.892   119.998    -0.41    6.12
 123504.189   129.429    24.80   15.65
 123884.592   142.854    35.29   19.44
 124265.102   156.607    36.14   17.14
 124645.717   164.768    21.44    9.24
 125026.440   162.617    -5.65   11.62
 125407.269   155.405   -18.94   14.87
 125788.205   145.926   -24.89   13.97
 126169.247   133.130   -33.58   15.03
 126550.397   120.570   -32.95   18.39
 126931.653   108.683   -31.18   17.71
 127313.017    96.452   -32.07   13.87
 127694.487    85.926   -27.59   16.05
 128076.065    75.815   -26.50   17.84
 128457.751    66.160   -25.30   14.06
 128839.543    59.168   -18.31    7.99
 129221.444    56.215    -7.74    2.90
 129603.452    55.419    -2.08    0.60
 129985.567    55.315    -0.27    0.00
 130367.791    55.315     0.00    0.00
 130750.122    55.653     0.89    1.44
 131132.561    55.898     0.64    1.76
 131515.109    56.720     2.15    3.70
 131897.764    58.620     4.97    5.10
 132280.528    59.571     2.48    4.04
 132663.400    62.375     7.33    5.34
 133046.381    64.656     5.95    5.60
 133420.922    64.643    -0.03    5.85
 133783.865    65.177     1.47    5.85
 134146.902    68.068     7.96    9.10
 134510.033    72.484    12.16   12.90
 134873.258    75.745     8.98   12.87
 135236.576    78.648     7.99   11.34
 135599.989    82.243     9.89   10.53
 135963.496    82.826     1.60    8.25
 136327.098    85.360     6.97    8.74
 136690.793    86.220     2.36    8.60
 137054.583    81.915   -11.84   12.13
 137418.467    75.605   -17.34   14.43
 137782.446    67.968   -20.98    9.88
 138146.520    69.187     3.35   11.20
 138510.688    75.216    16.56   13.03
 138874.951    79.661    12.20   11.39
 139239.308    82.688     8.31   10.13
 139603.761    84.563     5.15   11.46
 139968.308    85.415     2.34   11.50
 140332.951    87.027     4.42    9.28
 140697.689    87.002    -0.07    8.86
 141062.521    85.811    -3.26    7.17
 141427.450    85.008    -2.20    4.77
 141792.473    87.398     6.55    4.87
 142157.592    90.413     8.26    5.79
 142522.807    91.968     4.26    6.73
 142888.117    94.838     7.86    6.63
 143253.522    99.299    12.21    7.45
 143619.024   104.283    13.63    7.72
 143984.621   108.576    11.74    6.44
 144350.314   111.976     9.30    4.58
 144716.103   112.323     0.95    4.44
 145081.988   111.284    -2.84    5.97
 145447.969   109.693    -4.35    8.30
 145814.047   106.378    -9.06   11.02
 146180.220   102.214   -11.37   12.39
 146546.490    99.716    -6.82   12.66
 146912.857    99.354    -0.99   11.48
 147279.320   102.945     9.80   10.32
 147645.879   104.803     5.07    9.41
 148012.536   106.744     5.29    8.08
 148379.289   109.127     6.50    8.55
 148746.138   109.080    -0.13    8.29
 149113.085   110.361     3.49    7.22
 149480.129   111.067     1.92    6.27
 149847.269   114.024     8.05    7.49
 150214.507   118.115    11.14    7.27
 150581.842   119.384     3.46    9.84
 150949.274   116.024    -9.15   14.58
 151316.804   111.330   -12.77   15.17
 151684.431   107.215   -11.19   11.53
 152052.155   106.247    -2.63    6.58
 152419.978   107.799     4.22    5.19
 152787.897   108.145     0.94    6.96
 153155.915   106.070    -5.64    8.61
 153524.031   102.752    -9.01   10.19
 153892.244    95.515   -19.66   12.87
 154260.555    87.016   -23.08   12.13
 154628.965    81.276   -15.58    7.43
 154997.472    77.521   -10.19    7.19
 155366.078    75.241    -6.19    9.65
 155734.782    73.499    -4.72   10.72
 156103.585    68.996   -12.21    9.66
 156472.486    65.307   -10.00    5.53
 156841.485    63.607    -4.61    4.96
 157210.583    64.849     3.37    6.13
 157579.780    67.710     7.75    6.30
 157949.076    70.421     7.34    6.02
 158318.471    71.738     3.56    6.02
 158687.964    70.121    -4.38    7.04
 159057.557    67.261    -7.74    7.02
 159427.248    65.368    -5.12    5.52
 159797.039    65.986     1.67    5.72
 160166.929    68.992     8.13    7.12
 160536.919    68.941    -0.14    7.18
 160907.008    66.673    -6.13    8.48
 161277.196    64.345    -6.29    7.60
 161647.484    65.406     2.87    7.98
 162017.872    68.083     7.23    8.96
 162388.360    69.409     3.58    8.52
 162758.947    66.084    -8.97    9.81
 163129.634    61.800   -11.56    9.30
 163500.422    57.667   -11.15    6.91
 163871.309    53.811   -10.40    5.82
 164242.297    52.246    -4.22    6.28
 164613.385    50.307    -5.23    6.06
 164984.573    49.974    -0.90    5.30
 165355.861    51.671     4.57    3.59
 165727.251    53.218     4.17    3.10
 166098.740    54.300     2.91    3.30
 166470.331    55.753     3.91    3.52
 166842.022    57.741     5.35    4.34
 167213.814    58.941     3.23    3.86
 167585.707    59.186     0.66    3.83
 167957.701    58.154    -2.77    4.47
 168329.796    55.807    -6.31    4.09
 168701.992    55.605    -0.54    3.96
 169074.290    56.876     3.42    5.11
 169446.688    58.360     3.98    5.31
 169819.189    60.947     6.95    5.38
 170191.790    63.480     6.80    5.97
 170564.494    66.082     6.98    6.05
 170937.299    69.075     8.03    5.37
 171310.206    69.863     2.12    5.18
 171683.214    67.954    -5.12    6.50
 172056.325    65.091    -7.67    7.35
 172429.537    61.844    -8.70    6.91
 172802.852    60.337    -4.04    5.86
 173176.269    61.051     1.91    4.78
 173549.788    62.777     4.62    3.69
 173923.410    62.678    -0.27    3.50
 174297.134    62.115    -1.51    4.12
 174670.960    61.889    -0.60    4.52
 175044.889    60.784    -2.96    4.71
 175418.921    60.231    -1.48    4.80
 175793.056    60.568     0.90    4.79
 176167.293    61.355     2.10    5.48
 176541.634    62.939     4.23    6.30
 176916.077    63.718     2.08    6.96
 177290.624    64.283     1.51    7.69
 177665.274    63.888    -1.05    7.72
 178040.027    63.719    -0.45    7.20
 178414.883    64.384     1.77    7.17
 178789.843    66.344     5.23    6.29
 179164.907    69.070     7.27    7.29
 179540.074    74.345    14.06   10.65
 179915.345    81.638    19.44   14.13
 180290.720    87.902    16.69   15.18
 180666.198    92.796    13.04   13.05
 181041.781    95.894     8.25   11.92
 181417.468    98.685     7.43   13.86
 181793.259   102.366     9.80   15.60
 182169.154   107.011    12.36   15.13
 182545.153   109.822     7.48   14.36
 182921.257   110.128     0.81   13.16
 183297.466   108.490    -4.35   11.83
 183673.779   107.406    -2.88   11.00
 184050.197   109.013     4.27   12.46
 184426.719   112.003     7.94   13.88
 184803.347   113.113     2.95   12.80
 185180.079   111.352    -4.67   11.98
 185556.917   106.658   -12.46   10.44
 185933.860   103.927    -7.25    9.74
 186310.907   103.690    -0.63   10.08
 186688.061   106.280     6.87   10.68
 187065.319   110.739    11.82    7.76
 187442.683   112.753     5.34    7.24
