# NaN NaN NaN ;Mean Elev.(m), Avg Gradient(m/km), RMS Gradient(m/km) - SRTM1     
#  -12.949   0.540   8.541 ;Mean Elev.(m), Avg Gradient(m/km), RMS Gradient(m/km) - ASTER GDEM
#    6.446   0.858  14.365 ;Mean Elev.(m), Avg Gradient(m/km), RMS Gradient(m/km) - GMTED2010 
  6 102.135152  71.857517     7.118     7.113  4 52437.20840926 41.249
  7 102.136761  71.859065     1.518     1.459  4 52472.20841016 31.421
  8 102.140184  71.861952   -10.022    -9.758  6 52507.20838465 26.605
  9 102.141577  71.843728    -0.181    -0.111  4 52542.20837008 50.393
 10 102.138465  71.856701     5.561     5.783  4 52577.20841805 22.927
 11 102.139845  71.864103     8.971     7.436  6 52612.20838038 19.814
 12 102.136616  71.850606    13.365    13.803  4 52647.20836753 15.036
 13 102.138722  71.857219    10.495    10.470  4 52682.20833692 13.226
 14 102.138036  71.853262    10.578    10.435  3 52717.20839655 11.567
 15 102.139422  71.871333     9.532     9.533  6 52752.20841866 11.702
 16 102.145271  71.846976     2.024     0.587  4 52787.20836747 19.878
 17 102.142305  71.848985     4.564     4.168  4 52822.20843987 25.656
 18 102.139240  71.848930     6.975     6.527  4 52857.20848704 17.009
 19 102.135951  71.856621     4.088     4.090  4 52892.20851801 25.050
 20 102.137146  71.868919     0.780     0.797  6 52927.20846774 38.952
 21 102.144816  71.845569     5.167     5.224  4 52962.20844135 23.185
 22 102.137418  71.856426    11.811    12.709  4 52997.20848172 17.326
 23 102.138846  71.868210     8.702     8.540  6 53032.20843797 16.216
 24 102.140084  71.852532    10.533    10.443  4 53067.20845111 15.283
 25 102.140306  71.871424     8.860     8.835  6 53102.20844181 13.781
 26 102.139701  71.849643     6.139     6.096  3 53137.20845424 13.220
 27 102.137806  71.853769     7.021     8.114  3 53172.20850126 28.550
 28 102.135641  71.857163     4.684     4.736  4 53207.20851523 23.554
 29 102.143937  71.863575     3.107     1.977  6 53242.20848159 23.731
 30 102.141900  71.844444     4.701     6.063  4 53277.20845778 37.106
 31 102.138041  71.855474     4.582     5.793  4 53312.20849190 22.930
 32 102.137298  71.858369     6.260     6.283  4 53347.20845725 17.582
 33 102.143459  71.846233     9.442     9.172  4 53382.20842198 15.476
 34 102.135837  71.851793     6.561     6.590  4 53417.20843704 14.963
 35 102.144970  71.843416     6.169     6.170  4 53452.20843824 13.119
 36 102.135625  71.856439     6.313     6.339  4 53487.20852151 11.808
 37 102.137570  71.854931     3.478     2.530  4 53522.20851280 26.312
 38 102.143660  71.864917     7.522     7.372  6 53557.20853601 19.948
 39 102.137277  71.859766     5.710     5.893  5 53592.20847400 22.856
 40 102.141823  71.847126     1.054     1.038  4 53627.20846619 51.345
 41 102.136058  71.853005     0.577     0.629  4 53662.20849072 32.661
 42 102.142555  71.864294     0.324     0.318  6 53697.20845458 26.539
 43 102.140341  71.867028     4.486     4.588  6 53732.20837679 20.453
 44 102.138313  71.848099     6.184     6.171  4 53767.20835523 17.379
 45 102.141843  71.864472     6.578     5.361  7 53802.20835260 15.307
 46 102.140366  71.845620     6.263     6.236  4 53837.20836667 13.913
 47 102.137581  71.852740     6.365     6.487  3 53872.20841862 10.483
 48 102.139227  71.855873     6.848     6.841  4 53907.20845829 45.525
 49 102.140288  71.862991     3.980     3.213  6 53942.20848414 20.685
 50 102.141128  71.868292    10.150    10.247  6 53977.20843696 16.752
 51 102.146515  71.846057     9.660     6.468  4 54012.20844600 23.166
 52 102.138641  71.850500     1.697     0.176  4 54047.20845713 27.762
 54 102.139231  71.870613     8.763     8.853  6 54117.20837820 14.999
 55 102.138494  71.856549     7.025     6.067  4 54152.20840091 14.603
 56 102.138842  71.867960     8.521     8.397  6 54187.20837196 12.448
 57 102.136714  71.851304     9.269     8.650  4 54222.20841156  9.509
 58 102.138738  71.856945     8.415     8.319  4 54257.20843290 31.439
 59 102.137576  71.854852     6.556     6.661  4 54292.20843561 17.331
 60 102.136666  71.857563     4.475     2.893  3 54327.20843157 23.414
 61 102.138424  71.869213     9.160     9.303  6 54362.20837939 19.436
 62 102.137456  71.852283     0.269     0.299  4 54397.20837231 38.389
 63 102.140223  71.865154     4.986     4.778  6 54432.20832990 20.320
 64 102.139675  71.849669     9.516    10.374  3 54467.20835415 17.510
 65 102.139770  71.862606     5.331     5.532  6 54502.20834506 16.332
 66 102.135544  71.854782     6.638     6.025  4 54537.20836884 14.160
 67 102.141796  71.867243     8.723     7.963  6 54572.20834579 12.126
 68 102.136771  71.854605     1.032     1.062  4 54607.20836224 32.855
 69 102.137016  71.858430     6.908     6.860  4 54642.20837056 20.238
 70 102.138000  71.857086     2.217     2.215  4 54677.20837264 40.877
 71 102.139636  71.866732     4.735     2.406  6 54712.20832516 20.896
 72 102.136594  71.852683     4.764     5.817  4 54747.20834199 33.535
 73 102.137964  71.859073     7.964     6.687  4 54782.20831274 16.939
 74 102.137390  71.851722    10.612    10.700  4 54817.20833492 13.083
 75 102.140415  71.862024    12.189    11.957  6 54852.20830966 11.216
 76 102.135575  71.854396    11.679    11.624  4 54887.20833895 10.685
 77 102.137278  71.870100     9.320     9.194  6 54922.20830902 11.705
 78 102.138058  71.852251     8.799     8.780  4 54957.20833536  9.031
 79 102.135275  71.856057     8.481     8.386  4 54992.20835780 29.858
 80 102.138124  71.859415     4.326     4.234  4 55027.20834780 22.600
 81 102.135983  71.856289     5.221     6.358  4 55062.20834109 22.109
 82 102.136972  71.869761    10.855    11.682  6 55097.20828706 17.340
 84 102.143144  71.863392     6.076     5.225  6 55167.20825024 18.357
 85 102.135841  71.852411     6.381     6.406  4 55202.20827730 15.709
 86 102.141522  71.866336     5.062     5.027  6 55237.20825691 13.828
 87 102.137803  71.857378     5.970     6.128  4 55272.20827067 13.083
 88 102.141664  71.869183     4.796     4.737  6 55307.20823836 12.911
 89 102.137569  71.855224     3.595     2.393  4 55342.20824071 35.742
 90 102.141973  71.862799     5.351     3.709  6 55377.20823305 23.489
 91 102.137762  71.852008     6.779     6.643  4 55412.20825849 17.676
 92 102.136802  71.858115     4.062     4.096  4 55447.20824853 27.174
 93 102.139455  71.871374     4.212     2.525  6 55482.20817683 26.702
