# NaN NaN NaN ;Mean Elev.(m), Avg Gradient(m/km), RMS Gradient(m/km) - SRTM1     
#  -19.031  -0.169   5.622 ;Mean Elev.(m), Avg Gradient(m/km), RMS Gradient(m/km) - ASTER GDEM
#    1.059  -0.908   3.904 ;Mean Elev.(m), Avg Gradient(m/km), RMS Gradient(m/km) - GMTED2010 
  7 103.344733  72.399918     4.930     5.713  3 52472.55156695 20.518
  8 103.345203  72.404769    -3.132    -3.214  4 52507.55154112 31.515
  9 103.343094  72.395133    -0.277    -0.277  2 52542.55152203 44.445
 10 103.345549  72.396239     7.122     3.313  3 52577.55157290 17.643
 11 103.343199  72.406384     2.990     2.897  4 52612.55153878 14.118
 12 103.346189  72.396762     9.902    11.682  3 52647.55152110 10.761
 13 103.348538  72.408513     4.175     3.094  4 52682.55149532 10.130
 15 103.343507  72.403298     3.904     3.806  4 52752.55157771  9.673
 16 103.340873  72.388541     3.999     3.999  2 52787.55152071  8.612
 17 103.346568  72.390573     4.882     4.882  2 52822.55159311 31.132
 19 103.344149  72.399028     3.193     2.781  3 52892.55167351 30.556
 20 103.349877  72.408577     0.990     1.018  5 52927.55162647 38.594
 21 103.346218  72.393483     3.696     3.696  2 52962.55159653 19.325
 22 103.345675  72.397785     4.361     4.361  2 52997.55163819 14.886
 23 103.349429  72.408040     3.983     3.697  4 53032.55159702 13.707
 24 103.343406  72.399968     3.536     3.548  3 53067.55160726 13.516
 25 103.348612  72.409461     3.099     2.908  5 53102.55160053 13.591
 26 103.344994  72.397802     3.788     3.670  3 53137.55161006 10.520
 27 103.346084  72.395969     5.369     5.970  3 53172.55165580 27.559
 28 103.343641  72.401897     3.632     3.618  4 53207.55167170 22.055
 29 103.347646  72.406420     3.204     3.003  4 53242.55163999 29.444
 30 103.341739  72.389273     2.070     2.070  2 53277.55161129 22.282
 31 103.346081  72.396736     2.891     2.925  3 53312.55164618 19.583
 32 103.342898  72.405972     2.609     3.105  4 53347.55161359 14.647
 33 103.345154  72.389751     3.883     3.883  2 53382.55157562 11.390
 34 103.344976  72.405238     2.303     2.307  4 53417.55159230 11.360
 36 103.342884  72.395354     3.356     3.356  2 53487.55167712  8.901
 37 103.342978  72.403483     3.763     3.649  4 53522.55166894 32.259
 38 103.347165  72.397750     5.071     5.658  3 53557.55169310 30.074
 39 103.350256  72.410319     4.105     3.876  5 53592.55163212 20.262
 41 103.346464  72.395356     3.031     3.031  2 53662.55164539 26.617
 42 103.344687  72.406800     1.459     1.622  4 53697.55161197 18.086
 43 103.352848  72.410701     1.749     1.590  5 53732.55153497 16.822
 44 103.342741  72.400677     3.128     3.301  3 53767.55151022 13.891
 45 103.349810  72.408819     2.063     2.132  5 53802.55151087 13.148
 46 103.341772  72.390867    10.813    10.813  2 53837.55152051 12.321
 47 103.344949  72.397944     4.565     4.680  3 53872.55157352 11.554
 49 103.343655  72.396921     5.446     5.446  2 53942.55164077 19.688
 50 103.345699  72.408331     2.117     0.984  4 53977.55159546 30.722
 51 103.341701  72.389764     4.650     4.650  2 54012.55159945 20.742
 52 103.343225  72.403296     2.909     3.076  4 54047.55161212 20.895
 54 103.355365  72.409682     1.402     1.039  4 54117.55153685 13.840
 55 103.345410  72.399894     3.135     3.014  3 54152.55155697 11.558
 56 103.351816  72.408944     1.872     2.067  4 54187.55153037 10.754
 57 103.345600  72.395403    11.970    11.970  2 54222.55156610  9.470
 58 103.344576  72.401469     4.974     4.863  4 54257.55158937 25.643
 59 103.343815  72.401916     5.539     5.634  3 54292.55159176 19.271
 60 103.344764  72.405584     5.128     5.230  4 54327.55158837 24.579
 61 103.350613  72.411150     3.597     3.782  4 54362.55153845 36.160
 62 103.344961  72.399538     1.089     0.662  3 54397.55152712 26.450
 63 103.349837  72.408354     1.921     1.906  4 54432.55148765 13.799
 64 103.344893  72.396323     3.279     3.279  2 54467.55150833 10.981
 65 103.346231  72.407431     2.125     2.259  4 54502.55150279  9.731
 66 103.342270  72.404449     2.541     2.889  4 54537.55152532  9.332
 67 103.349231  72.409118     3.038     3.125  5 54572.55150452  8.428
 68 103.344427  72.400652     5.385     5.262  4 54607.55151807  7.408
 69 103.343158  72.404271     5.474     5.333  5 54642.55152736 26.826
 70 103.343525  72.401434     5.586     5.712  3 54677.55152879 19.143
 71 103.350323  72.410153     3.101     3.280  5 54712.55148389 22.882
 72 103.344408  72.397922     2.344     2.762  3 54747.55149685 33.098
 73 103.345164  72.405536     2.996     2.814  5 54782.55146954 16.218
 74 103.345885  72.397025     3.629     3.629  2 54817.55148946 11.094
 75 103.346517  72.406040     2.675     2.560  5 54852.55146711  9.678
 76 103.343508  72.400584     3.005     2.936  3 54887.55149446  8.148
 77 103.351729  72.410129     4.712     4.792  4 54922.55146808  9.707
 78 103.346231  72.395583    12.027    11.694  3 54957.55149022  7.428
 79 103.342793  72.401097     5.303     5.279  3 54992.55151395 32.777
 80 103.345377  72.404539     2.210     1.016  4 55027.55150492 34.674
 81 103.342851  72.404086     0.766     0.798  4 55062.55149756 48.885
 82 103.350779  72.411370     1.889     0.943  4 55097.55144612 31.082
 83 103.344792  72.398289     0.373    -0.025  3 55132.55143983 40.427
 84 103.346944  72.406531     1.432     1.602  5 55167.55140769 22.078
 85 103.345375  72.397786     3.332     3.307  3 55202.55143217 19.014
 86 103.345801  72.408581     1.748     1.747  4 55237.55141533 17.764
 87 103.341770  72.404296     2.313     2.610  5 55272.55142747 16.010
 88 103.349556  72.410828     1.390     1.383  4 55307.55139807 14.396
 89 103.344492  72.401930     1.257     1.263  4 55342.55139654 39.673
 90 103.347422  72.405163     3.581     3.534  4 55377.55139081 29.444
 91 103.347020  72.396864     5.241     5.698  3 55412.55141336 25.149
 92 103.344503  72.405357     4.012     3.854  5 55447.55140533 28.285
 93 103.353838  72.412178     0.595     0.577  4 55482.55133589 27.754
