-122364.681    58.255     0.00    6.87
-121996.402    58.500     0.66    6.04
-121628.220    58.314    -0.51    5.88
-121260.136    57.103    -3.29    5.28
-120892.150    56.321    -2.13    4.68
-120524.262    55.564    -2.06    4.76
-120156.470    56.260     1.89    4.73
-119788.776    59.707     9.38    6.07
-119421.180    62.334     7.14    6.22
-119053.680    62.167    -0.45    5.89
-118686.278    62.233     0.18    5.55
-118318.972    64.214     5.39    7.66
-117951.764    67.252     8.27   10.64
-117584.652    71.949    12.79   12.03
-117217.637    73.849     5.18   12.13
-116850.719    72.703    -3.12   10.56
-116483.898    69.218    -9.50   10.49
-116117.173    67.190    -5.53   12.23
-115750.544    68.495     3.56   14.19
-115384.012    70.897     6.55   16.58
-115017.576    73.226     6.36   17.29
-114651.237    73.368     0.39   16.98
-114284.993    69.055   -11.78   15.23
-113918.846    68.597    -1.25   12.95
-113552.795    69.749     3.15   11.44
-113186.839    70.294     1.49    9.70
-112820.980    70.200    -0.26    8.99
-112455.216    67.518    -7.33    9.37
-112089.548    64.112    -9.31    7.31
-111723.976    64.241     0.35    6.47
-111358.499    63.919    -0.88    6.94
-110993.118    63.481    -1.20    7.95
-110627.832    64.629     3.14    8.47
-110262.641    66.067     3.94    9.44
-109897.546    67.620     4.25    9.17
-109532.545    65.826    -4.92   11.14
-109167.640    61.307   -12.38   14.15
-108802.830    54.033   -19.94   13.39
-108438.115    49.418   -12.65    8.83
-108073.495    48.895    -1.44    9.18
-107708.969    50.204     3.59   10.51
-107344.538    48.495    -4.69    9.45
-106980.202    46.185    -6.34    7.08
-106615.961    45.452    -2.01    6.73
-106251.814    47.533     5.72    9.08
-105887.761    50.970     9.44   11.77
-105523.803    51.985     2.79   12.91
-105159.939    48.724    -8.96   13.75
-104796.169    43.742   -13.70   12.04
-104432.493    40.818    -8.04    9.19
-104068.911    40.911     0.26    9.08
-103705.424    43.046     5.87    8.51
-103342.030    45.685     7.26    7.06
-102978.730    48.466     7.66    9.68
-102615.524    50.513     5.64    9.87
-102252.411    50.841     0.90    9.79
-101884.561    48.426    -6.56   11.73
-101501.455    42.516   -15.43   11.46
-101118.458    39.061    -9.02    9.18
-100735.568    40.833     4.63    9.12
-100352.787    46.764    15.49    9.43
 -99970.114    53.167    16.73    7.28
 -99587.548    57.919    12.42    7.88
 -99205.090    61.430     9.18    6.57
 -98822.740    59.024    -6.29    9.89
 -98440.498    51.341   -20.10   14.86
 -98058.363    44.404   -18.16   14.08
 -97676.335    43.120    -3.36   14.52
 -97294.415    48.420    13.88   16.78
 -96912.602    55.765    19.24   13.92
 -96530.896    57.333     4.11   11.97
 -96149.297    56.156    -3.08   11.37
 -95767.806    57.418     3.31   10.01
 -95386.421    57.976     1.46    8.34
 -95005.142    59.895     5.03    8.46
 -94623.971    63.483     9.41    9.54
 -94242.906    67.780    11.27    9.43
 -93861.948    72.216    11.65    9.79
 -93481.096    78.132    15.54    9.83
 -93100.350    82.187    10.65    9.53
 -92719.711    84.134     5.11    9.28
 -92339.178    80.764    -8.86    9.73
 -91958.751    79.182    -4.16    8.58
 -91578.429    80.065     2.32    8.51
 -91198.214    83.742     9.67    8.51
 -90818.105    88.015    11.24    8.37
 -90438.101    87.280    -1.93   10.03
 -90058.203    82.957   -11.38   13.20
 -89678.410    76.036   -18.22   13.73
 -89298.723    66.110   -26.14   18.41
 -88919.142    53.149   -34.15   24.83
 -88539.665    40.624   -33.01   23.97
 -88160.294    28.997   -30.65   19.44
 -87781.028    22.904   -16.07   12.87
 -87401.866    20.433    -6.52    7.17
 -87022.810    21.962     4.03    6.39
 -86643.859    25.004     8.03    6.81
 -86265.012    29.240    11.18    9.47
 -85886.270    35.046    15.33   12.21
 -85507.632    40.375    14.08   11.89
 -85129.099    44.502    10.90    9.63
 -84750.671    46.056     4.11    7.75
 -84372.347    47.996     5.13    7.02
 -83994.127    51.244     8.59    6.07
 -83616.011    53.441     5.81    5.99
 -83237.999    55.661     5.87    6.11
 -82860.091    59.492    10.14    5.67
 -82482.287    63.247     9.94    6.27
 -82104.587    65.105     4.92    7.18
 -81726.990    63.230    -4.96    9.66
 -81349.497    58.508   -12.51   12.12
 -80972.108    51.322   -19.04   14.30
 -80594.822    45.060   -16.60   12.00
 -80217.640    41.491    -9.46   10.99
 -79840.561    41.126    -0.97   10.13
 -79463.585    45.238    10.91    8.00
 -79086.712    48.466     8.57    5.92
 -78709.942    48.087    -1.01    6.13
 -78333.275    47.416    -1.78    6.98
 -77956.711    44.681    -7.26    7.99
 -77580.249    41.038    -9.68    6.78
 -77203.891    39.706    -3.54    5.40
 -76827.635    39.294    -1.09    4.53
 -76451.481    40.809     4.03    5.37
 -76075.430    42.091     3.41    5.60
 -75699.481    42.818     1.93    6.32
 -75323.635    45.633     7.49    9.75
 -74947.891    49.740    10.93   11.92
 -74572.248    51.174     3.82   13.09
 -74196.708    51.240     0.17   13.66
 -73821.270    49.568    -4.45   13.31
 -73445.934    47.213    -6.27   11.59
 -73070.699    49.230     5.38   10.28
 -72695.566    52.132     7.74    8.09
 -72320.535    54.652     6.72    7.42
 -71945.605    57.146     6.65    7.43
 -71570.777    59.591     6.52    9.10
 -71196.050    62.958     8.99   10.22
 -70821.424    67.044    10.91    9.23
 -70446.899    69.305     6.04    9.26
 -70072.476    72.564     8.71    7.58
 -69698.153    75.321     7.37    6.75
 -69323.932    80.032    12.59    7.33
 -68949.811    83.551     9.41    8.19
 -68575.791    85.699     5.74    7.45
 -68201.872    84.291    -3.77   11.02
 -67828.053    80.068   -11.30   14.58
 -67454.335    73.009   -18.89   15.06
 -67080.718    65.260   -20.74   13.82
 -66707.200    59.305   -15.94   15.29
 -66333.783    56.408    -7.76   14.45
 -65960.467    55.763    -1.73   13.25
 -65587.250    61.208    14.59   13.92
 -65214.133    66.997    15.52    9.78
 -64841.117    66.049    -2.54   10.85
 -64468.200    62.785    -8.75   15.01
 -64095.383    59.438    -8.98   18.64
 -63722.666    60.865     3.83   22.96
 -63350.048    70.770    26.58   26.91
 -62977.530    76.603    15.66   24.39
 -62605.111    85.174    23.02   11.64
 -62232.792    81.669    -9.41   13.56
 -61860.572    72.771   -23.91   13.65
 -61488.452    64.636   -21.86   15.36
 -61116.430    58.895   -15.43   17.06
 -60744.508    54.345   -12.23   19.90
 -60372.684    51.619    -7.33   21.34
 -60000.960    51.880     0.70   19.91
 -59629.334    51.915     0.09   14.28
 -59257.807    54.193     6.13   12.35
 -58886.379    61.755    20.36   14.38
 -58515.049    69.316    20.36   14.66
 -58143.818    74.888    15.01   12.11
 -57772.686    76.607     4.63    9.67
 -57401.651    77.044     1.18    7.71
 -57030.715    76.802    -0.65    7.76
 -56659.877    76.357    -1.20    9.41
 -56289.138    77.587     3.32   10.24
 -55918.496    78.544     2.58    9.76
 -55547.952    80.239     4.58    8.54
 -55177.507    81.950     4.62    7.33
 -54807.159    84.279     6.29    7.54
 -54436.908    86.463     5.90    8.82
 -54066.756    85.802    -1.79    9.04
 -53696.701    86.260     1.24    8.36
 -53326.743    85.036    -3.31    8.81
 -52956.883    84.565    -1.27    8.68
 -52587.120    87.002     6.59    9.64
 -52217.455    90.905    10.56   11.05
 -51847.887    93.500     7.02   10.99
 -51478.416    95.134     4.42   12.41
 -51109.041    96.607     3.99   15.67
 -50739.764    96.039    -1.54   15.81
 -50370.584    95.591    -1.21   13.70
 -50001.500    90.669   -13.34   12.59
 -49632.514    82.754   -21.45   11.79
 -49263.624    77.051   -15.46    9.36
 -48894.830    72.560   -12.18    9.79
 -48526.133    68.236   -11.73   10.88
 -48157.532    64.128   -11.15   12.19
 -47789.028    59.513   -12.52   11.76
 -47420.620    55.476   -10.96    6.71
 -47052.308    54.345    -3.07    4.87
 -46684.093    56.203     5.05    6.79
 -46315.973    59.301     8.41    8.67
 -45947.949    59.422     0.33    8.93
 -45580.021    60.570     3.12    8.58
 -45212.189    61.516     2.57    7.74
 -44844.453    63.447     5.25    6.34
 -44476.813    66.778     9.06    6.76
 -44109.268    70.807    10.96    8.48
 -43741.818    75.513    12.81    9.55
 -43374.464    80.794    14.38    9.41
 -43007.205    85.738    13.46    8.92
 -42640.042    91.286    15.11    9.81
 -42272.974    97.409    16.68    9.09
 -41906.001   102.723    14.48    5.99
 -41539.123   102.646    -0.21    7.03
 -41172.340   103.684     2.83    7.98
 -40805.652   106.630     8.03    9.16
 -40439.059   110.224     9.80   10.75
 -40072.560   108.333    -5.16   13.41
 -39706.156   101.426   -18.85   14.73
 -39339.847    92.427   -24.57   12.16
 -38973.632    86.377   -16.52    9.95
 -38607.512    84.010    -6.46   11.35
 -38241.487    82.306    -4.66   12.79
 -37875.555    78.425   -10.60   14.51
 -37509.718    73.577   -13.25   14.69
 -37143.975    69.069   -12.32   10.42
 -36778.326    67.099    -5.39    7.15
 -36412.771    68.952     5.07    7.45
 -36047.310    74.044    13.93    9.38
 -35681.943    79.271    14.31   11.31
 -35316.670    80.081     2.22   10.94
 -34951.490    78.050    -5.56   11.70
 -34586.404    73.410   -12.71   12.30
 -34221.412    66.983   -17.61    9.69
 -33856.513    65.103    -5.15    7.52
 -33491.708    66.394     3.54    7.77
 -33126.996    68.865     6.78    6.23
 -32762.377    70.755     5.18    6.75
 -32397.852    70.433    -0.88    7.31
 -32033.420    69.043    -3.81    7.70
 -31669.081    67.595    -3.97    8.52
 -31304.834    61.186   -17.60    9.96
 -30940.681    52.601   -23.58   12.66
 -30576.621    51.754    -2.33   13.69
 -30212.653    51.060    -1.91   15.12
 -29848.778    51.014    -0.12   17.31
 -29484.996    52.201     3.26   17.68
 -29121.307    53.093     2.45   16.71
 -28757.709    48.676   -12.15   14.04
 -28394.205    44.135   -12.49   12.07
 -28030.792    39.899   -11.65   11.46
 -27667.472    36.665    -8.90   10.33
 -27304.245    35.119    -4.26   10.23
 -26923.766    34.933    -0.49   12.35
 -26540.906    36.309     3.60   13.46
 -26158.152    37.783     3.85   15.56
 -25775.503    41.397     9.44   17.80
 -25392.961    45.898    11.77   17.39
 -25010.524    51.289    14.10   12.87
 -24628.193    53.125     4.80    9.55
 -24245.968    55.497     6.21    7.74
 -23863.848    57.636     5.60    7.21
 -23481.833    57.223    -1.08    7.72
 -23099.924    50.235   -18.30   12.87
 -22718.120    40.051   -26.67   15.54
 -22336.421    26.357   -35.88   13.29
 -21954.827    17.230   -23.92    9.18
 -21573.338    14.589    -6.92    8.52
 -21191.954    17.013     6.36   14.37
 -20810.675    24.231    18.93   20.03
 -20429.500    35.111    28.54   22.84
 -20048.430    45.107    26.23   21.71
 -19667.465    49.931    12.66   18.36
 -19286.604    49.065    -2.27   15.93
 -18905.847    45.104   -10.40   13.93
 -18525.194    44.762    -0.90   13.25
 -18144.646    47.231     6.49   14.20
 -17764.202    51.317    10.74   14.53
 -17383.862    55.441    10.84   14.70
 -17003.626    57.774     6.14   15.01
 -16623.493    57.123    -1.71   14.44
 -16243.464    56.784    -0.89   14.22
 -15863.539    56.657    -0.33   13.21
 -15483.718    56.455    -0.53   11.32
 -15104.000    54.202    -5.93    9.73
 -14724.386    49.857   -11.45    9.63
 -14344.874    43.211   -17.51    8.56
 -13965.467    36.737   -17.06    8.81
 -13586.162    29.489   -19.11   11.21
 -13206.960    22.760   -17.74   10.99
 -12827.861    20.159    -6.86    9.98
 -12448.866    21.244     2.87   12.08
 -12069.973    24.039     7.38   10.38
 -11691.182    24.043     0.01    7.75
 -11312.495    20.513    -9.32    7.53
 -10933.910    15.969   -12.00    6.97
 -10555.427    11.574   -11.61    5.17
 -10177.047     9.993    -4.18    4.08
  -9798.770     9.386    -1.61    4.30
  -9420.594    10.065     1.80    3.77
  -9042.521    10.936     2.30    3.42
  -8664.549    11.301     0.96    3.33
  -8286.680    11.542     0.64    2.98
  -7908.913    11.531    -0.03    2.41
  -7531.247     9.185    -6.21    4.06
  -7153.683     6.389    -7.40    4.67
  -6776.221     4.185    -5.84    4.03
  -6398.861     4.233     0.13    4.85
  -6021.602     4.807     1.52    5.30
  -5644.444     4.321    -1.29    4.73
  -5267.388     3.215    -2.93    4.23
  -4890.433     1.865    -3.58    3.30
  -4513.579     1.169    -1.85    2.31
  -4136.826     1.100    -0.18    2.33
  -3760.175     1.682     1.55    3.57
  -3383.624     2.292     1.62    4.21
  -3007.174     1.712    -1.54    3.39
  -2630.825     1.019    -1.84    1.94
  -2254.576     0.660    -0.95    1.45
  -1878.428     0.627    -0.09    1.61
  -1502.381     0.565    -0.17    1.79
  -1126.434     0.467    -0.26    1.71
   -750.587     0.579     0.30    2.12
   -374.841     0.511    -0.18    1.98
      0.805     0.273    -0.63    1.29
    376.351    -0.011    -0.76    0.60
    751.797     0.272     0.75    1.78
   1127.143     1.065     2.11    3.37
   1502.389     1.746     1.82    3.80
   1877.535     1.545    -0.54    3.13
   2252.582     1.243    -0.81    2.51
   2627.529     1.687     1.18    3.96
   3002.376     3.333     4.39    5.96
   3377.124     4.720     3.70    6.15
   3751.772     5.571     2.27    5.83
   4126.321     5.841     0.72    5.34
   4500.771     6.750     2.43    6.78
   4875.122     8.992     5.99    8.97
   5249.373    10.791     4.81    9.41
   5623.526    12.489     4.54    9.62
   5997.579    11.760    -1.95   10.66
   6371.534     9.963    -4.80   10.52
   6745.390     6.341    -9.69    9.21
   7119.147     4.074    -6.06    5.98
   7492.806     2.898    -3.15    3.06
   7866.366     3.881     2.63    3.32
   8239.828     5.221     3.59    3.26
   8613.191     5.270     0.13    3.44
   8986.456     6.638     3.67    3.88
   9359.623     7.620     2.63    3.47
   9732.692     7.591    -0.08    3.96
  10105.662     7.358    -0.62    3.90
  10478.535     6.857    -1.34    4.03
  10851.309     5.825    -2.77    4.17
  11223.986     5.013    -2.18    3.26
  11596.565     4.607    -1.09    3.08
  11969.046     4.212    -1.06    3.26
  12341.430     3.025    -3.19    3.48
  12713.716     1.898    -3.03    3.04
  13085.905     2.680     2.10    5.44
  13457.996     4.865     5.87    6.65
  13829.990     6.466     4.30    6.28
  14201.887     7.656     3.20    5.13
  14573.686     7.922     0.72    3.54
  14945.389     8.824     2.42    3.69
  15316.995     8.785    -0.11    3.58
  15688.503     9.882     2.95    4.19
  16059.915    12.508     7.07    5.81
  16431.230    13.159     1.75    5.51
  16802.448    12.790    -0.99    5.81
  17173.570    10.721    -5.58    6.57
  17544.595     8.543    -5.87    4.52
  17915.524     7.576    -2.61    3.22
  18286.356     7.857     0.76    3.40
  18657.092     7.776    -0.22    3.32
  19027.732     6.767    -2.72    3.46
  19398.275     5.777    -2.67    3.65
  19768.723     5.542    -0.63    3.96
  20139.074     5.410    -0.36    3.90
  20509.330     5.613     0.55    3.50
  20879.489     6.561     2.56    3.30
  21249.553     7.188     1.69    2.95
  21619.521     8.316     3.05    2.83
  21989.394    10.516     5.95    3.70
  22359.171    11.665     3.11    4.12
  22728.852    12.091     1.15    4.05
  23098.438    12.112     0.06    3.44
  23467.929    12.052    -0.16    2.96
  23837.324    12.106     0.15    2.47
  24206.624    11.656    -1.22    2.89
  24575.830    11.251    -1.10    3.42
  24944.940     9.374    -5.08    3.23
  25313.955     9.486     0.30    3.60
  25682.875     9.516     0.08    3.73
  26051.700    10.112     1.61    4.40
  26420.430    10.922     2.20    4.50
  26789.066    11.151     0.62    4.69
  27157.608    11.025    -0.34    5.00
  27526.054    11.497     1.28    4.54
  27894.407    10.985    -1.39    3.37
  28262.664    10.593    -1.06    3.06
  28630.828    11.561     2.63    3.30
  28998.897    13.374     4.92    3.70
  29366.872    13.681     0.83    3.49
  29734.753    14.745     2.89    3.40
  30102.540    15.792     2.85    3.46
  30470.233    15.524    -0.73    4.39
  30837.832    16.151     1.71    4.43
  31205.338    14.922    -3.35    4.23
  31572.749    12.983    -5.28    2.99
  31940.067    12.013    -2.64    3.35
  32307.292    10.091    -5.23    4.19
  32674.422     8.191    -5.18    3.98
  33041.460     7.577    -1.67    4.29
  33408.404     7.615     0.11    4.37
  33775.254     8.316     1.91    4.03
  34142.012     8.636     0.87    3.84
  34508.676     9.516     2.40    3.52
  34875.247     9.806     0.79    2.89
  35241.725     9.370    -1.19    3.51
  35608.111     8.353    -2.77    4.41
  35974.403     5.570    -7.60    4.61
  36340.603     4.115    -3.97    4.01
  36706.709     3.716    -1.09    2.99
  37072.723     3.965     0.68    3.04
  37438.645     4.486     1.42    3.02
  37804.474     5.197     1.94    2.89
  38170.210     5.535     0.92    3.03
  38535.855     5.260    -0.75    3.01
  38901.406     5.319     0.16    2.94
  39266.866     4.833    -1.33    3.14
  39632.233     4.735    -0.27    3.03
  39997.509     4.850     0.31    3.09
  40362.692     5.654     2.20    3.06
  40727.783     6.395     2.03    3.04
  41092.783     7.248     2.34    3.14
  41457.690     7.313     0.18    2.91
  41822.506     7.743     1.18    2.71
  42187.230     7.408    -0.92    2.45
  42551.863     6.365    -2.86    2.41
  42916.404     6.303    -0.17    3.20
  43280.853     7.120     2.24    4.35
  43645.212     7.366     0.67    4.36
  44009.478     6.833    -1.46    4.47
  44373.654     4.833    -5.49    3.61
  44737.738     3.736    -3.01    3.05
  45101.731     2.815    -2.53    2.25
  45465.633     3.726     2.50    2.87
  45829.445     4.361     1.75    2.74
  46193.165     5.692     3.66    2.73
  46556.794     5.825     0.37    2.60
  46920.333     7.248     3.91    4.05
  47283.781    10.762     9.67    7.32
  47657.199    18.077    19.59   12.38
  48039.908    25.858    20.33   10.63
  48422.514    34.054    21.42    7.29
  48805.015    40.595    17.10   10.50
  49187.414    50.127    24.93   19.82
  49569.708    55.407    13.81   18.90
  49951.900    50.651   -12.44   26.15
  50333.988    35.776   -38.93   30.68
  50715.972    17.589   -47.61   20.97
  51097.854     9.213   -21.93   10.03
  51479.633    11.631     6.33   11.00
  51861.308    19.407    20.37   13.47
  52242.881    26.579    18.80   12.81
  52624.350    33.606    18.42    9.57
  53005.717    36.407     7.34    8.32
  53386.982    39.505     8.13    4.30
  53768.143    40.654     3.01    3.63
  54149.203    39.697    -2.51    4.39
  54530.159    35.915    -9.93    8.40
  54911.014    31.031   -12.82    9.35
  55291.766    26.742   -11.26    7.26
  55672.416    26.106    -1.67    6.60
  56052.964    29.505     8.93    9.54
  56433.410    36.054    17.21   11.46
  56813.754    42.229    16.23   10.48
  57193.996    45.231     7.90    8.15
  57574.137    46.991     4.63    8.60
  57954.175    49.449     6.47   10.35
  58334.112    52.374     7.70   12.66
  58713.948    51.824    -1.45   13.94
  59093.682    48.136    -9.71   13.52
  59473.315    42.189   -15.67    8.85
  59852.846    38.196   -10.52    6.00
  60232.277    34.228   -10.46    5.87
  60611.606    31.833    -6.31    4.74
  60990.834    32.792     2.53    5.72
  61369.961    34.065     3.36    6.54
  61748.987    34.112     0.12    9.15
  62127.913    33.328    -2.07   13.06
  62506.738    29.114   -11.12   14.27
  62885.462    25.524    -9.48   16.14
  63264.085    20.833   -12.39   16.38
  63642.608    13.420   -19.58   11.15
  64021.031    10.572    -7.53   10.31
  64399.353     7.177    -8.97    7.44
  64777.576     5.003    -5.75    1.14
  65155.697     7.620     6.92    7.69
  65533.719    11.766    10.97   11.19
  65911.641    17.066    14.02   12.84
  66289.463    21.932    12.88   12.85
  66667.185    26.972    13.34   10.82
  67044.808    30.420     9.13    5.93
  67422.330    30.624     0.54    2.78
  67799.753    30.208    -1.10    2.47
  68177.077    30.391     0.49    2.64
  68554.301    32.093     4.51    3.43
  68931.425    35.308     8.52    4.96
  69308.451    39.142    10.17    5.84
  69685.377    42.535     9.00    5.26
  70062.204    44.499     5.21    4.52
  70438.932    44.925     1.13    4.57
  70815.561    45.651     1.93    5.92
  71192.091    47.174     4.05    7.63
  71568.522    52.560    14.31   10.22
  71944.854    56.104     9.42   10.48
  72321.088    58.191     5.55    8.94
  72697.223    59.072     2.34    7.57
  73073.260    57.234    -4.89    5.93
  73449.198    51.677   -14.78    8.42
  73825.038    44.772   -18.37   12.17
  74200.780    36.210   -22.79   12.76
  74576.423    30.668   -14.75    7.89
  74951.968    30.482    -0.49    7.47
  75327.415    32.013     4.08    6.93
  75702.765    33.657     4.38    6.01
  76078.016    28.964   -12.51    7.73
  76453.169    25.991    -7.92    7.02
  76828.225    24.740    -3.33    7.03
  77203.183    24.783     0.11    8.35
  77578.043    24.119    -1.77    9.62
  77952.806    20.574    -9.46   10.72
  78327.472    16.024   -12.14    8.86
  78702.040    12.433    -9.59    3.60
  79076.510    13.766     3.56    6.37
  79450.884    17.724    10.57    9.53
  79825.160    20.544     7.53    8.94
  80199.340    23.106     6.85    6.95
  80573.422    24.241     3.03    3.94
  80947.407    24.276     0.09    2.44
  81321.296    24.789     1.37    2.52
  81695.088    26.221     3.83    3.74
  82068.783    29.570     8.96    4.96
  82442.381    33.899    11.59    5.56
  82815.883    37.261     9.00    4.67
  83189.288    40.415     8.45    3.07
  83562.597    42.974     6.86    3.82
  83935.810    44.467     4.00    4.07
  84308.927    45.591     3.01    3.52
  84681.947    45.891     0.80    3.13
  85054.871    45.078    -2.18    2.91
  85427.699    45.243     0.44    2.72
  85800.431    44.951    -0.78    2.75
  86173.068    45.403     1.21    3.41
  86545.608    47.233     4.91    4.36
  86918.053    49.980     7.38    5.71
  87290.402    52.538     6.87    6.29
  87662.656    54.038     4.03    5.68
  88034.814    53.366    -1.80    5.86
  88406.876    51.329    -5.48    5.66
  88778.843    49.458    -5.03    3.80
  89150.715    49.238    -0.59    2.60
  89522.492    49.833     1.60    2.07
  89894.174    50.118     0.77    1.95
  90265.760    50.923     2.17    2.00
  90637.252    52.183     3.39    2.57
  91008.648    52.508     0.87    2.77
  91379.950    52.211    -0.80    3.30
  91751.157    52.606     1.06    3.67
  92122.269    53.808     3.24    4.36
  92493.287    56.832     8.15    4.02
  92864.210    58.948     5.70    3.67
  93235.038    59.219     0.73    3.29
  93605.772    57.597    -4.37    4.19
  93976.412    55.316    -6.16    3.67
  94346.957    52.306    -8.12    3.24
  94717.409    50.023    -6.16    3.63
  95087.766    49.680    -0.93    3.86
  95458.029    50.850     3.16    4.57
  95828.198    53.618     7.48    4.37
  96198.273    54.502     2.39    3.73
  96568.255    51.221    -8.87    6.42
  96938.142    49.146    -5.61    5.95
  97307.936    49.629     1.30    6.41
  97677.636    52.742     8.42    7.01
  98047.243    56.195     9.34    4.58
  98416.756    56.604     1.11    3.58
  98786.176    54.295    -6.25    3.95
  99155.502    52.461    -4.97    3.61
  99524.735    52.992     1.44    4.41
  99893.875    55.597     7.06    6.50
 100262.922    60.988    14.61    8.52
 100631.876    64.593     9.77    8.42
 101000.737    66.036     3.91    8.04
 101369.504    63.399    -7.15    8.74
 101738.179    58.561   -13.12    8.02
 102106.762    53.761   -13.02    5.96
 102475.251    50.058   -10.05    4.06
 102843.648    47.850    -5.99    3.25
 103211.952    45.663    -5.94    3.82
 103580.164    42.623    -8.26    4.63
 103948.283    38.297   -11.75    5.66
 104316.310    33.213   -13.81    6.82
 104684.245    28.604   -12.53    7.79
 105052.087    23.160   -14.80    7.24
 105419.837    19.676    -9.47    5.92
 105787.495    16.730    -8.01    4.00
 106155.062    15.324    -3.82    2.32
 106522.536    15.505     0.49    1.89
 106889.918    15.814     0.84    1.87
 107257.208    16.522     1.93    2.00
 107624.407    17.312     2.15    1.58
 107991.514    18.140     2.26    0.95
 108358.530    18.581     1.20    0.71
 108725.454    18.945     0.99    0.40
 109092.286    19.205     0.71    0.68
 109459.027    19.958     2.05    1.91
 109825.677    20.797     2.29    2.52
 110192.235    21.599     2.19    2.98
 110558.703    21.689     0.24    2.90
 110925.079    20.992    -1.90    2.05
 111291.364    20.782    -0.57    1.59
 111657.558    21.988     3.29    3.00
 112023.661    24.935     8.05    5.79
 112389.674    28.266     9.10    7.73
 112755.595    31.432     8.65    8.35
 113121.426    33.414     5.42    9.16
 113487.166    34.649     3.38    9.47
 113852.816    36.307     4.53    9.10
 114218.375    37.572     3.46    8.34
 114583.843    37.799     0.62    7.81
 114949.221    37.089    -1.94    7.40
 115314.509    34.949    -5.86    7.17
 115679.707    32.341    -7.14    6.80
 116044.815    29.581    -7.56    5.57
 116409.832    27.462    -5.80    3.88
 116774.759    26.359    -3.02    2.33
 117139.597    26.547     0.51    1.93
 117504.344    27.638     2.99    2.96
 117869.002    29.407     4.85    4.11
 118233.569    31.066     4.55    5.09
 118598.047    32.006     2.58    5.56
 118962.436    32.180     0.48    5.76
 119326.735    31.019    -3.19    5.36
 119690.944    29.613    -3.86    4.86
 120055.064    27.641    -5.42    3.41
 120419.094    26.214    -3.92    2.17
 120783.036    25.473    -2.04    1.49
 121146.887    24.974    -1.37    1.08
 121510.650    24.781    -0.53    0.82
 121874.324    24.744    -0.10    0.53
 122241.161    24.924     0.49    0.50
 122623.710    24.823    -0.26    0.81
 123006.158    24.370    -1.18    1.37
 123388.505    24.053    -0.83    1.50
 123770.750    24.597     1.42    2.35
 124152.894    25.602     2.63    3.12
 124534.937    28.198     6.79    5.06
 124916.879    34.001    15.19    9.41
 125298.720    41.227    18.92   10.66
 125680.460    48.362    18.69    8.55
 126062.100    54.310    15.58    4.08
 126443.638    56.816     6.57    3.31
 126825.076    58.591     4.65    3.72
 127206.414    61.604     7.90    6.25
 127587.650    66.046    11.65    9.13
 127968.787    68.409     6.20    8.84
 128349.823    68.841     1.13    8.59
 128730.759    66.807    -5.34    7.60
 129111.595    61.614   -13.63    6.83
 129492.330    55.859   -15.11    9.75
 129872.966    47.708   -21.41   12.74
 130253.502    40.520   -18.89   11.63
 130633.938    35.935   -12.05    8.67
 131014.274    36.687     1.98    9.56
 131394.510    43.397    17.64   11.87
 131774.647    51.901    22.37   10.26
 132154.684    58.243    16.69   10.35
 132534.622    63.875    14.82   14.65
 132914.460    69.932    15.95   18.20
 133294.199    74.076    10.91   16.55
 133673.839    76.867     7.35   14.64
 134053.379    72.791   -10.74   14.58
 134432.821    68.978   -10.05   12.77
 134812.163    69.746     2.03   13.80
 135191.407    68.612    -2.99   15.77
 135570.552    73.224    12.16   15.45
 135949.598    75.547     6.13   15.19
 136328.545    76.959     3.73   13.59
 136707.394    75.290    -4.41   10.61
 137086.144    73.328    -5.18    8.77
 137464.795    75.850     6.66   11.91
 137843.348    81.060    13.76   15.29
 138221.803    85.145    10.80   14.06
 138600.160    86.497     3.57   10.79
 138978.418    86.450    -0.12    9.41
 139356.579    89.574     8.26   13.03
 139734.641    90.183     1.61   14.39
 140112.606    91.798     4.27   14.02
 140490.472    91.239    -1.48   12.59
 140868.241    89.523    -4.54   14.59
 141245.912    90.707     3.14   19.43
 141623.485    89.159    -4.10   20.64
 142000.961    85.146   -10.63   13.59
 142378.340    83.143    -5.31    8.46
 142755.621    78.733   -11.69    8.59
 143132.804    73.755   -13.20    7.06
 143509.891    71.246    -6.65    3.71
 143886.880    72.205     2.54    5.05
 144263.772    75.567     8.92    6.87
 144640.567    74.528    -2.76    7.87
 145017.265    68.823   -15.14   11.60
 145393.866    62.617   -16.48   11.40
 145770.370    57.739   -12.96    7.52
 146146.778    54.703    -8.06    5.23
 146523.089    54.117    -1.56    5.71
 146899.303    54.511     1.05    5.60
 147275.421    53.884    -1.67    5.34
 147651.442    52.436    -3.85    5.80
