# NaN NaN NaN ;Mean Elev.(m), Avg Gradient(m/km), RMS Gradient(m/km) - SRTM1     
#  -16.767  -0.278  11.396 ;Mean Elev.(m), Avg Gradient(m/km), RMS Gradient(m/km) - ASTER GDEM
#    1.035  -0.288   6.410 ;Mean Elev.(m), Avg Gradient(m/km), RMS Gradient(m/km) - GMTED2010 
  8     5.095 52488.54956956 22.72 103.885485  72.496370 17.337
  8     4.642 52488.54957020 18.07 103.879845  72.499260 17.337
  8     3.969 52488.54957085 18.86 103.874195  72.502140 17.337
  9     4.882 52523.54954373 23.93 103.891424  72.496869 22.823
  9     0.899 52523.54954438 25.66 103.885774  72.499749 22.823
  9     3.515 52523.54954502 23.93 103.880134  72.502639 22.823
  9     4.054 52523.54954567 24.28 103.874484  72.505519 22.823
 13     2.750 52663.54955617 10.50 103.881768  72.494119  2.276
 13     3.337 52663.54955682 10.16 103.876128  72.496999  2.276
 15     4.471 52733.54955403  8.70 103.892490  72.495373  2.070
 15     3.698 52733.54955468  8.83 103.886850  72.498253  2.070
 15     3.476 52733.54955532  8.25 103.881200  72.501143  2.070
 15     3.825 52733.54955596  8.38 103.875552  72.504025  3.144
 16    10.586 52768.54955763  5.81 103.896710  72.496258  1.752
 16    17.044 52768.54955827  5.74 103.891070  72.499138  1.752
 16    21.813 52768.54955892  5.34 103.885420  72.502028  1.752
 16    25.577 52768.54955956  5.34 103.879780  72.504908  1.752
 20     0.152 52908.54966405 34.44 103.891354  72.495785 26.914
 20     0.214 52908.54966469 42.14 103.885714  72.498665 26.914
 20     0.187 52908.54966534 39.38 103.880064  72.501555 26.914
 20     0.134 52908.54966598 29.04 103.874414  72.504435 26.914
 23     4.010 53013.54964942 16.51 103.886748  72.494297  2.950
 23     3.329 53013.54965007 15.77 103.881098  72.497187  2.950
 23     3.680 53013.54965071 14.69 103.875458  72.500067  2.950
 23     3.927 53013.54965135 14.67 103.869808  72.502947  2.950
 25     3.185 53083.54965565 14.33 103.878503  72.496119  2.655
 25     3.807 53083.54965630 13.59 103.872863  72.498999  2.655
 28     5.289 53188.54966506 23.90 103.882081  72.495507 21.577
 28     4.344 53188.54966570 22.28 103.876436  72.498391 12.322
 28     4.233 53188.54966635 25.39 103.870786  72.501271 12.322
 29     4.918 53223.54968149 21.73 103.889461  72.495074 23.989
 29     4.049 53223.54968213 20.27 103.883811  72.497954 23.989
 29     0.833 53223.54968278 24.15 103.878161  72.500844 23.989
 29     3.958 53223.54968342 16.94 103.872521  72.503724 23.989
 30     4.560 53258.54965729 24.86 103.889176  72.497233 18.792
 30     2.164 53258.54965793 22.02 103.883526  72.500113 18.792
 30     3.369 53258.54965858 21.80 103.877886  72.503003 18.792
 32     2.196 53328.54965340 14.89 103.880712  72.496558  2.821
 32     3.222 53328.54965405 14.13 103.875066  72.499444  2.316
 32     3.994 53328.54965469 14.09 103.869416  72.502324  2.316
 33     2.484 53363.54960580 11.04 103.895303  72.496525  2.403
 33     3.239 53363.54960644 11.41 103.889663  72.499405  2.403
 33     3.038 53363.54960709 11.58 103.884013  72.502295  2.403
 33     3.871 53363.54960773 10.35 103.878361  72.505181  1.994
 35     4.445 53433.54961931  9.30 103.894821  72.495781  2.292
 35     3.265 53433.54961996  9.69 103.889181  72.498661  2.292
 35     3.857 53433.54962060  8.73 103.883531  72.501551  2.292
 35     4.034 53433.54962125  8.64 103.877886  72.504438  1.772
 38     5.539 53538.54970230 31.22 103.883738  72.493939 22.521
 38     5.364 53538.54970294 24.90 103.878092  72.496820  9.354
 38     4.191 53538.54970359 24.15 103.872442  72.499710  9.354
 38     4.478 53538.54970423 23.11 103.866792  72.502590  9.354
 39     0.494 53573.54970227 27.97 103.883793  72.495088 24.380
 39     0.605 53573.54970291 28.59 103.878143  72.497968 24.380
 39     0.497 53573.54970356 25.97 103.872503  72.500858 24.380
 39     4.368 53573.54970420 23.33 103.866855  72.503743 10.275
 40     4.503 53608.54965168 28.99 103.898842  72.496311 21.228
 40     4.240 53608.54965232 21.72 103.893202  72.499201 21.228
 40     2.623 53608.54965297 23.05 103.887552  72.502081 21.228
 40     3.832 53608.54965361 21.56 103.881908  72.504963 10.705
 43     2.175 53713.54960033 13.79 103.896661  72.496787  2.379
 43     3.134 53713.54960098 14.13 103.891021  72.499667  2.379
 43     3.185 53713.54960162 13.52 103.885371  72.502557  2.379
 43     0.352 53713.54960227 12.61 103.879723  72.505444  2.257
 45     2.846 53783.54954528 15.31 103.885934  72.496090  3.013
 45     3.610 53783.54954593 14.32 103.880284  72.498980  3.013
 45     4.070 53783.54954657 13.76 103.874636  72.501864  2.137
 45     4.593 53783.54954722 12.68 103.868986  72.504744  2.137
 46     2.012 53818.54950774 13.18 103.905165  72.498154  2.654
 46     2.645 53818.54950839 13.23 103.899525  72.501034  2.654
 46     3.372 53818.54950903 13.61 103.893875  72.503924  2.654
 46     3.743 53818.54950968 11.89 103.888235  72.506804  2.654
 48     0.742 53888.54959338 24.46 103.882551  72.495833  8.818
 48     0.938 53888.54959403 26.64 103.876901  72.498713  8.818
 48     0.982 53888.54959467 24.48 103.871251  72.501593  8.818
 50     0.381 53958.54965391 37.32 103.880276  72.495152 33.756
 50     0.314 53958.54965456 40.93 103.874626  72.498042 33.756
 53     2.415 54063.54963669 14.87 103.886082  72.496175  2.624
 53     3.367 54063.54963734 14.10 103.880442  72.499065  2.624
 53     3.701 54063.54963798 14.53 103.874792  72.501945  2.624
 53     4.273 54063.54963863 13.47 103.869142  72.504825  2.624
 54     2.045 54098.54960427 11.66 103.895406  72.495795  2.132
 54     2.985 54098.54960491 11.97 103.889766  72.498675  2.132
 54     3.383 54098.54960556 11.53 103.884116  72.501565  2.132
 54     3.488 54098.54960620 11.16 103.878466  72.504445  2.132
 56     3.037 54168.54957893  9.68 103.886559  72.497437  2.072
 56     3.175 54168.54957958  9.33 103.880919  72.500317  2.072
 56     3.519 54168.54958022  9.12 103.875269  72.503207  2.072
 59     5.359 54273.54961704 31.09 103.882446  72.494839 12.496
 59     4.743 54273.54961768 26.25 103.876796  72.497719 12.496
 59     4.158 54273.54961833 24.26 103.871146  72.500609 12.496
 59     4.556 54273.54961897 22.98 103.865496  72.503489 12.496
 61     1.254 54343.54959688 51.57 103.895101  72.496232 20.945
 61     1.205 54343.54959752 52.79 103.889461  72.499122 20.945
 61     1.171 54343.54959817 41.18 103.883811  72.502002 20.945
 61     1.209 54343.54959881 43.42 103.878161  72.504892 20.945
 63     0.245 54413.54954501 15.06 103.881780  72.496530  2.695
 63     3.240 54413.54954566 13.91 103.876133  72.499417  2.236
 63     0.468 54413.54954630 13.39 103.870483  72.502297  2.236
 65     2.927 54483.54953843  9.49 103.880410  72.494972  2.228
 65     3.513 54483.54953907  9.32 103.874760  72.497862  2.228
 67     4.421 54553.54955022  7.32 103.892409  72.495414  2.217
 67     3.972 54553.54955087  6.70 103.886769  72.498294  2.217
 67     3.862 54553.54955151  6.08 103.881119  72.501184  2.217
 67     4.217 54553.54955216  5.71 103.875476  72.504071  1.650
 69     3.098 54623.54954814 24.75 103.881718  72.495547 15.698
 69     3.186 54623.54954879 21.97 103.876075  72.498435  8.784
 69     3.224 54623.54954943 24.25 103.870425  72.501315  8.784
 71     4.915 54693.54953830 20.20 103.886397  72.495892 15.136
 71     3.312 54693.54953894 20.90 103.880747  72.498782 15.136
 71     3.390 54693.54953959 16.70 103.875097  72.501662 15.136
 71     4.052 54693.54954023 16.35 103.869447  72.504552 15.136
 75     4.395 54833.54950603 10.23 103.884566  72.493712  2.377
 75     3.364 54833.54950667 10.06 103.878916  72.496592  2.377
 75     3.700 54833.54950732  9.96 103.873266  72.499482  2.377
 75     4.186 54833.54950796  9.47 103.867625  72.502366  1.781
 77     3.573 54903.54951564  7.19 103.891623  72.495199  2.305
 77     4.148 54903.54951629  6.75 103.885973  72.498079  2.305
 77     3.636 54903.54951693  6.39 103.880333  72.500969  2.305
 77     3.747 54903.54951758  5.95 103.874687  72.503856  1.571
 80     5.427 55008.54953737 23.75 103.885316  72.494026 18.509
 80     3.955 55008.54953801 24.42 103.879676  72.496906 18.509
 80     3.769 55008.54953866 26.15 103.874026  72.499796 18.509
 80     4.473 55008.54953930 22.13 103.868376  72.502676 18.509
 82     0.507 55078.54950504 44.00 103.888894  72.497048 23.534
 82     0.487 55078.54950569 27.90 103.883244  72.499938 23.534
 82     0.426 55078.54950633 24.41 103.877594  72.502818 23.534
 84     0.428 55148.54945985 27.70 103.882740  72.493457  4.139
 84     0.518 55148.54946050 27.31 103.877090  72.496337  4.139
 86     2.166 55218.54945778 20.02 103.884910  72.494990  3.008
 86     0.561 55218.54945842 19.93 103.879270  72.497870  3.008
 86     1.019 55218.54945907 19.49 103.873620  72.500760  3.008
 86     3.748 55218.54945971 18.53 103.867970  72.503640  3.008
 88     2.901 55288.54944803 15.79 103.890916  72.496788  2.738
 88     3.150 55288.54944867 16.12 103.885266  72.499668  2.738
 88     3.851 55288.54944932 15.84 103.879626  72.502558  2.738
 88     4.055 55288.54944996 15.30 103.873972  72.505436  2.280
 90     3.060 55358.54942401 41.73 103.880747  72.495940 30.280
 90     3.181 55358.54942465 45.60 103.875097  72.498830 30.280
 90     3.105 55358.54942529 38.58 103.869447  72.501714 12.236
 93     4.763 55463.54940318 20.57 103.895085  72.497000 13.363
 93     0.607 55463.54940383 25.46 103.889445  72.499890 13.363
 93     3.227 55463.54940447 21.42 103.883795  72.502770 13.363
 93     3.682 55463.54940512 20.45 103.878145  72.505660 13.363
