# NaN NaN NaN ;Mean Elev.(m), Avg Gradient(m/km), RMS Gradient(m/km) - SRTM1     
#  -12.140  -1.424   4.318 ;Mean Elev.(m), Avg Gradient(m/km), RMS Gradient(m/km) - ASTER GDEM
#   10.992  -2.450   9.762 ;Mean Elev.(m), Avg Gradient(m/km), RMS Gradient(m/km) - GMTED2010 
  7 102.374387  71.765625     1.710     1.712 10 52459.55739225 50.179
  9 102.387238  71.743790     8.064     7.810  5 52529.55736014 17.799
 10 102.371033  71.764342     0.305     0.314 11 52564.55738554 25.313
 11 102.373010  71.765889     2.564     2.836 10 52599.55741317 20.819
 12 102.382371  71.750998     3.071     3.079  7 52634.55736454 16.936
 13 102.370653  71.766484     5.034     5.014 11 52669.55737879 15.038
 14 102.370996  71.760782     3.866     3.905 11 52704.55736389 14.525
 15 102.375315  71.767628     6.423     6.768  9 52739.55740130 12.150
 16 102.383220  71.773441     0.322     0.322  2 52774.55735127 14.809
 17 102.385043  71.747483     9.054     9.101  6 52809.55741968 20.793
 18 102.383132  71.750258     5.328     5.378  7 52844.55747679 18.746
 19 102.370380  71.762975     7.721     7.995 12 52879.55751714 21.374
 20 102.381311  71.771532     7.197     6.501  6 52914.55747605 19.075
 21 102.381887  71.749091     0.446     0.367  6 52949.55743124 26.384
 22 102.372933  71.765327     4.557     4.399 10 52984.55746122 18.893
 23 102.380071  71.768333     5.870     5.901  7 53019.55745306 15.668
 24 102.369413  71.762341     4.227     4.405 11 53054.55743752 15.884
 25 102.374682  71.768719     6.362     6.809  9 53089.55747581 14.309
 26 102.371458  71.759310     4.426     4.514 11 53124.55744462 15.147
 27 102.371743  71.759367     7.589     7.892 11 53159.55750427 11.827
 28 102.374593  71.766737    10.511    10.288 10 53194.55750099 19.562
 29 102.377831  71.767938     8.787     8.839  8 53229.55749175 18.066
 30 102.382742  71.771466     2.797     0.706  5 53264.55746365 41.571
 31 102.385584  71.746693    -0.023    -0.032  6 53299.55750469 28.985
 32 102.372055  71.766462     1.898     1.115 10 53334.55747888 16.589
 33 102.384522  71.772257    11.419    11.761  4 53369.55741987 13.329
 34 102.372429  71.761271     4.940     4.876 11 53404.55745052 13.937
 35 102.379398  71.771959    10.321    10.131  6 53439.55743984 12.050
 36 102.377989  71.754782     4.605     3.916  9 53474.55749812 12.275
 37 102.372275  71.764728     0.835     0.827 11 53509.55751875 33.890
 38 102.370868  71.766575     8.609     9.095 11 53544.55753392 19.326
 39 102.374482  71.769919     0.844     0.789  8 53579.55751319 27.852
 40 102.378559  71.771674     1.930     1.902  6 53614.55746735 44.684
 41 102.369322  71.762599     4.366     4.617 11 53649.55747394 23.631
 42 102.369595  71.766316     0.148     0.163 11 53684.55748719 28.522
 43 102.380920  71.772477     0.075     0.100  5 53719.55741456 21.009
 44 102.372306  71.760853     2.945     3.070 11 53754.55733589 17.993
 45 102.378783  71.767206     5.076     4.807  8 53789.55736681 15.228
 46 102.382836  71.748313     2.949     2.801  6 53824.55731933 14.627
 47 102.371526  71.759273     3.341     3.328 11 53859.55741482 12.604
 48 102.369867  71.764854     4.771     5.335 12 53894.55743292 30.006
 49 102.369497  71.761880     1.993     1.444 11 53929.55748739 38.264
 50 102.373627  71.766515     0.940     0.946 10 53964.55746745 28.670
 51 102.389016  71.741073     5.890     6.367  4 53999.55741674 19.289
 52 102.370263  71.763897     0.218     0.224 11 54034.55746632 34.267
 53 102.374184  71.767109     2.741     3.128  9 54069.55746080 19.351
 54 102.382068  71.771660     8.233     8.645  5 54104.55741701 15.010
 55 102.371329  71.760384     3.598     3.450 10 54139.55739086 15.191
 56 102.376212  71.769935     7.272     7.103  7 54174.55739612 15.118
 57 102.370968  71.760138     7.351     7.307 10 54209.55739716 11.351
 58 102.371430  71.765230    11.467    11.066 11 54244.55742901 10.299
 59 102.369078  71.766756     8.806     9.301 11 54279.55744120 19.439
 60 102.374058  71.767829     7.693     6.542  9 54314.55744084 17.856
 61 102.381097  71.769538    10.309     9.980  6 54349.55741038 19.101
 62 102.370893  71.762744     0.637     0.643 11 54384.55737830 42.246
 63 102.378666  71.768551     0.503     0.370  8 54419.55735983 24.125
 64 102.381554  71.750666     2.530     2.674  7 54454.55734723 20.350
 65 102.374836  71.768476     5.702     5.459  9 54489.55735955 16.245
 66 102.368483  71.764566     4.234     4.360 11 54524.55736292 13.963
 67 102.378474  71.768949     7.472     8.090  7 54559.55736878 12.927
 68 102.371645  71.765604     0.029     0.040 10 54594.55735910 19.367
 69 102.373514  71.765477     7.650     8.349 11 54629.55737331 29.562
 70 102.368656  71.765894     8.971     9.563 11 54664.55738041 18.893
 71 102.380238  71.770813     8.467     8.114  5 54699.55735239 19.024
 72 102.375749  71.756075     1.297     1.313  9 54734.55733686 51.291
 73 102.376622  71.766638     3.614     3.880  9 54769.55733173 20.192
 74 102.377896  71.754860     3.507     3.131  9 54804.55733045 16.185
 75 102.375025  71.765068     6.113     6.019 10 54839.55732594 14.619
 76 102.370958  71.762010     5.644     5.322 11 54874.55733199 12.666
 77 102.379604  71.769841    10.166    10.262  7 54909.55733281 12.610
 78 102.372747  71.758972    10.256    10.043 11 54944.55732433 13.670
 79 102.371553  71.766321    11.887    11.832 11 54979.55735237  3.474
 80 102.374014  71.765502     3.532     3.519 10 55014.55735602 51.391
 81 102.372235  71.766379     2.080     0.958 10 55049.55734996 28.875
 82 102.381536  71.771551     1.020     0.968  5 55084.55731840 23.669
 83 102.371778  71.760309     2.723     2.490 11 55119.55728101 29.256
 84 102.375688  71.767694     2.951     3.300  8 55154.55727716 21.450
 85 102.373191  71.757647     3.215     3.232 11 55189.55726990 18.032
 86 102.374495  71.767502     5.035     4.994  9 55224.55727683 14.349
 87 102.372792  71.764362     3.888     4.409 11 55259.55726682 14.223
 88 102.380211  71.769574     6.081     6.232  7 55294.55726358 13.351
 89 102.370896  71.765381     2.220     2.367 12 55329.55724926 31.305
 90 102.375104  71.769315     9.876    10.196  8 55364.55724401 21.337
 91 102.371202  71.759291     2.489     2.305 11 55399.55725311 45.614
 92 102.376289  71.766341     0.754     0.788  9 55434.55725995 51.230
 93 102.382515  71.772785    -0.014     0.003  5 55469.55721563 34.222
