-124593.502    36.920     0.00   10.50
-124221.864    40.744    10.29    9.43
-123850.325    47.664    18.63   12.37
-123478.885    56.300    23.25   14.53
-123107.543    64.029    20.82   14.66
-122736.300    69.601    15.01   12.11
-122365.155    71.319     4.63    9.67
-121994.108    71.757     1.18    7.71
-121623.160    71.515    -0.65    7.76
-121252.310    71.069    -1.20    9.41
-120881.558    72.300     3.32   10.24
-120510.904    73.257     2.58    9.76
-120140.348    74.952     4.58    8.54
-119769.891    76.663     4.62    7.33
-119399.530    78.991     6.29    7.54
-119029.268    81.175     5.90    8.82
-118659.103    80.515    -1.79    9.04
-118289.036    80.973     1.24    8.36
-117919.066    79.749    -3.31    8.81
-117549.194    79.278    -1.27    8.68
-117179.419    81.715     6.59    9.64
-116809.741    85.618    10.56   11.05
-116440.161    88.213     7.02   10.99
-116070.678    89.846     4.42   12.41
-115701.291    91.319     3.99   15.67
-115332.002    90.752    -1.54   15.81
-114962.810    90.304    -1.21   13.70
-114593.714    85.382   -13.34   12.59
-114224.715    77.467   -21.45   11.79
-113855.813    71.764   -15.46    9.36
-113487.007    67.272   -12.18    9.79
-113118.298    62.949   -11.73   10.88
-112749.685    58.841   -11.15   12.19
-112381.169    54.226   -12.52   11.76
-112012.749    50.189   -10.96    6.71
-111644.425    49.058    -3.07    4.87
-111276.197    50.916     5.05    6.79
-110908.065    54.013     8.41    8.67
-110540.029    54.134     0.33    8.93
-110172.089    55.282     3.12    8.58
-109804.245    56.228     2.57    7.74
-109436.497    58.160     5.25    6.34
-109068.844    61.491     9.06    6.76
-108701.287    65.520    10.96    8.48
-108333.825    70.226    12.81    9.55
-107966.459    75.506    14.38    9.41
-107599.188    80.450    13.46    8.92
-107232.013    85.998    15.11    9.81
-106864.933    92.122    16.68    9.09
-106497.947    97.436    14.48    5.99
-106131.057    97.358    -0.21    7.03
-105764.262    98.396     2.83    7.98
-105397.562   101.342     8.03    9.16
-105030.957   104.936     9.80   10.75
-104664.446   103.046    -5.16   13.41
-104298.030    96.139   -18.85   14.73
-103931.709    87.140   -24.57   12.16
-103565.482    81.090   -16.52    9.95
-103199.350    78.723    -6.46   11.35
-102833.312    77.018    -4.66   12.79
-102467.369    73.138   -10.60   14.51
-102101.519    68.290   -13.25   14.69
-101735.764    63.782   -12.32   10.42
-101370.103    61.812    -5.39    7.15
-101004.536    63.665     5.07    7.45
-100639.063    68.757    13.93    9.38
-100273.684    73.983    14.31   11.31
 -99908.399    74.794     2.22   10.94
 -99543.207    72.763    -5.56   11.70
 -99178.109    68.123   -12.71   12.30
 -98813.105    61.695   -17.61    9.69
 -98448.194    59.816    -5.15    7.52
 -98083.377    61.106     3.54    7.77
 -97718.653    63.578     6.78    6.23
 -97354.022    65.468     5.18    6.75
 -96989.485    65.145    -0.88    7.31
 -96625.040    63.755    -3.81    7.70
 -96260.689    62.308    -3.97    8.52
 -95896.431    55.898   -17.60    9.96
 -95532.265    47.314   -23.58   12.66
 -95168.193    46.466    -2.33   13.69
 -94804.213    45.772    -1.91   15.12
 -94440.326    45.727    -0.12   17.31
 -94076.532    46.914     3.26   17.68
 -93712.831    47.806     2.45   16.71
 -93349.221    43.388   -12.15   14.04
 -92985.705    38.847   -12.49   12.07
 -92622.280    34.612   -11.65   11.46
 -92258.948    31.378    -8.90   10.33
 -91895.708    29.831    -4.26   10.23
 -91515.217    29.645    -0.49   12.35
 -91132.344    31.022     3.60   13.46
 -90749.577    32.496     3.85   15.56
 -90366.916    36.109     9.44   17.80
 -89984.360    40.610    11.77   17.39
 -89601.911    46.002    14.10   12.87
 -89219.567    47.837     4.80    9.55
 -88837.329    50.209     6.21    7.74
 -88455.196    52.349     5.60    7.21
 -88073.168    51.936    -1.08    7.72
 -87691.246    44.947   -18.30   12.87
 -87309.429    34.763   -26.67   15.54
 -86927.717    21.070   -35.88   13.29
 -86546.110    11.943   -23.92    9.18
 -86164.609     9.302    -6.92    8.52
 -85783.212    11.726     6.36   14.37
 -85401.919    18.944    18.93   20.03
 -85020.732    29.823    28.54   22.84
 -84639.649    39.820    26.23   21.71
 -84258.671    44.643    12.66   18.36
 -83877.797    43.778    -2.27   15.93
 -83497.027    39.816   -10.40   13.93
 -83116.362    39.475    -0.90   13.25
 -82735.800    41.944     6.49   14.20
 -82355.343    46.029    10.74   14.53
 -81974.990    50.154    10.84   14.70
 -81594.741    52.486     6.14   15.01
 -81214.596    51.836    -1.71   14.44
 -80834.554    51.497    -0.89   14.22
 -80454.617    51.370    -0.33   13.21
 -80074.782    51.168    -0.53   11.32
 -79695.052    48.914    -5.93    9.73
 -79315.424    44.569   -11.45    9.63
 -78935.900    37.923   -17.51    8.56
 -78556.479    31.450   -17.06    8.81
 -78177.162    24.202   -19.11   11.21
 -77797.947    17.473   -17.74   10.99
 -77418.836    14.871    -6.86    9.98
 -77039.827    15.957     2.87   12.08
 -76660.921    18.752     7.38   10.38
 -76282.118    18.755     0.01    7.75
 -75903.418    15.226    -9.32    7.53
 -75524.820    10.682   -12.00    6.97
 -75146.325     6.287   -11.61    5.17
 -74767.932     4.706    -4.18    4.08
 -74389.641     4.098    -1.61    4.30
 -74011.453     4.778     1.80    3.77
 -73633.367     5.649     2.30    3.42
 -73255.382     6.013     0.96    3.33
 -72877.500     6.254     0.64    2.98
 -72499.720     6.243    -0.03    2.41
 -72122.042     3.898    -6.21    4.06
 -71744.465     1.102    -7.40    4.67
 -71366.990    -1.102    -5.84    4.03
 -70989.617    -1.054     0.13    4.85
 -70612.345    -0.480     1.52    5.30
 -70235.175    -0.966    -1.29    4.73
 -69858.106    -2.072    -2.93    4.23
 -69481.138    -3.422    -3.58    3.30
 -69104.271    -4.118    -1.85    2.31
 -68727.506    -4.188    -0.18    2.33
 -68350.841    -3.605     1.55    3.57
 -67974.277    -2.996     1.62    4.21
 -67597.815    -3.575    -1.54    3.39
 -67221.453    -4.269    -1.84    1.94
 -66845.191    -4.627    -0.95    1.45
 -66469.031    -4.661    -0.09    1.61
 -66092.971    -4.723    -0.17    1.79
 -65717.011    -4.820    -0.26    1.71
 -65341.152    -4.708     0.30    2.12
 -64965.392    -4.777    -0.18    1.98
 -64589.734    -5.014    -0.63    1.29
 -64214.175    -5.299    -0.76    0.60
 -63838.716    -5.015     0.75    1.78
 -63463.358    -4.222     2.11    3.37
 -63088.099    -3.541     1.82    3.80
 -62712.940    -3.742    -0.54    3.13
 -62337.880    -4.045    -0.81    2.51
 -61962.921    -3.601     1.18    3.96
 -61588.061    -1.954     4.39    5.96
 -61213.300    -0.567     3.70    6.15
 -60838.639     0.284     2.27    5.83
 -60464.077     0.554     0.72    5.34
 -60089.615     1.463     2.43    6.78
 -59715.251     3.704     5.99    8.97
 -59340.987     5.503     4.81    9.41
 -58966.822     7.202     4.54    9.62
 -58592.755     6.472    -1.95   10.66
 -58218.788     4.676    -4.80   10.52
 -57844.919     1.054    -9.69    9.21
 -57471.149    -1.213    -6.06    5.98
 -57097.477    -2.390    -3.15    3.06
 -56723.905    -1.407     2.63    3.32
 -56350.430    -0.066     3.59    3.26
 -55977.054    -0.018     0.13    3.44
 -55603.776     1.350     3.67    3.88
 -55230.597     2.332     2.63    3.47
 -54857.516     2.304    -0.08    3.96
 -54484.532     2.071    -0.62    3.90
 -54111.647     1.570    -1.34    4.03
 -53738.860     0.537    -2.77    4.17
 -53366.170    -0.274    -2.18    3.26
 -52993.579    -0.680    -1.09    3.08
 -52621.085    -1.076    -1.06    3.26
 -52248.688    -2.262    -3.19    3.48
 -51876.389    -3.389    -3.03    3.04
 -51504.188    -2.607     2.10    5.44
 -51132.084    -0.422     5.87    6.65
 -50760.077     1.179     4.30    6.28
 -50388.168     2.368     3.20    5.13
 -50016.356     2.635     0.72    3.54
 -49644.640     3.536     2.42    3.69
 -49273.022     3.497    -0.11    3.58
 -48901.501     4.594     2.95    4.19
 -48530.076     7.220     7.07    5.81
 -48158.749     7.871     1.75    5.51
 -47787.518     7.503    -0.99    5.81
 -47416.383     5.434    -5.58    6.57
 -47045.345     3.255    -5.87    4.52
 -46674.404     2.289    -2.61    3.22
 -46303.559     2.570     0.76    3.40
 -45932.810     2.489    -0.22    3.32
 -45562.158     1.479    -2.72    3.46
 -45191.602     0.490    -2.67    3.65
 -44821.142     0.254    -0.63    3.96
 -44450.778     0.123    -0.36    3.90
 -44080.509     0.326     0.55    3.50
 -43710.337     1.274     2.56    3.30
 -43340.261     1.900     1.69    2.95
 -42970.280     3.029     3.05    2.83
 -42600.395     5.229     5.95    3.70
 -42230.605     6.378     3.11    4.12
 -41860.911     6.804     1.15    4.05
 -41491.312     6.824     0.06    3.44
 -41121.809     6.765    -0.16    2.96
 -40752.401     6.819     0.15    2.47
 -40383.088     6.368    -1.22    2.89
 -40013.870     5.963    -1.10    3.42
 -39644.748     4.087    -5.08    3.23
 -39275.720     4.199     0.30    3.60
 -38906.787     4.229     0.08    3.73
 -38537.949     4.824     1.61    4.40
 -38169.206     5.635     2.20    4.50
 -37800.558     5.864     0.62    4.69
 -37432.004     5.738    -0.34    5.00
 -37063.545     6.209     1.28    4.54
 -36695.180     5.698    -1.39    3.37
 -36326.909     5.306    -1.06    3.06
 -35958.733     6.274     2.63    3.30
 -35590.651     8.086     4.92    3.70
 -35222.664     8.394     0.83    3.49
 -34854.770     9.458     2.89    3.40
 -34486.970    10.505     2.85    3.46
 -34119.265    10.237    -0.73    4.39
 -33751.653    10.864     1.71    4.43
 -33384.135     9.634    -3.35    4.23
 -33016.711     7.695    -5.28    2.99
 -32649.380     6.726    -2.64    3.35
 -32282.143     4.804    -5.23    4.19
 -31915.000     2.904    -5.18    3.98
 -31547.950     2.289    -1.67    4.29
 -31180.993     2.328     0.11    4.37
 -30814.130     3.028     1.91    4.03
 -30447.360     3.349     0.87    3.84
 -30080.683     4.228     2.40    3.52
 -29714.099     4.519     0.79    2.89
 -29347.609     4.082    -1.19    3.51
 -28981.211     3.066    -2.77    4.41
 -28614.906     0.282    -7.60    4.61
 -28248.694    -1.172    -3.97    4.01
 -27882.575    -1.571    -1.09    2.99
 -27516.548    -1.322     0.68    3.04
 -27150.614    -0.801     1.42    3.02
 -26784.772    -0.090     1.94    2.89
 -26419.023     0.248     0.92    3.03
 -26053.366    -0.027    -0.75    3.01
 -25687.802     0.032     0.16    2.94
 -25322.330    -0.455    -1.33    3.14
 -24956.950    -0.552    -0.27    3.03
 -24591.662    -0.438     0.31    3.09
 -24226.466     0.367     2.20    3.06
 -23861.362     1.107     2.03    3.04
 -23496.350     1.960     2.34    3.14
 -23131.430     2.025     0.18    2.91
 -22766.602     2.455     1.18    2.71
 -22401.865     2.120    -0.92    2.45
 -22037.220     1.078    -2.86    2.41
 -21672.667     1.016    -0.17    3.20
 -21308.204     1.832     2.24    4.35
 -20943.834     2.078     0.67    4.36
 -20579.554     1.545    -1.46    4.47
 -20215.366    -0.455    -5.49    3.61
 -19851.270    -1.551    -3.01    3.05
 -19487.264    -2.472    -2.53    2.25
 -19123.349    -1.561     2.50    2.87
 -18759.526    -0.926     1.75    2.74
 -18395.793     0.405     3.66    2.73
 -18032.151     0.537     0.37    2.60
 -17668.600     1.960     3.91    4.05
 -17305.140     5.475     9.67    7.32
 -16931.708    12.789    19.59   12.38
 -16548.985    20.571    20.33   10.63
 -16166.367    28.767    21.42    7.29
 -15783.851    35.308    17.10   10.50
 -15401.440    44.839    24.93   19.82
 -15019.132    50.119    13.81   18.90
 -14636.927    45.364   -12.44   26.15
 -14254.826    30.489   -38.93   30.68
 -13872.827    12.301   -47.61   20.97
 -13490.932     3.926   -21.93   10.03
 -13109.141     6.344     6.33   11.00
 -12727.452    14.119    20.37   13.47
 -12345.866    21.291    18.80   12.81
 -11964.383    28.318    18.42    9.57
 -11583.002    31.119     7.34    8.32
 -11201.724    34.217     8.13    4.30
 -10820.549    35.367     3.01    3.63
 -10439.477    34.410    -2.51    4.39
 -10058.507    30.627    -9.93    8.40
  -9677.639    25.744   -12.82    9.35
  -9296.873    21.454   -11.26    7.26
  -8916.210    20.818    -1.67    6.60
  -8535.648    24.217     8.93    9.54
  -8155.189    30.767    17.21   11.46
  -7774.832    36.942    16.23   10.48
  -7394.576    39.944     7.90    8.15
  -7014.422    41.704     4.63    8.60
  -6634.370    44.162     6.47   10.35
  -6254.420    47.086     7.70   12.66
  -5874.571    46.537    -1.45   13.94
  -5494.824    42.849    -9.71   13.52
  -5115.177    36.901   -15.67    8.85
  -4735.633    32.909   -10.52    6.00
  -4356.189    28.940   -10.46    5.87
  -3976.847    26.545    -6.31    4.74
  -3597.605    27.504     2.53    5.72
  -3218.465    28.778     3.36    6.54
  -2839.425    28.824     0.12    9.15
  -2460.486    28.040    -2.07   13.06
  -2081.648    23.826   -11.12   14.27
  -1702.911    20.237    -9.48   16.14
  -1324.274    15.545   -12.39   16.38
   -945.737     8.132   -19.58   11.15
   -567.301     5.284    -7.53   10.31
   -188.966     1.890    -8.97    7.44
    189.270    -0.284    -5.75    1.14
    567.405     2.332     6.92    7.69
    945.440     6.479    10.97   11.19
   1323.375    11.779    14.02   12.84
   1701.211    16.645    12.88   12.85
   2078.946    21.684    13.34   10.82
   2456.582    25.132     9.13    5.93
   2834.118    25.337     0.54    2.78
   3211.554    24.920    -1.10    2.47
   3588.891    25.104     0.49    2.64
   3966.128    26.806     4.51    3.43
   4343.266    30.021     8.52    4.96
   4720.305    33.855    10.17    5.84
   5097.244    37.248     9.00    5.26
   5474.084    39.212     5.21    4.52
   5850.826    39.638     1.13    4.57
   6227.468    40.364     1.93    5.92
   6604.011    41.887     4.05    7.63
   6980.456    47.273    14.31   10.22
   7356.801    50.816     9.42   10.48
   7733.048    52.904     5.55    8.94
   8109.197    53.785     2.34    7.57
   8485.247    51.947    -4.89    5.93
   8861.198    46.390   -14.78    8.42
   9237.051    39.485   -18.37   12.17
   9612.806    30.922   -22.79   12.76
   9988.463    25.380   -14.75    7.89
  10364.021    25.195    -0.49    7.47
  10739.482    26.726     4.08    6.93
  11114.844    28.369     4.38    6.01
  11490.109    23.677   -12.51    7.73
  11865.275    20.704    -7.92    7.02
  12240.344    19.453    -3.33    7.03
  12615.315    19.496     0.11    8.35
  12990.189    18.832    -1.77    9.62
  13364.965    15.287    -9.46   10.72
  13739.644    10.737   -12.14    8.86
  14114.225     7.145    -9.59    3.60
  14488.709     8.479     3.56    6.37
  14863.096    12.437    10.57    9.53
  15237.385    15.256     7.53    8.94
  15611.578    17.819     6.85    6.95
  15985.673    18.954     3.03    3.94
  16359.672    18.988     0.09    2.44
  16733.574    19.502     1.37    2.52
  17107.379    20.934     3.83    3.74
  17481.087    24.282     8.96    4.96
  17854.699    28.611    11.59    5.56
  18228.214    31.974     9.00    4.67
  18601.632    35.128     8.45    3.07
  18974.955    37.687     6.86    3.82
  19348.181    39.180     4.00    4.07
  19721.310    40.304     3.01    3.52
  20094.344    40.603     0.80    3.13
  20467.281    39.791    -2.18    2.91
  20840.122    39.955     0.44    2.72
  21212.868    39.664    -0.78    2.75
  21585.517    40.116     1.21    3.41
  21958.071    41.945     4.91    4.36
  22330.529    44.693     7.38    5.71
  22702.891    47.250     6.87    6.29
  23075.158    48.750     4.03    5.68
  23447.329    48.079    -1.80    5.86
  23819.405    46.041    -5.48    5.66
  24191.385    44.171    -5.03    3.80
  24563.271    43.950    -0.59    2.60
  24935.060    44.545     1.60    2.07
  25306.755    44.831     0.77    1.95
  25678.355    45.636     2.17    2.00
  26049.859    46.896     3.39    2.57
  26421.269    47.220     0.87    2.77
  26792.584    46.923    -0.80    3.30
  27163.804    47.318     1.06    3.67
  27534.930    48.521     3.24    4.36
  27905.960    51.545     8.15    4.02
  28276.897    53.660     5.70    3.67
  28647.738    53.932     0.73    3.29
  29018.485    52.310    -4.37    4.19
  29389.138    50.028    -6.16    3.67
  29759.697    47.019    -8.12    3.24
  30130.161    44.735    -6.16    3.63
  30500.532    44.393    -0.93    3.86
  30870.808    45.562     3.16    4.57
  31240.990    48.330     7.48    4.37
  31611.079    49.214     2.39    3.73
  31981.073    45.934    -8.87    6.42
  32350.974    43.859    -5.61    5.95
  32720.781    44.341     1.30    6.41
  33090.494    47.454     8.42    7.01
  33460.114    50.907     9.34    4.58
  33829.640    51.316     1.11    3.58
  34199.073    49.007    -6.25    3.95
  34568.413    47.173    -4.97    3.61
  34937.659    47.705     1.44    4.41
  35306.812    50.310     7.06    6.50
  35675.872    55.700    14.61    8.52
  36044.839    59.306     9.77    8.42
  36413.713    60.748     3.91    8.04
  36782.493    58.112    -7.15    8.74
  37151.181    53.274   -13.12    8.02
  37519.777    48.473   -13.02    5.96
  37888.279    44.770   -10.05    4.06
  38256.689    42.562    -5.99    3.25
  38625.007    40.376    -5.94    3.82
  38993.231    37.335    -8.26    4.63
  39361.364    33.010   -11.75    5.66
  39729.404    27.926   -13.81    6.82
  40097.351    23.316   -12.53    7.79
  40465.207    17.872   -14.80    7.24
  40832.970    14.388    -9.47    5.92
  41200.642    11.443    -8.01    4.00
  41568.221    10.037    -3.82    2.32
  41935.708    10.217     0.49    1.89
  42303.103    10.526     0.84    1.87
  42670.407    11.234     1.93    2.00
  43037.619    12.024     2.15    1.58
  43404.739    12.853     2.26    0.95
  43771.768    13.293     1.20    0.71
  44138.705    13.657     0.99    0.40
  44505.550    13.918     0.71    0.68
  44872.304    14.670     2.05    1.91
  45238.967    15.510     2.29    2.52
  45605.539    16.312     2.19    2.98
  45972.019    16.401     0.24    2.90
  46338.408    15.704    -1.90    2.05
  46704.706    15.495    -0.57    1.59
  47070.913    16.700     3.29    3.00
  47437.030    19.648     8.05    5.79
  47803.055    22.979     9.10    7.73
  48168.990    26.145     8.65    8.35
  48534.833    28.126     5.42    9.16
  48900.587    29.362     3.38    9.47
  49266.249    31.019     4.53    9.10
  49631.821    32.285     3.46    8.34
  49997.303    32.511     0.62    7.81
  50362.694    31.801    -1.94    7.40
  50727.995    29.662    -5.86    7.17
  51093.206    27.054    -7.14    6.80
  51458.326    24.293    -7.56    5.57
  51823.357    22.174    -5.80    3.88
  52188.297    21.072    -3.02    2.33
  52553.147    21.260     0.51    1.93
  52917.908    22.350     2.99    2.96
  53282.578    24.120     4.85    4.11
  53647.159    25.779     4.55    5.09
  54011.650    26.719     2.58    5.56
  54376.052    26.893     0.48    5.76
  54740.364    25.732    -3.19    5.36
  55104.586    24.326    -3.86    4.86
  55468.719    22.354    -5.42    3.41
  55832.762    20.927    -3.92    2.17
  56196.717    20.185    -2.04    1.49
  56560.582    19.687    -1.37    1.08
  56924.357    19.494    -0.53    0.82
  57288.044    19.456    -0.10    0.53
  57654.894    19.637     0.49    0.50
  58037.457    19.536    -0.26    0.81
  58419.919    19.083    -1.18    1.37
  58802.280    18.765    -0.83    1.50
  59184.539    19.310     1.42    2.35
  59566.697    20.314     2.63    3.12
  59948.754    22.910     6.79    5.06
  60330.710    28.713    15.19    9.41
  60712.564    35.940    18.92   10.66
  61094.318    43.075    18.69    8.55
  61475.972    49.023    15.58    4.08
  61857.524    51.528     6.57    3.31
  62238.976    53.304     4.65    3.72
  62620.327    56.316     7.90    6.25
  63001.578    60.759    11.65    9.13
  63382.728    63.121     6.20    8.84
  63763.778    63.554     1.13    8.59
  64144.728    61.519    -5.34    7.60
  64525.578    56.327   -13.63    6.83
  64906.327    50.572   -15.11    9.75
  65286.977    42.420   -21.41   12.74
  65667.526    35.232   -18.89   11.63
  66047.976    30.648   -12.05    8.67
  66428.326    31.400     1.98    9.56
  66808.576    38.109    17.64   11.87
  67188.727    46.613    22.37   10.26
  67568.778    52.955    16.69   10.35
  67948.729    58.587    14.82   14.65
  68328.581    64.645    15.95   18.20
  68708.334    68.789    10.91   16.55
  69087.988    71.579     7.35   14.64
  69467.542    67.504   -10.74   14.58
  69846.997    63.690   -10.05   12.77
  70226.354    64.459     2.03   13.80
  70605.611    63.325    -2.99   15.77
  70984.770    67.936    12.16   15.45
  71363.829    70.260     6.13   15.19
  71742.791    71.672     3.73   13.59
  72121.653    70.003    -4.41   10.61
  72500.417    68.041    -5.18    8.77
  72879.082    70.562     6.66   11.91
  73257.649    75.772    13.76   15.29
  73636.118    79.858    10.80   14.06
  74014.488    81.209     3.57   10.79
  74392.761    81.163    -0.12    9.41
  74770.935    84.287     8.26   13.03
  75149.011    84.896     1.61   14.39
  75526.989    86.511     4.27   14.02
  75904.870    85.952    -1.48   12.59
  76282.652    84.235    -4.54   14.59
  76660.337    85.419     3.14   19.43
  77037.924    83.872    -4.10   20.64
  77415.414    79.859   -10.63   13.59
  77792.806    77.855    -5.31    8.46
  78170.101    73.445   -11.69    8.59
  78547.298    68.467   -13.20    7.06
  78924.398    65.959    -6.65    3.71
  79301.401    66.918     2.54    5.05
  79678.307    70.279     8.92    6.87
  80055.116    69.240    -2.76    7.87
  80431.828    63.536   -15.14   11.60
  80808.442    57.329   -16.48   11.40
  81184.961    52.451   -12.96    7.52
  81561.382    49.416    -8.06    5.23
  81937.706    49.037    -1.01    5.88
  82313.935    50.417     3.67    6.56
  82690.066    51.477     2.82    7.53
  83066.101    51.465    -0.03    8.38
  83442.040    52.485     2.71    8.10
  83817.882    53.321     2.22    6.86
  84193.628    53.253    -0.18    4.85
  84569.279    54.024     2.05    4.47
  84944.832    54.572     1.46    3.34
  85320.290    50.511   -10.82    6.89
  85695.652    47.045    -9.23    8.17
  86070.918    43.295    -9.99    7.25
  86446.089    41.801    -3.98    5.22
  86821.163    43.493     4.51    5.29
  87196.142    45.164     4.46    4.93
  87571.026    46.333     3.12    4.57
  87945.814    45.350    -2.62    4.70
  88320.506    43.762    -4.24    4.48
  88695.103    44.545     2.09    5.78
  89069.605    46.308     4.71    6.50
  89444.012    47.717     3.76    6.18
  89818.323    47.774     0.15    4.62
  90192.540    48.748     2.60    4.41
  90566.661    48.655    -0.25    3.64
  90940.688    49.243     1.57    3.45
  91314.619    50.501     3.36    3.94
  91688.456    52.476     5.28    5.23
  92062.198    56.035     9.52    5.07
  92435.846    58.844     7.52    4.43
  92809.399    59.406     1.50    4.27
  93182.857    60.545     3.05    3.61
  93556.221    61.126     1.56    3.64
  93929.491    62.067     2.52    3.88
  94302.666    65.605     9.48    6.18
  94675.748    69.748    11.11    8.54
  95048.735    74.554    12.88    7.98
  95421.628    79.321    12.78    5.92
  95794.427    82.946     9.72    4.70
  96167.132    83.893     2.54    5.19
  96539.743    85.170     3.43    4.80
  96912.260    84.178    -2.66    5.93
  97284.684    81.373    -7.53    6.21
  97657.014    80.359    -2.72    5.79
  98029.251    79.725    -1.70    4.66
  98401.394    78.416    -3.52    4.35
  98773.443    79.348     2.51    4.62
  99145.400    80.832     3.99    5.70
  99517.262    81.197     0.98    5.82
  99889.032    80.890    -0.83    5.99
 100260.709    79.826    -2.86    6.25
 100632.292    79.782    -0.12    5.15
 101003.783    78.899    -2.38    4.91
 101375.180    78.910     0.03    4.68
 101746.485    78.726    -0.50    4.79
 102117.697    78.154    -1.54    4.28
 102488.816    80.195     5.50    4.21
 102859.842    82.545     6.33    3.63
 103230.776    83.890     3.63    3.57
 103601.617    84.485     1.60    4.91
 103972.366    84.783     0.80    5.73
 104343.022    82.348    -6.57    6.56
 104713.586    79.458    -7.80    6.59
 105084.058    78.614    -2.28    5.74
 105454.438    76.814    -4.86    5.12
 105824.726    76.517    -0.80    4.94
 106194.921    74.032    -6.71    5.72
 106565.025    70.120   -10.57    5.60
 106935.036    67.011    -8.40    6.22
 107304.956    63.041   -10.73    6.91
 107674.784    58.172   -13.16    7.06
 108044.520    54.417   -10.16    6.97
 108414.165    51.475    -7.96    5.53
 108783.718    48.985    -6.74    3.82
 109153.180    48.451    -1.44    3.52
 109522.550    48.489     0.10    4.01
 109891.828    48.761     0.74    4.38
 110261.016    49.447     1.86    4.42
 110630.112    51.045     4.33    3.32
 110999.117    52.252     3.27    3.43
 111368.031    53.627     3.73    3.25
 111736.854    53.901     0.74    2.90
 112105.586    52.931    -2.63    3.67
 112474.227    49.649    -8.90    5.53
 112842.777    45.325   -11.73    6.55
 113211.237    40.408   -13.34    6.05
 113579.606    36.123   -11.63    4.89
 113947.884    33.164    -8.03    3.20
 114316.071    31.262    -5.17    1.65
 114684.169    30.786    -1.29    1.81
 115052.175    30.985     0.54    2.27
 115420.091    31.301     0.86    2.44
 115787.917    31.364     0.17    2.15
 116155.653    31.518     0.42    1.79
 116523.299    31.754     0.64    1.77
 116890.854    32.148     1.07    1.80
 117258.320    32.106    -0.11    1.74
 117625.695    31.806    -0.82    1.65
 117992.981    31.444    -0.99    1.63
 118360.177    31.554     0.30    1.44
 118727.283    32.097     1.48    1.53
 119094.299    34.036     5.28    3.84
 119461.226    37.881    10.48    7.22
 119828.063    43.120    14.28    8.72
 120194.810    48.819    15.54    7.85
 120561.468    53.123    11.74    4.26
 120928.037    55.023     5.18    1.54
 121294.517    55.762     2.02    1.98
 121660.907    56.680     2.50    2.89
 122027.208    58.449     4.83    3.66
 122393.420    61.075     7.17    4.34
 122759.543    64.856    10.33    5.31
 123125.577    69.162    11.76    6.32
 123491.521    73.562    12.02    6.68
 123857.378    76.940     9.23    5.95
 124223.145    78.433     4.08    5.51
 124588.823    78.806     1.02    5.76
 124954.413    79.328     1.43    5.92
 125319.915    80.614     3.52    6.36
 125685.327    82.116     4.11    6.23
 126050.652    83.424     3.58    5.15
 126415.888    83.961     1.47    4.39
 126781.035    83.910    -0.14    3.73
 127146.094    84.232     0.88    3.59
 127511.065    84.359     0.35    3.46
 127875.948    83.449    -2.49    3.56
 128240.743    82.668    -2.14    3.30
 128605.450    81.364    -3.57    2.59
 128970.069    80.143    -3.35    2.43
 129334.600    78.757    -3.80    2.27
 129699.043    77.220    -4.22    1.74
 130063.398    76.374    -2.32    1.25
 130427.666    75.926    -1.23    1.48
 130791.846    75.200    -1.99    2.00
 131155.938    74.133    -2.93    2.19
 131519.943    73.147    -2.71    1.79
 131883.861    72.910    -0.65    2.11
 132247.691    72.982     0.20    3.03
 132626.956    72.275    -1.86    3.69
 133009.254    71.317    -2.51    3.31
 133391.454    70.650    -1.74    1.96
 133773.554    71.432     2.05    2.25
 134155.556    73.554     5.55    2.86
 134537.458    75.571     5.28    3.29
 134919.262    77.193     4.25    3.02
 135300.968    78.071     2.30    2.20
 135682.575    78.772     1.84    1.42
 136064.083    80.371     4.19    2.75
 136445.493    82.183     4.75    3.59
 136826.805    84.962     7.29    3.77
 137208.018    87.474     6.59    3.77
 137589.133    90.606     8.22    4.87
 137970.150    93.905     8.66    5.83
 138351.070    98.310    11.56    6.84
 138731.891   102.580    11.21    7.79
 139112.614   108.054    14.38    8.60
 139493.239   113.684    14.79   10.82
 139873.767   120.783    18.65   12.89
 140254.197   129.954    24.10   16.36
 140634.529   136.801    18.00   14.84
 141014.764   138.317     3.99   12.96
 141394.902   139.474     3.04   10.50
 141774.942   144.554    13.36   12.43
 142154.885   152.226    20.19   15.55
 142534.731   161.423    24.21   15.16
 142914.479   166.623    13.69   12.89
 143294.130   168.866     5.91   10.24
 143673.685   169.675     2.13    7.89
 144053.142   174.445    12.57   10.25
 144432.503   185.310    28.64   19.06
 144811.767   196.713    30.06   21.97
 145190.934   210.345    35.95   21.65
 145570.005   221.920    30.53   18.71
 145948.979   235.369    35.49   19.33
 146327.856   245.493    26.72   20.58
 146706.637   252.054    17.32   19.38
 147085.322   250.905    -3.03   20.06
 147463.910   248.705    -5.81   18.32
 147842.403   253.449    12.53   19.10
 148220.799   268.966    41.00   23.26
 148599.099   290.797    57.70   25.14
 148977.303   308.295    46.26   19.01
 149355.412   319.597    29.89   11.45
 149733.424   322.545     7.80   10.32
 150111.341   321.382    -3.08   15.67
 150489.162   317.887    -9.25   22.73
 150866.887   316.728    -3.07   30.01
 151244.517   323.562    18.10   37.38
 151622.051   333.921    27.43   40.14
 151999.490   343.136    24.41   42.64
 152376.834   347.932    12.71   40.46
 152754.082   352.049    10.91   35.43
 153131.236   348.270   -10.02   31.51
 153508.294   344.748    -9.34   29.49
 153885.257   340.887   -10.24   29.01
 154262.125   337.168    -9.87   29.20
 154638.898   335.136    -5.39   28.70
 155015.576   334.054    -2.87   26.65
 155392.160   335.197     3.04   22.07
 155768.649   340.669    14.53   18.61
 156145.043   352.203    30.64   19.68
 156521.343   364.387    32.38   19.07
 156897.548   376.735    32.82   19.82
 157273.659   379.010     6.05   23.10
 157649.676   374.921   -10.87   28.19
 158025.598   364.023   -28.99   26.69
 158401.426   354.126   -26.33   19.05
 158777.160   356.563     6.48   20.61
 159152.800   366.908    27.54   24.62
 159528.346   385.472    49.43   29.73
 159903.798   405.327    52.88   34.65
 160279.156   429.860    65.35   32.39
 160654.420   451.591    57.90   29.93
 161029.591   466.062    38.57   18.64
