-103577.537   -12.526     0.00    2.71
-103199.575   -13.737    -3.20    1.96
-102821.716   -14.497    -2.01    1.40
-102443.959   -14.992    -1.31    0.00
-102066.304   -14.992     0.00    0.00
-101688.750   -14.992     0.00    0.00
-101311.299   -14.480     1.36    1.91
-100933.949   -13.025     3.86    3.93
-100556.700   -12.445     1.54    3.92
-100179.553   -12.715    -0.72    3.45
 -99802.508   -13.576    -2.28    2.44
 -99425.564   -13.676    -0.26    2.46
 -99048.721   -12.945     1.94    3.49
 -98671.980   -11.712     3.27    4.58
 -98295.339    -8.951     7.33    5.79
 -97918.800    -7.352     4.25    5.48
 -97542.361    -7.082     0.72    5.09
 -97166.023    -8.781    -4.51    5.66
 -96789.786   -11.381    -6.91    4.61
 -96413.650   -13.591    -5.87    2.99
 -96037.614   -14.772    -3.14    0.68
 -95661.679   -14.696     0.20    0.97
 -95285.845   -13.634     2.82    2.88
 -94910.111   -12.307     3.53    4.67
 -94534.477   -11.780     1.40    4.09
 -94158.943   -12.189    -1.09    2.60
 -93783.509   -12.220    -0.08    2.51
 -93408.176   -11.460     2.02    2.88
 -93032.942   -11.256     0.54    2.83
 -92657.808   -10.576     1.81    3.33
 -92282.775    -8.371     5.88    4.51
 -91907.840    -5.634     7.30    4.93
 -91533.006    -3.132     6.68    4.19
 -91158.271    -2.240     2.38    4.25
 -90783.636    -1.120     2.99    4.87
 -90409.100     0.333     3.88    5.08
 -90034.663     2.066     4.63    4.35
 -89660.326     2.838     2.06    3.01
 -89286.087     1.600    -3.31    3.82
 -88911.948    -0.570    -5.80    3.86
 -88537.908    -2.456    -5.04    3.79
 -88163.967    -2.724    -0.72    3.81
 -87790.125    -1.422     3.48    4.20
 -87416.381    -0.560     2.31    4.28
 -87042.736    -0.648    -0.23    4.99
 -86669.190     0.016     1.78    5.11
 -86295.743     0.870     2.29    5.53
 -85922.393     3.475     6.98    5.98
 -85549.143     5.492     5.40    5.90
 -85175.990     6.016     1.41    5.20
 -84802.936     6.935     2.46    3.64
 -84429.980     6.951     0.04    3.33
 -84057.122     5.720    -3.30    4.17
 -83684.362     4.468    -3.36    4.24
 -83311.700     3.066    -3.76    3.30
 -82939.136     2.161    -2.43    3.24
 -82566.670     2.786     1.68    3.64
 -82194.301     3.439     1.75    3.88
 -81822.030     3.561     0.33    3.82
 -81449.856     3.677     0.31    3.71
 -81077.780     4.369     1.86    4.40
 -80705.801     6.888     6.77    6.28
 -80333.920    11.465    12.31    8.52
 -79962.136    14.447     8.02    8.76
 -79590.449    14.387    -0.16    9.06
 -79218.859    11.378    -8.10    9.23
 -78847.366     7.184   -11.29    6.40
 -78475.970     5.691    -4.02    3.31
 -78104.671     8.124     6.55    5.21
 -77733.469    10.274     5.79    5.92
 -77362.363    12.711     6.57    5.11
 -76991.354    15.845     8.45    4.83
 -76620.442    16.861     2.74    4.54
 -76249.626    16.603    -0.70    4.03
 -75878.906    16.184    -1.13    4.32
 -75508.283    15.172    -2.73    3.79
 -75137.756    13.608    -4.22    3.30
 -74767.325    14.208     1.62    3.99
 -74396.990    15.341     3.06    5.27
 -74026.751    17.664     6.27    6.25
 -73656.609    20.137     6.68    5.95
 -73286.562    21.709     4.25    5.57
 -72916.611    22.419     1.92    5.22
 -72546.755    22.685     0.72    4.39
 -72176.996    23.727     2.82    3.76
 -71807.332    25.704     5.35    4.55
 -71437.763    27.262     4.22    4.27
 -71068.290    28.944     4.55    3.18
 -70698.912    30.072     3.05    2.75
 -70329.629    30.512     1.19    2.68
 -69960.442    31.264     2.04    2.72
 -69591.350    31.852     1.59    2.10
 -69222.352    30.891    -2.60    2.61
 -68853.450    30.242    -1.76    2.42
 -68484.643    30.041    -0.54    2.26
 -68115.930    30.822     2.12    2.53
 -67747.313    32.390     4.25    2.61
 -67378.790    33.439     2.85    2.65
 -67010.361    33.235    -0.55    2.73
 -66642.027    32.778    -1.24    2.87
 -66273.788    32.796     0.05    3.15
 -65905.643    33.217     1.15    3.00
 -65537.592    31.491    -4.69    4.98
 -65169.636    27.024   -12.14    7.55
 -64801.774    22.669   -11.84    7.23
 -64434.006    19.572    -8.42    6.96
 -64066.331    18.139    -3.90    9.47
 -63698.751    18.153     0.04   10.76
 -63331.265    16.378    -4.83   10.60
 -62963.873    13.203    -8.64    9.79
 -62596.574     9.048   -11.31    9.38
 -62229.369     5.186   -10.52    7.08
 -61862.257     5.016    -0.46    6.58
 -61495.240     7.874     7.79    7.68
 -61128.315    12.598    12.87    7.01
 -60761.484    16.484    10.59    4.63
 -60394.746    18.957     6.74    2.16
 -60028.102    19.090     0.36    1.98
 -59661.550    19.226     0.37    2.02
 -59295.092    20.318     2.98    2.69
 -58928.727    20.476     0.43    2.85
 -58562.455    19.934    -1.48    3.19
 -58196.275    18.843    -2.98    4.01
 -57830.189    16.540    -6.29    4.23
 -57464.195    15.041    -4.10    3.86
 -57098.294    14.432    -1.66    4.02
 -56732.485    14.065    -1.00    4.20
 -56366.769    14.355     0.79    4.58
 -56001.146    14.408     0.14    4.22
 -55635.614    14.903     1.35    4.04
 -55270.176    15.347     1.21    2.94
 -54904.829    14.661    -1.88    2.68
 -54539.574    14.161    -1.37    2.72
 -54174.412    13.634    -1.44    2.35
 -53809.342    12.902    -2.00    2.05
 -53444.363    12.918     0.04    2.12
 -53079.477    12.745    -0.48    2.03
 -52714.682    12.959     0.59    2.26
 -52349.980    13.114     0.43    2.52
 -51985.368    13.623     1.40    2.59
 -51620.849    14.846     3.36    3.17
 -51256.421    16.532     4.63    3.80
 -50892.084    19.465     8.05    3.07
 -50527.839    20.380     2.51    2.38
 -50163.685    20.157    -0.61    2.44
 -49799.623    18.383    -4.87    3.44
 -49435.652    14.920    -9.51    5.18
 -49071.772    11.680    -8.90    5.91
 -48707.982     9.082    -7.14    5.97
 -48344.284     7.884    -3.29    6.23
 -47980.677     8.135     0.69    6.54
 -47617.161     9.140     2.77    6.27
 -47253.735    10.032     2.45    5.79
 -46874.102    11.674     4.33    4.73
 -46491.394    13.138     3.82    4.76
 -46108.789    13.974     2.19    4.48
 -45726.288    14.544     1.49    4.09
 -45343.891    15.107     1.47    3.76
 -44961.598    15.487     0.99    3.38
 -44579.408    15.424    -0.16    3.07
 -44197.321    16.152     1.90    2.36
 -43815.338    16.634     1.26    3.29
 -43433.458    16.648     0.04    4.15
 -43051.681    14.235    -6.32    5.98
 -42670.008    11.050    -8.35    6.62
 -42288.437     8.106    -7.71    4.85
 -41906.969     6.967    -2.99    3.54
 -41525.605     9.371     6.31    5.75
 -41144.342    13.601    11.09    7.78
 -40763.183    17.315     9.74    8.05
 -40382.126    19.487     5.70    7.15
 -40001.172    20.143     1.72    6.23
 -39620.320    19.827    -0.83    4.59
 -39239.571    19.441    -1.01    4.01
 -38858.924    16.683    -7.25    6.59
 -38478.379    12.154   -11.90    8.14
 -38097.936     7.008   -13.53    7.51
 -37717.596     1.795   -13.71    4.20
 -37337.357    -0.882    -7.04    3.72
 -36957.220    -1.197    -0.83    3.46
 -36577.185     0.041     3.26    5.04
 -36197.251     3.327     8.65    7.68
 -35817.419     8.614    13.92   11.44
 -35437.689    14.596    15.75   13.74
 -35058.060    17.959     8.86   11.70
 -34678.533    18.137     0.47   10.62
 -34299.107    17.541    -1.57    9.08
 -33919.782    16.458    -2.85    5.81
 -33540.558    17.117     1.74    4.57
 -33161.436    18.776     4.38    3.98
 -32782.414    19.394     1.63    5.52
 -32403.493    21.628     5.90    6.69
 -32024.673    22.576     2.50    6.31
 -31645.954    22.391    -0.49    5.38
 -31267.335    21.677    -1.89    4.16
 -30888.818    22.258     1.53    3.42
 -30510.400    23.429     3.10    4.39
 -30132.083    23.251    -0.47    4.49
 -29753.866    20.917    -6.17    6.20
 -29375.750    16.688   -11.18    8.29
 -28997.734    10.214   -17.13    8.17
 -28619.818     6.401   -10.09    7.79
 -28242.001     3.482    -7.73    7.00
 -27864.285     3.254    -0.61    6.34
 -27486.669     4.738     3.93    6.26
 -27109.152     8.719    10.54    7.94
 -26731.736    16.333    20.17   13.32
 -26354.419    28.283    31.67   16.43
 -25977.201    37.770    25.15   15.53
 -25600.083    45.395    20.22    7.94
 -25223.064    43.870    -4.05    9.27
 -24846.145    36.525   -19.49   13.50
 -24469.324    30.768   -15.28   11.41
 -24092.603    28.479    -6.08    9.47
 -23715.982    33.550    13.47   11.59
 -23339.459    39.281    15.22    9.48
 -22963.035    41.604     6.17    8.42
 -22586.710    42.247     1.71    8.11
 -22210.483    42.426     0.47    7.33
 -21834.355    44.344     5.10    6.64
 -21458.326    45.305     2.56    8.68
 -21082.396    44.990    -0.84   10.31
 -20706.564    40.499   -11.95    9.83
 -20330.830    36.663   -10.21   11.71
 -19955.195    30.274   -17.01   12.49
 -19579.658    26.840    -9.15    8.32
 -19204.219    30.376     9.42   11.22
 -18828.878    38.396    21.37   14.02
 -18453.635    44.530    16.35   10.34
 -18078.490    41.067    -9.23   13.89
 -17703.443    31.966   -24.27   17.67
 -17328.494    20.779   -29.84   14.49
 -16953.642    12.355   -22.47   12.19
 -16578.888     5.201   -19.09    6.04
 -16204.232     2.885    -6.18    4.20
 -15829.673     1.603    -3.42    4.55
 -15455.211     0.584    -2.72    4.75
 -15080.847     0.041    -1.45    4.18
 -14706.580    -0.287    -0.87    4.52
 -14332.410    -0.181     0.28    4.88
 -13958.337     0.499     1.82    5.92
 -13584.361    -0.656    -3.09    6.62
 -13210.483     0.699     3.63    9.41
 -12836.701     7.183    17.35   15.52
 -12463.016    11.826    12.42   15.68
 -12089.427    18.411    17.63   12.84
 -11715.935    21.084     7.16    7.12
 -11342.540    20.082    -2.68    5.80
 -10969.241    20.622     1.45    4.69
 -10596.039    19.811    -2.17    3.49
 -10222.933    21.465     4.43    5.32
  -9849.923    25.293    10.26    6.66
  -9477.010    28.549     8.73    7.87
  -9104.192    29.938     3.72    8.17
  -8731.471    30.566     1.69   11.66
  -8358.846    23.260   -19.61   17.70
  -7986.316    22.279    -2.63   20.59
  -7613.883    24.180     5.10   22.84
  -7241.545    27.892     9.97   23.75
  -6869.302    26.249    -4.41   24.23
  -6497.156    23.674    -6.92   22.04
  -6125.105    19.915   -10.10   19.26
  -5753.149    16.916    -8.06   17.81
  -5381.289    16.356    -1.51   17.30
  -5009.524    16.254    -0.27   17.20
  -4637.854    13.316    -7.90   17.53
  -4266.279    11.223    -5.63   19.17
  -3894.800    15.438    11.34   21.87
  -3523.416    19.282    10.35   22.38
  -3152.126    21.932     7.14   22.12
  -2780.931    19.815    -5.70   21.61
  -2409.832    11.770   -21.68   19.66
  -2038.826     3.596   -22.03   15.41
  -1667.916     1.542    -5.54   12.60
  -1297.100     3.739     5.93   13.27
   -926.379     6.999     8.80   14.30
   -555.752     9.853     7.70   15.11
   -185.219    12.371     6.80   16.87
    185.219    11.686    -1.85   16.32
    555.563    12.823     3.07   14.60
    925.813    14.724     5.14   12.57
   1295.969    21.218    17.54   10.09
   1666.031    24.849     9.81    5.62
   2035.999    25.126     0.75    5.51
   2405.873    25.538     1.11    4.86
   2775.653    26.851     3.55    5.40
   3145.340    28.034     3.20    6.19
   3514.932    29.446     3.82    6.52
   3884.432    29.899     1.23    5.96
   4253.838    30.990     2.96    8.30
   4623.150    34.322     9.02   12.18
   4992.369    35.844     4.12   13.18
   5361.495    35.465    -1.03   13.35
   5730.527    33.655    -4.91   12.80
   6099.466    31.672    -5.38   11.18
   6468.313    26.983   -12.71    9.27
   6837.066    25.201    -4.83    6.82
   7205.726    24.335    -2.35    4.51
   7574.294    24.297    -0.10    5.58
   7942.768    28.450    11.27    8.64
   8311.150    33.116    12.67    9.84
   8679.439    37.033    10.63    9.04
   9047.636    39.026     5.41    7.06
   9415.740    40.024     2.71    6.79
   9783.752    40.844     2.23    7.12
  10151.671    40.848     0.01    6.95
  10519.498    40.033    -2.22    6.98
  10887.233    37.663    -6.44    7.99
  11254.876    36.438    -3.33    7.68
  11622.426    36.915     1.30    8.63
  11989.884    36.744    -0.46    9.79
  12357.251    38.404     4.52   10.97
  12724.525    40.538     5.81   13.54
  13091.708    41.720     3.22   17.60
  13458.799    40.783    -2.55   20.43
  13825.799    36.490   -11.70   21.34
  14192.706    30.491   -16.35   18.88
  14559.522    25.876   -12.58   14.30
  14926.247    22.762    -8.49   10.89
  15292.880    23.117     0.97    9.72
  15659.422    24.177     2.89    9.99
  16025.873    26.208     5.54   11.04
  16392.232    26.892     1.87   11.67
  16758.500    27.840     2.59   12.17
  17124.678    31.158     9.06   11.39
  17490.764    33.789     7.19    9.61
  17856.759    37.862    11.13    4.99
  18222.664    38.366     1.38    3.57
  18588.477    38.218    -0.41    3.85
  18954.200    35.423    -7.64    6.66
  19319.832    31.016   -12.05    9.23
  19685.374    28.315    -7.39    8.83
  20050.825    27.525    -2.16    7.72
  20416.185    31.324    10.40   10.85
  20781.456    39.832    23.29   11.57
  21146.636    47.537    21.10    9.09
  21511.725    52.085    12.46    5.78
  21876.725    50.774    -3.59    6.99
  22241.634    46.891   -10.64    8.16
  22606.453    43.127   -10.32    6.41
  22971.182    40.170    -8.11    2.78
  23335.822    40.223     0.14    1.84
  23700.371    39.981    -0.66    1.68
  24064.831    39.563    -1.15    1.61
  24429.201    40.626     2.92    2.89
  24793.481    42.245     4.44    3.74
  25157.672    43.991     4.80    3.49
  25521.773    45.298     3.59    2.46
  25885.784    46.431     3.11    3.06
  26249.707    48.216     4.90    3.70
  26613.540    50.170     5.37    3.70
  26977.283    52.121     5.36    1.90
  27340.938    52.601     1.32    1.27
  27713.404    52.672     0.19    1.44
  28095.957    51.847    -2.16    2.24
  28478.408    51.792    -0.14    2.55
  28860.758    51.692    -0.26    2.55
  29243.006    49.452    -5.86    5.91
  29625.153    47.157    -6.01    7.24
  30007.199    46.699    -1.20    7.53
  30389.144    46.762     0.16    7.87
  30770.987    51.251    11.76    6.19
  31152.730    53.305     5.38    5.72
  31534.371    56.770     9.08    5.53
  31915.912    58.728     5.13    3.39
  32297.352    60.495     4.63    2.49
  32678.692    62.247     4.59    3.57
  33059.930    63.887     4.30    3.58
  33441.069    66.512     6.89    3.95
  33822.107    69.243     7.17    5.42
  34203.044    71.287     5.37    5.79
  34583.881    73.499     5.81    5.51
  34964.618    74.542     2.74    4.95
  35345.255    74.827     0.75    4.35
  35725.792    75.669     2.21    3.99
  36106.229    76.606     2.46    3.93
  36486.566    77.811     3.17    3.99
  36866.803    78.470     1.73    3.44
  37246.940    78.721     0.66    2.98
  37626.978    78.613    -0.28    2.48
  38006.916    79.971     3.58    2.82
  38386.755    81.099     2.97    3.53
  38766.494    80.848    -0.66    4.32
  39146.134    77.743    -8.18    7.42
  39525.674    73.635   -10.82    9.01
  39905.116    67.353   -16.56   10.60
  40284.458    62.226   -13.51   10.05
  40663.701    57.762   -11.77    6.60
  41042.845    55.915    -4.87    3.04
  41421.891    56.624     1.87    3.23
  41800.837    57.008     1.01    2.88
  42179.685    58.430     3.75    3.16
  42558.434    60.279     4.88    3.70
  42937.085    62.163     4.98    3.73
  43315.637    65.383     8.51    4.56
  43694.091    68.394     7.96    5.44
  44072.446    71.208     7.44    4.30
  44450.703    72.804     4.22    3.49
  44828.862    73.230     1.13    3.81
  45206.923    73.770     1.43    4.70
  45584.885    75.194     3.77    5.37
  45962.750    78.034     7.51    6.01
  46340.517    79.350     3.48    5.61
  46718.186    80.338     2.62    4.18
  47095.757    79.302    -2.74    2.96
  47473.231    78.758    -1.44    2.34
  47850.607    79.110     0.93    2.43
  48227.885    79.831     1.91    2.63
  48605.066    80.521     1.83    2.55
  48982.150    80.787     0.71    2.49
  49359.136    78.862    -5.11    4.78
  49736.025    75.558    -8.77    5.47
  50112.817    73.070    -6.60    4.01
  50489.512    71.939    -3.00    1.83
  50866.110    71.982     0.11    1.91
  51242.611    72.742     2.02    1.68
  51619.015    73.133     1.04    1.99
  51995.323    72.799    -0.89    2.34
  52371.533    72.888     0.24    2.65
  52747.647    71.266    -4.31    3.57
  53123.665    68.406    -7.61    4.61
  53499.586    65.811    -6.90    4.31
  53875.411    63.473    -6.22    3.02
  54251.139    63.576     0.27    2.73
  54626.771    64.883     3.48    2.23
  55002.307    65.435     1.47    2.00
  55377.746    66.215     2.08    1.83
  55753.090    65.318    -2.39    2.09
  56128.338    64.378    -2.51    2.46
  56503.490    63.026    -3.60    2.91
  56878.546    60.939    -5.56    3.90
  57253.506    58.731    -5.89    4.37
  57628.371    56.318    -6.44    3.72
  58003.140    53.093    -8.60    3.68
  58377.813    50.147    -7.86    4.54
  58752.391    49.201    -2.53    4.53
  59126.874    48.944    -0.69    4.08
  59501.261    51.576     7.03    3.79
  59875.553    54.154     6.89    3.24
  60249.750    56.754     6.95    4.33
  60623.852    59.344     6.92    3.53
  60997.859    62.133     7.46    3.57
  61371.771    63.806     4.48    3.49
  61745.588    65.560     4.69    3.46
  62119.310    66.287     1.95    2.66
  62492.937    66.422     0.36    2.63
  62866.470    67.634     3.25    2.82
  63239.908    67.948     0.84    3.05
  63613.252    67.100    -2.27    4.28
  63986.501    64.854    -6.02    4.88
  64359.656    62.264    -6.94    3.42
  64732.717    61.016    -3.35    3.45
  65105.683    60.186    -2.23    4.33
  65478.555    59.971    -0.58    4.35
  65851.333    59.237    -1.97    4.13
  66224.017    57.202    -5.46    4.57
  66596.607    55.766    -3.85    4.66
  66969.104    54.473    -3.47    3.75
  67341.506    55.651     3.16    5.47
  67713.815    57.912     6.07    7.04
  68086.030    60.999     8.29    8.84
  68458.151    63.772     7.45   11.80
  68830.179    66.680     7.82   14.78
  69202.113    69.651     7.99   15.90
  69573.954    71.770     5.70   15.65
  69945.702    74.699     7.88   14.71
  70317.357    75.881     3.18   12.64
  70688.918    78.499     7.05   11.78
  71060.386    81.301     7.54   10.88
  71431.761    82.811     4.07    9.89
  71803.043    84.308     4.03    9.96
  72174.233    83.646    -1.78    8.63
  72545.329    83.751     0.28    7.94
  72916.333    83.651    -0.27    8.41
  73287.244    80.296    -9.05    9.55
  73658.062    76.190   -11.07    9.96
  74028.788    73.247    -7.94    7.32
  74399.421    70.903    -6.32    5.76
  74769.962    71.666     2.06    6.33
  75140.411    71.324    -0.92    6.32
  75510.767    67.063   -11.50    6.75
  75881.031    63.965    -8.37    6.36
  76251.203    63.521    -1.20    6.55
  76621.283    67.512    10.78    9.18
  76991.271    71.853    11.73    8.24
  77361.167    77.577    15.47    6.74
  77730.971    79.258     4.55    6.22
  78100.683    79.469     0.57    5.72
  78470.304    79.903     1.18    4.14
  78839.833    77.401    -6.77    3.25
  79209.270    76.344    -2.86    2.86
  79578.616    75.803    -1.47    2.63
  79947.870    75.455    -0.94    2.16
  80317.033    76.397     2.55    3.53
  80686.105    77.982     4.29    4.74
  81055.085    81.762    10.25    6.58
  81423.974    86.609    13.14    5.86
  81792.772    88.827     6.01    4.37
  82161.479    88.512    -0.85    4.34
  82530.095    86.982    -4.15    4.02
  82898.620    86.704    -0.75    3.74
  83267.055    88.086     3.75    4.07
  83635.398    89.381     3.51    5.34
  84003.651    92.499     8.47   10.45
  84371.813    95.169     7.25   15.59
  84739.884    95.177     0.02   19.29
  85107.865    92.223    -8.03   22.52
  85475.756    85.103   -19.35   22.74
  85843.556    79.255   -15.90   19.51
  86211.266    75.128   -11.22   14.03
  86578.885    74.886    -0.66   11.14
  86946.415    78.517     9.88    9.60
  87313.854    79.853     3.64    9.49
  87681.203    78.961    -2.43   10.35
  88048.462    75.315    -9.93    9.36
  88415.632    74.887    -1.17   13.28
  88782.711    85.486    28.87   23.73
  89149.701    98.234    34.74   27.54
  89516.601   102.548    11.76   27.57
  89883.411    97.025   -15.06   28.83
  90250.132    90.947   -16.57   24.95
  90616.763    90.935    -0.03   23.11
  90983.305   108.956    49.16   32.30
  91349.757   128.147    52.37   28.17
  91716.120   143.853    42.87   23.76
  92082.394   149.921    16.57   26.63
  92448.578   151.432     4.13   28.63
  92814.673   153.508     5.67   24.85
  93180.680   160.764    19.83   24.53
  93546.597   178.804    49.30   30.77
  93912.425   200.373    58.96   34.08
  94278.165   226.242    70.73   35.73
  94643.815   244.104    48.85   33.40
  95009.377   247.069     8.11   28.05
  95374.851   239.308   -21.23   30.26
  95740.235   215.034   -66.43   33.54
  96105.531   191.674   -63.94   37.73
  96470.739   170.787   -57.19   35.70
  96835.858   169.568    -3.34   36.74
  97200.889   180.806    30.78   42.17
  97565.831   184.689    10.64   41.64
  97930.685   184.378    -0.85   42.64
  98295.451   166.681   -48.52   37.92
  98660.129   148.392   -50.15   29.49
  99024.719   132.201   -44.41   22.82
  99389.221   121.105   -30.44   19.13
  99753.635   115.361   -15.76   16.34
 100117.962   114.224    -3.12   12.87
 100482.200   120.350    16.82   13.95
 100846.351   131.269    29.98   14.99
 101210.414   143.558    33.75   17.53
 101574.389   167.404    65.51   35.78
 101938.277   197.657    83.13   47.89
 102304.080   236.385   105.87   49.44
 102686.470   260.503    63.07   40.02
 103068.760   277.160    43.57   28.92
 103450.951   274.332    -7.40   20.93
 103833.044   270.898    -8.99   15.70
 104215.037   271.439     1.42   17.04
 104596.931   279.793    21.87   24.65
 104978.727   298.077    47.89   32.89
 105360.424   302.804    12.38   29.72
 105742.022   301.469    -3.50   30.42
 106123.521   299.302    -5.68   32.71
 106504.922   290.486   -23.11   33.99
 106886.225   272.911   -46.09   52.13
 107267.429   239.981   -86.38   64.63
 107648.535   212.258   -72.74   52.58
 108029.542   205.781   -17.00   50.30
 108410.452   232.413    69.91   57.53
 108791.263   261.575    76.57   53.57
 109171.977   263.669     5.50   70.53
 109552.592   239.530   -63.42   86.59
 109933.110   175.964  -167.04   96.70
 110313.530   124.359  -135.65   89.03
 110693.852    75.677  -127.99   71.40
 111074.077    46.742   -76.09   33.75
 111454.204    52.335    14.71   34.44
 111834.233    67.350    39.51   37.61
 112214.166    84.356    44.76   33.03
 112594.000    96.147    31.04   30.11
 112973.738   105.579    24.84   33.52
 113353.378   109.686    10.82   38.05
 113732.922   108.176    -3.98   39.61
 114112.368    99.790   -22.10   36.84
 114491.717    95.262   -11.94   30.60
 114870.970    97.271     5.30   29.30
 115250.125   107.103    25.93   30.90
 115629.184   125.197    47.73   37.19
 116008.146   166.275   108.39   64.88
 116387.012   224.726   154.27   85.88
 116765.781   288.387   168.06   79.16
 117144.453   332.604   116.76   41.81
 117523.030   341.727    24.10   36.23
 117901.510   330.503   -29.65   41.53
 118279.893   321.362   -24.16   37.30
 118658.181   317.538   -10.11   34.09
 119036.373   307.624   -26.21   37.90
 119414.468   284.990   -59.86   48.39
 119792.468   258.217   -70.82   50.29
 120170.371   239.321   -50.00   36.94
 120548.179   239.692     0.98   31.98
 120925.891   260.433    54.91   41.37
 121303.508   287.302    71.15   37.93
 121681.029   311.866    65.06   23.93
 122058.454   328.964    45.30   20.30
 122435.784   346.422    46.26   26.04
 122813.019   356.052    25.52   23.06
 123190.158   347.758   -21.99   36.70
 123567.202   320.251   -72.95   48.97
 123944.151   293.526   -70.89   37.81
 124321.005   286.596   -18.39   28.52
 124697.764   301.894    40.60   36.17
 125074.428   330.663    76.37   34.04
 125450.997   350.245    52.00   28.95
 125827.471   360.347    26.83   28.71
 126203.851   362.390     5.43   29.71
 126580.136   366.081     9.81   26.49
 126956.326   375.420    24.82   23.65
 127332.422   387.445    31.97   23.02
 127708.423   405.210    47.24   20.01
 128084.330   415.840    28.28   17.56
 128460.143   420.440    12.24   19.72
 128835.862   418.420    -5.38   22.14
 129211.486   412.406   -16.01   21.66
 129587.016   398.876   -36.03   23.64
 129962.452   379.927   -50.47   30.23
 130337.795   342.701   -99.17   46.64
 130713.043   305.707   -98.58   49.02
 131088.198   277.503   -75.17   31.77
 131463.259   274.390    -8.30   26.06
 131838.226   289.277    39.70   29.69
 132213.099   311.301    58.75   24.37
 132587.879   329.539    48.66   21.27
 132962.566   346.061    44.09   21.88
 133337.159   356.946    29.06   17.48
 133711.659   363.962    18.73   12.58
 134086.066   365.815     4.95   11.89
 134460.379   371.054    14.00   13.75
 134834.600   382.937    31.75   17.82
 135208.727   396.499    36.25   21.56
 135582.761   409.927    35.90   24.21
 135956.703   421.856    31.90   25.68
 136330.551   426.907    13.51   26.66
 136704.307   426.139    -2.05   23.82
 137077.970   417.989   -21.81   18.72
 137451.541   407.481   -28.13   21.91
 137825.018   390.404   -45.72   30.47
 138198.404   368.639   -58.29   31.68
 138571.697   355.411   -35.43   23.40
 138944.897   353.638    -4.75   16.89
 139318.006   358.292    12.47   15.70
 139691.022   357.392    -2.41   19.70
 140063.946   343.736   -36.62   25.91
 140436.778   330.368   -35.85   19.71
 140809.517   331.990     4.35   22.10
 141182.165   351.990    53.67   34.85
 141554.721   383.649    84.97   39.93
 141927.185   415.999    86.85   39.62
 142299.558   437.738    58.37   33.19
 142671.838   448.654    29.32   37.70
 143044.028   443.570   -13.66   43.48
 143416.125   432.762   -29.04   40.55
 143788.131   430.604    -5.80   32.73
 144160.046   442.767    32.70   38.76
 144531.869   474.556    85.49   50.15
 144903.601   510.170    95.80   38.04
 145275.242   539.787    79.68   24.37
 145646.792   557.008    46.35   20.83
 146018.250   576.678    52.95   21.58
 146389.618   594.829    48.87   23.54
 146760.894   608.823    37.69   17.55
 147132.080   613.267    11.97   12.40
 147503.175   605.285   -21.51   17.89
 147874.179   584.290   -56.58   28.57
 148245.092   556.227   -75.65   38.06
 148615.915   520.436   -96.51   41.88
 148986.648   483.158  -100.54   41.76
 149357.289   463.320   -53.52   29.68
 149727.841   461.548    -4.78   24.53
 150098.302   475.981    38.96   28.96
 150468.672   496.804    56.22   24.64
 150838.953   516.194    52.36   26.68
 151209.143   527.826    31.42   25.23
 151579.243   528.788     2.60   24.23
 151949.254   518.043   -29.04   31.42
 152319.174   498.760   -52.12   37.92
 152689.004   486.397   -33.43   36.40
 153058.745   486.421     0.06   35.84
 153428.396   500.157    37.16   32.01
 153797.957   513.186    35.25   21.41
 154167.428   516.371     8.62   14.34
 154536.810   498.495   -48.39   33.61
 154906.102   460.455  -103.00   54.10
 155275.305   409.052  -139.22   66.48
 155644.419   358.454  -137.07   59.97
 156013.443   315.206  -117.19   38.68
 156382.378   296.946   -49.49   18.19
 156751.223   296.008    -2.54   14.11
 157119.980   310.420    39.08   22.25
 157488.648   333.926    63.75   30.52
 157857.226   367.512    91.12   43.47
 158225.716   400.344    89.09   48.46
 158594.117   433.700    90.53   44.39
 158962.429   449.499    42.89   38.79
 159330.652   459.674    27.63   35.24
 159698.786   458.512    -3.16   36.24
 160066.832   450.176   -22.65   40.37
 160434.790   433.239   -46.03   39.30
 160802.659   418.052   -41.28   32.39
 161170.439   412.404   -15.35   23.90
 161538.131   417.963    15.12   23.91
 161905.735   426.556    23.38   20.20
 162273.251   430.142     9.76   14.37
 162640.678   426.338   -10.35   11.67
 163008.018   423.909    -6.61    8.04
 163375.269   425.909     5.45    8.42
 163742.432   431.318    14.73    8.35
 164109.508   436.446    13.97    4.72
 164476.495   437.793     3.67    2.98
 164843.395   438.936     3.11    3.50
 165210.207   441.999     8.35    5.81
 165576.931   447.229    14.26    7.41
 165943.568   454.027    18.54    7.65
 166310.117   459.356    14.54    7.25
 166676.579   463.499    11.30    6.83
 167042.954   464.797     3.54    6.38
 167409.241   462.415    -6.50    8.65
 167775.440   456.999   -14.79   10.62
 168141.553   450.070   -18.92   10.86
 168507.578   447.627    -6.67    9.35
 168873.516   449.637     5.49   10.64
 169239.368   455.707    16.59   10.77
 169605.132   458.954     8.88    8.34
 169970.809   455.710    -8.87   10.99
 170336.400   448.222   -20.48   13.95
 170701.903   438.800   -25.78   11.66
 171067.320   434.910   -10.64    8.13
 171432.650   438.350     9.41   11.26
 171797.894   449.785    31.30   15.89
 172163.051   463.124    36.53   17.00
 172528.122   478.229    41.37   15.92
 172893.106   492.490    39.07   15.89
 173258.004   505.431    35.46   14.45
 173622.815   517.435    32.90   11.48
 173987.540   525.105    21.03    8.46
 174352.179   530.152    13.84    5.03
 174716.732   531.017     2.37    3.87
 175081.199   530.552    -1.27    3.54
 175445.580   527.971    -7.08    4.26
 175809.875   523.610   -11.97    8.07
 176174.084   517.171   -17.68   12.37
 176538.207   511.026   -16.88   13.72
 176902.245   507.131   -10.70   12.63
 177279.981   504.774    -6.24   10.32
 177662.105   499.963   -12.59   10.26
 178044.133   492.341   -19.95   12.65
 178426.064   480.999   -29.69   13.93
 178807.898   468.748   -32.08   11.38
 179189.635   457.981   -28.20   11.47
 179571.276   448.357   -25.22   11.75
 179952.821   437.936   -27.31   14.19
 180334.269   430.144   -20.43   12.63
 180715.622   420.891   -24.26   12.57
 181096.877   411.453   -24.75   15.91
 181478.037   397.494   -36.62   19.53
 181859.101   383.981   -35.46   21.33
 182240.069   372.368   -30.48   21.06
 182620.941   363.626   -22.95   22.74
 183001.717   354.926   -22.85   22.27
 183382.397   349.177   -15.10   18.64
 183762.982   349.489     0.82   21.20
 184143.471   353.017     9.27   23.62
 184523.864   362.912    26.01   23.00
 184904.162   378.565    41.16   20.95
 185284.364   391.228    33.30   21.19
 185664.472   401.204    26.24   17.71
 186044.484   407.599    16.83   18.13
 186424.400   412.596    13.15   21.33
 186804.222   419.215    17.43   22.91
 187183.948   429.908    28.16   21.26
 187563.580   440.173    27.04   18.33
 187943.117   447.708    19.85   15.81
 188322.559   451.472     9.92   12.81
 188701.906   453.402     5.09   10.31
 189081.158   452.124    -3.37    8.19
 189460.316   446.335   -15.27   11.22
 189839.379   436.350   -26.34   18.80
 190218.348   421.045   -40.38   25.28
 190597.222   400.744   -53.58   30.18
 190976.002   381.431   -50.98   30.77
 191354.687   364.629   -44.36   23.51
 191733.279   357.972   -17.58   14.51
 192111.776   363.835    15.49   18.57
 192490.179   376.332    33.02   22.27
 192868.488   389.089    33.72   17.89
 193246.704   394.747    14.96   13.34
 193624.825   394.465    -0.75   13.46
 194002.853   384.659   -25.94   20.91
