# NaN NaN NaN ;Mean Elev.(m), Avg Gradient(m/km), RMS Gradient(m/km) - SRTM1     
#   15.177  -0.799   4.745 ;Mean Elev.(m), Avg Gradient(m/km), RMS Gradient(m/km) - ASTER GDEM
#    1.004  -1.159   5.171 ;Mean Elev.(m), Avg Gradient(m/km), RMS Gradient(m/km) - GMTED2010 
  8 104.940271  72.688005     1.243     1.243  5 52485.54563258 14.246
  9 104.942036  72.691360     2.893     2.911  5 52520.54559850 17.967
 10 104.924060  72.683262     0.438     0.432  6 52555.54564880 35.154
 11 104.935878  72.687706     0.285     0.301  5 52590.54563836 17.892
 12 104.950783  72.690939     0.339     0.320  5 52625.54556663 14.411
 13 104.935698  72.687470     0.391     0.402  6 52660.54560379 13.056
 14 104.921002  72.682859     0.535     0.550  6 52695.54558293 11.118
 15 104.940838  72.687839     0.683     0.574  5 52730.54561290 10.860
 16 104.942623  72.691890     0.534     0.485  5 52765.54562376  8.998
 17 104.920905  72.684142     0.950     1.014  6 52800.54561633 37.264
 18 104.926076  72.685076     1.972     1.980  6 52835.54568387 14.135
 19 104.935611  72.686214     1.577     1.645  6 52870.54572502 20.116
 20 104.941825  72.687553     0.004     0.034  5 52905.54572543 49.088
 21 104.919942  72.682941   290.854   290.805  7 52940.54565721 25.908
 22 104.926871  72.684673     0.143     0.139  6 52975.54570383 17.855
 23 104.935983  72.686857     0.509     0.384  6 53010.54570806 14.441
 24 104.923433  72.683723     0.478     0.501  6 53045.54567067 11.930
 25 104.934945  72.687652     0.554     0.490  5 53080.54570509 11.680
 26 104.921636  72.682799     0.560     0.540  7 53115.54567521 10.715
 27 104.929883  72.685717     0.666     0.560  6 53150.54572265  9.372
 28 104.937008  72.688031     2.833     2.710  5 53185.54571226 26.030
 29 104.940842  72.687994     0.113    -0.008  5 53220.54573799 26.874
 30 104.944359  72.690577     2.187     2.662  5 53255.54571507 15.999
 32 104.939247  72.689041     0.564     0.543  5 53325.54570053 15.406
 33 104.948543  72.690083     0.339     0.378  5 53360.54565957 12.458
 34 104.923020  72.684843     0.494     0.438  6 53395.54567835 10.389
 35 104.943894  72.691842     0.584     0.521  5 53430.54567156  9.794
 36 104.923238  72.683919     0.840     0.650  7 53465.54569936  9.905
 37 104.930260  72.686069     1.603     1.669  6 53500.54575987  8.136
 38 104.938261  72.689328     3.659     3.453  5 53535.54574843 22.778
 39 104.935791  72.686972     0.317     0.236  6 53570.54575811 45.307
 40 104.947411  72.692835     0.862     0.796  5 53605.54570632 20.803
 41 104.921158  72.683609     1.491     1.604  6 53640.54570506 18.151
 42 104.932161  72.685305     0.642     0.641  6 53675.54572469 19.066
 43 104.950296  72.691594     0.196     0.218  5 53710.54565519 14.327
 44 104.920337  72.682122     0.363     0.257  6 53745.54556402 14.406
 45 104.939157  72.687698     0.469     0.480  6 53780.54559581 12.016
 46 104.952187  72.695218     0.499     0.436  5 53815.54556625 12.389
 47 104.922524  72.683537     0.332     0.338  6 53850.54563088 11.544
 48 104.937048  72.688320     1.571     1.171  5 53885.54564166  9.309
 49 104.928621  72.685435     2.220     2.100  6 53920.54571009 21.557
 50 104.931334  72.686846    -0.301    -0.200  6 53955.54570846 34.997
 51 104.950001  72.694968     1.926     1.991  5 53990.54562803 19.825
 52 104.925874  72.683648     0.320     0.303  6 54025.54569197 36.918
 53 104.938755  72.688670     0.412     0.391  6 54060.54568558 14.558
 54 104.947887  72.690848     0.448     0.503  5 54095.54566041 11.856
 55 104.920852  72.683822     0.230     0.231  6 54130.54560564 10.923
 56 104.940522  72.688969     0.193     0.209  5 54165.54563196  8.575
 57 104.925890  72.684464     0.235     0.263  7 54200.54560853  8.858
 58 104.932767  72.686113     1.955     2.010  6 54235.54564638  9.375
 59 104.936469  72.688472     3.652     3.596  5 54270.54566705 23.382
 60 104.934658  72.687324     1.612     1.667  5 54305.54566968 13.609
 61 104.940459  72.690915     1.965     2.417  5 54340.54565257 17.234
 62 104.928701  72.686485     1.385     1.383  6 54375.54560406 26.424
 63 104.935812  72.688383     0.364     0.348  5 54410.54559865 21.216
 65 104.935756  72.687997     0.485     0.514  6 54480.54558971 10.405
 66 104.925256  72.683552     1.030     0.918  7 54515.54558146  8.223
 67 104.942443  72.689836     1.067     1.109  6 54550.54560298  7.545
 68 104.933443  72.686468     0.880     0.944  5 54585.54557749  7.481
 69 104.935068  72.687247     1.518     1.514  6 54620.54559679 31.343
 70 104.934490  72.687795     2.612     2.421  5 54655.54560735 15.392
 71 104.938777  72.689413     0.585     0.582  5 54690.54559328 50.635
 72 104.925570  72.684179    -0.220    -0.134  7 54725.54555759 35.669
 73 104.935779  72.688129     0.439     0.483  6 54760.54556966 28.078
 74 104.919829  72.683310     0.024    -0.024  6 54795.54555085 15.663
 75 104.936963  72.686548     0.490     0.496  5 54830.54556947 12.902
 76 104.926913  72.683503     0.410     0.428  6 54865.54554562  9.279
 77 104.941584  72.687959     0.410     0.546  5 54900.54556860  8.416
 78 104.931956  72.684463     0.837     0.919  6 54935.54553729  8.961
 79 104.935764  72.686045     1.622     1.851  6 54970.54557024  6.667
 80 104.935767  72.686656     1.755     1.755  5 55005.54558986 50.973
 81 104.937495  72.687100     0.572     0.553  6 55040.54557773 21.549
 82 104.942017  72.689353     0.085     0.133  6 55075.54556012 27.161
 83 104.928054  72.684867    -0.182    -0.207  6 55110.54551010 32.199
 84 104.936084  72.687904     0.265     0.237  5 55145.54551308 29.185
 85 104.921521  72.683527     0.294     0.242  7 55180.54548683 21.604
 86 104.940525  72.687062     0.690     0.721  5 55215.54550739 18.585
 87 104.931022  72.683714     0.271     0.274  6 55250.54548352 17.116
 88 104.941480  72.689359     0.505     0.445  5 55285.54550156 16.454
 89 104.935607  72.687490     0.589     0.556  5 55320.54547465 13.886
 90 104.939104  72.687078     2.089     1.757  5 55355.54547509 24.120
 91 104.928766  72.684028     1.999     2.151  6 55390.54547503 12.763
 92 104.936734  72.687267     0.651     0.751  6 55425.54549213 39.511
 93 104.942662  72.691210     0.250     0.183  5 55460.54546093 22.867
