# NaN NaN NaN ;Mean Elev.(m), Avg Gradient(m/km), RMS Gradient(m/km) - SRTM1     
#  -17.639  -0.036   7.714 ;Mean Elev.(m), Avg Gradient(m/km), RMS Gradient(m/km) - ASTER GDEM
#    2.685  -1.173   6.406 ;Mean Elev.(m), Avg Gradient(m/km), RMS Gradient(m/km) - GMTED2010 
  7    27.415 52456.55351146  7.49 102.980451  72.215422 10.131
  7    27.320 52456.55351210  3.08 102.974961  72.218322 10.131
  7    25.164 52456.55351275  2.31 102.969481  72.221212 10.131
 10     0.040 52561.55351303 21.44 102.969294  72.215872  4.479
 10     0.167 52561.55351368 23.04 102.963804  72.218772  4.479
 12    26.588 52631.55346524  6.38 102.968589  72.214224  4.732
 12    23.964 52631.55346588  9.29 102.963099  72.217124  4.732
 12    21.687 52631.55346653 10.79 102.957619  72.220014  4.732
 15     1.326 52736.55349826  8.83 102.984192  72.219502  2.927
 15     2.258 52736.55349890  8.67 102.978702  72.222402  2.927
 15     0.572 52736.55349954 10.15 102.973222  72.225302  2.927
 16     7.468 52771.55347298 11.96 102.985732  72.224057 15.219
 16     6.787 52771.55347363 11.28 102.980252  72.226957 15.219
 17     8.329 52806.55352135 25.79 102.964662  72.212630 19.725
 17     8.783 52806.55352199 25.80 102.959182  72.215530 19.725
 17     7.778 52806.55352264 23.61 102.953692  72.218420 19.725
 18     1.930 52841.55358091 32.72 102.969376  72.213966 23.157
 18     1.444 52841.55358156 21.54 102.963886  72.216866 23.157
 18     3.030 52841.55358220 19.05 102.958406  72.219766 23.157
 19     2.925 52876.55361984 27.07 102.971526  72.215504 22.078
 19     1.322 52876.55362049 22.07 102.966046  72.218404 22.078
 19     3.677 52876.55362113 17.57 102.960556  72.221304 22.078
 20     5.606 52911.55358246 16.15 102.988185  72.223066 12.215
 20     4.953 52911.55358310 14.49 102.982695  72.225966 12.215
 21    -0.114 52946.55353431 26.09 102.964392  72.213417  4.621
 21    -0.002 52946.55353495 27.11 102.958904  72.216309  5.845
 21     0.064 52946.55353560 26.14 102.953414  72.219209  5.845
 23    21.866 53016.55357101 11.06 102.985360  72.218699  3.181
 23     3.580 53016.55357166 12.22 102.979880  72.221599  3.181
 23     4.020 53016.55357230 14.05 102.974400  72.224499  3.181
 24    27.826 53051.55354820  6.15 102.970908  72.212997  3.348
 24    26.209 53051.55354885  5.56 102.965428  72.215897  3.348
 24    24.828 53051.55354949  5.22 102.959938  72.218797  3.348
 25    28.397 53086.55358540  3.31 102.980343  72.218254  3.214
 25    27.093 53086.55358604  3.42 102.974863  72.221154  3.214
 25    23.327 53086.55358669  4.64 102.969383  72.224054  3.214
 26    28.200 53121.55355512  3.73 102.969843  72.213845  3.408
 26    30.204 53121.55355577  3.11 102.964353  72.216745  3.408
 26    28.413 53121.55355641  3.01 102.958873  72.219645  3.408
 28     3.741 53191.55360236 36.35 102.982417  72.217550 25.689
 28     3.598 53191.55360301 26.45 102.976937  72.220450 25.689
 28     3.588 53191.55360365 35.80 102.971447  72.223350 25.689
 30     0.456 53261.55358024 37.37 102.985660  72.221127 28.771
 30     1.116 53261.55358088 22.37 102.980170  72.224017 28.771
 31     0.591 53296.55361336 25.36 102.964137  72.213899  5.952
 31     0.718 53296.55361400 28.22 102.958647  72.216799  5.952
 31     0.596 53296.55361465 27.23 102.953167  72.219699  5.952
 32    25.280 53331.55358602 14.25 102.975984  72.218303  4.639
 32     0.121 53331.55358667 16.94 102.970504  72.221203  4.639
 34    27.076 53401.55355915  5.44 102.973737  72.214577  3.822
 34    25.917 53401.55355979  5.09 102.968257  72.217477  3.822
 34    20.175 53401.55356044  8.76 102.962767  72.220377  3.822
 35    27.145 53436.55354944  3.79 102.984773  72.221602  3.174
 35    25.527 53436.55355009  3.87 102.979293  72.224502  3.174
 36    26.617 53471.55359931  4.02 102.967542  72.214533  3.894
 36    27.073 53471.55359996  2.70 102.962062  72.217433  3.894
 36    23.139 53471.55360060  3.19 102.956572  72.220323  3.894
 37    37.446 53506.55363261  1.93 102.975662  72.216959  5.348
 37    34.226 53506.55363325  3.23 102.970182  72.219859  5.348
 38     4.832 53541.55363768 18.87 102.975185  72.217705 22.189
 38     5.171 53541.55363833 16.54 102.969705  72.220595 22.189
 39     1.441 53576.55362716 24.82 102.981905  72.219929 23.548
 39     0.974 53576.55362780 21.54 102.976425  72.222829 23.548
 40     4.430 53611.55357920 18.90 102.986530  72.222103 20.197
 40     2.742 53611.55357984 21.01 102.981040  72.225003 20.197
 41     1.662 53646.55358268 25.64 102.967881  72.214334 23.551
 41     1.166 53646.55358333 23.38 102.962391  72.217234 23.551
 41     0.673 53646.55358397 21.77 102.956911  72.220134 23.551
 43     3.973 53716.55352703 16.94 102.988273  72.221388  5.823
 43     3.360 53716.55352767 17.82 102.982793  72.224288  5.823
 43     0.033 53716.55352832 18.25 102.977303  72.227188  5.823
 44    22.857 53751.55344495 13.42 102.967936  72.214760  4.258
 44     0.362 53751.55344623 16.28 102.956966  72.220550  4.258
 45    20.380 53786.55347574  8.53 102.981168  72.220440  3.610
 45     2.426 53786.55347639 11.64 102.975688  72.223340  3.610
 46    24.510 53821.55343270  5.98 102.989188  72.227801  3.102
 46     4.426 53821.55343335  9.89 102.983698  72.230691  3.102
 47    29.500 53856.55351977  3.70 102.971200  72.213450  3.287
 47    32.021 53856.55352041  1.97 102.965720  72.216350  3.287
 47    29.156 53856.55352106  1.54 102.960230  72.219250  3.287
 48     3.797 53891.55353222 26.27 102.979745  72.216142 23.939
 48     2.737 53891.55353286 25.91 102.974265  72.219042 23.939
 48     2.566 53891.55353351 29.98 102.968775  72.221932 23.939
 49     1.636 53926.55359430 23.92 102.966852  72.215547 21.257
 49     3.395 53926.55359495 15.60 102.961362  72.218447 21.257
 51     1.617 53996.55352118 20.94 102.956071  72.212595 18.445
 51     0.877 53996.55352183 19.57 102.950581  72.215495 18.445
 52     0.215 54031.55357427 26.51 102.970012  72.215876  7.841
 52     0.234 54031.55357492 28.58 102.964522  72.218766  7.841
 53    26.932 54066.55356790 10.16 102.984741  72.217523  4.318
 53     0.972 54066.55356855 12.87 102.979261  72.220423  4.318
 53     0.170 54066.55356919 15.38 102.973781  72.223323  4.318
 54    25.113 54101.55353055  6.54 102.984779  72.222465  3.429
 54    15.215 54101.55353119 10.69 102.979289  72.225365  3.429
 55    26.194 54136.55349547  4.66 102.966981  72.215865  3.281
 55    28.434 54136.55349612  3.00 102.961491  72.218765  3.281
 56    28.943 54171.55350646  2.50 102.985705  72.219284  3.452
 56    26.007 54171.55350711  4.37 102.980221  72.222182  2.973
 56    16.605 54171.55350775  8.61 102.974731  72.225082  2.973
 57    37.348 54206.55350021  1.43 102.967953  72.213825  2.963
 57    36.477 54206.55350085  1.18 102.962473  72.216725  2.963
 57    34.407 54206.55350150  0.70 102.956983  72.219615  2.963
 58    36.071 54241.55353332  4.28 102.979277  72.216241  2.475
 58    34.487 54241.55353397  3.63 102.973797  72.219141  2.475
 58    31.942 54241.55353461  3.51 102.968307  72.222041  2.475
 59     5.288 54276.55354843 18.96 102.975545  72.218075 21.816
 59     5.562 54276.55354907 17.54 102.970065  72.220975 21.816
 61     6.428 54346.55352348 15.50 102.985192  72.223044 19.040
 61     5.057 54346.55352412 16.05 102.979712  72.225944 19.040
 62     0.528 54381.55348592 41.71 102.969688  72.215779 22.744
 62     0.603 54381.55348656 45.46 102.964208  72.218669 22.744
 64    27.165 54451.55345426  7.25 102.968969  72.212763  3.914
 64     0.420 54451.55345555 14.93 102.957999  72.218553  3.914
 65    27.517 54486.55346788  4.71 102.982019  72.216283  3.417
 65    26.090 54486.55346852  4.15 102.976539  72.219183  3.417
 66    26.337 54521.55346810  3.06 102.971357  72.216379  4.146
 66    25.028 54521.55346874  2.51 102.965867  72.219279  4.146
 67    28.642 54556.55347929  1.93 102.982662  72.221186  3.164
 67    25.441 54556.55347993  1.85 102.977182  72.224086  3.164
 68    36.519 54591.55346386  2.91 102.976724  72.215075  3.132
 68    35.412 54591.55346451  2.48 102.971244  72.217965  3.132
 68    33.403 54591.55346515  1.67 102.965754  72.220865  3.132
 69     6.479 54626.55348021 21.00 102.978349  72.218706 18.924
 69     6.802 54626.55348085 23.69 102.972869  72.221596 18.924
 70     3.757 54661.55348756 23.55 102.976871  72.215295 20.834
 70    19.663 54661.55348820 17.84 102.971381  72.218195 20.834
 70     5.330 54661.55348885 15.74 102.965901  72.221095 20.834
 71     4.112 54696.55346443 21.18 102.987287  72.218980 20.456
 71     3.395 54696.55346507 18.38 102.981797  72.221880 20.456
 71     4.558 54696.55346572 16.50 102.976317  72.224780 20.456
 72     1.711 54731.55344371 24.45 102.969942  72.214952 18.682
 72     1.156 54731.55344436 25.00 102.964452  72.217842 18.682
 72     1.212 54731.55344500 27.83 102.958962  72.220742 18.682
 73     0.316 54766.55344304 24.22 102.979708  72.216803  5.963
 73     0.593 54766.55344369 24.07 102.974218  72.219703  5.963
 73     0.274 54766.55344433 25.30 102.968738  72.222603  5.963
 75    33.030 54836.55343516  3.09 102.981186  72.216238  3.481
 75    28.943 54836.55343580  3.22 102.975696  72.219138  3.481
 75    25.519 54836.55343645  3.84 102.970216  72.222038  3.481
 76    28.105 54871.55343563  4.21 102.970053  72.214205  3.837
 76    27.008 54871.55343628  3.99 102.964563  72.217105  3.837
 76    27.883 54871.55343692  1.98 102.959083  72.220005  3.837
 77    27.828 54906.55344394  2.35 102.983961  72.221779  2.983
 77    25.597 54906.55344458  3.73 102.978481  72.224679  2.983
 78    34.782 54941.55342833  1.93 102.971053  72.214490  3.475
 78    33.870 54941.55342897  2.06 102.965573  72.217390  3.475
 78    30.701 54941.55342962  1.56 102.960083  72.220290  3.475
 79    35.793 54976.55345691  1.61 102.975748  72.216824  2.776
 79    34.049 54976.55345756  1.14 102.970268  72.219724  2.776
 79    32.483 54976.55345820  1.87 102.964778  72.222624  2.776
 80     4.442 55011.55346591 19.62 102.981589  72.216989 21.994
 80     4.346 55011.55346656 17.03 102.976099  72.219889 21.994
 80     4.675 55011.55346720 15.85 102.970619  72.222779 21.994
 81     1.686 55046.55345774 27.17 102.976685  72.216735 16.244
 81     1.819 55046.55345839 17.08 102.971205  72.219635 16.244
 81     0.572 55046.55345903 22.99 102.965715  72.222525 16.244
 82     5.836 55081.55343092 17.68 102.988649  72.220773 14.660
 82     4.929 55081.55343156 17.60 102.983159  72.223673 14.660
 82     3.936 55081.55343221 18.02 102.977679  72.226573 14.660
 83     0.781 55116.55338962 40.74 102.970605  72.215818 24.349
 83     0.797 55116.55339027 42.06 102.965125  72.218718 24.349
 83     0.487 55116.55339091 48.87 102.959635  72.221608 24.349
 84     4.089 55151.55338793 16.95 102.980587  72.216979  5.316
 84     1.043 55151.55338857 20.22 102.975097  72.219879  5.316
 84     0.276 55151.55338922 23.05 102.969617  72.222779  5.316
 85    25.416 55186.55337529 12.44 102.971231  72.213010  4.879
 85     1.188 55186.55337658 16.51 102.960261  72.218800  4.879
 86    28.559 55221.55338681  2.23 102.978021  72.219349  4.161
 86    18.869 55221.55338745  6.08 102.972541  72.222249  4.161
 87    27.330 55256.55337187  2.08 102.971713  72.216754  4.287
 87    25.209 55256.55337251  2.74 102.966223  72.219654  4.287
 88    27.802 55291.55337533  2.51 102.987580  72.220321  3.538
 88    18.183 55291.55337598  6.66 102.982090  72.223221  3.538
 88     2.955 55291.55337662  9.68 102.976610  72.226111  3.538
 89     0.024 55326.55335652 22.02 102.976501  72.216130 18.833
 89    -0.049 55326.55335717 33.20 102.971021  72.219030 18.833
 89     0.122 55326.55335781 43.32 102.965531  72.221920 18.833
 90     5.350 55361.55335346 21.05 102.979820  72.219602 22.954
 90     6.237 55361.55335411 18.92 102.974340  72.222492 22.954
 91     1.966 55396.55335971 22.23 102.970828  72.214935 17.870
 91     1.302 55396.55336035 17.98 102.965348  72.217825 17.870
 91     2.912 55396.55336100 17.00 102.959858  72.220725 17.870
 92     1.685 55431.55336828 33.04 102.978892  72.217060 27.516
 92     3.340 55431.55336957 15.06 102.967922  72.222860 27.516
 93     0.514 55466.55332907 43.51 102.989966  72.222793 24.403
 93     1.377 55466.55332972 28.54 102.984486  72.225693 24.403
 93     2.164 55466.55333036 25.81 102.978996  72.228593 24.403
