# NaN NaN NaN ;Mean Elev.(m), Avg Gradient(m/km), RMS Gradient(m/km) - SRTM1     
#  -12.809   1.037   6.173 ;Mean Elev.(m), Avg Gradient(m/km), RMS Gradient(m/km) - ASTER GDEM
#    1.250   0.654   6.743 ;Mean Elev.(m), Avg Gradient(m/km), RMS Gradient(m/km) - GMTED2010 
  8    21.867 52488.54955408 16.54 104.020484  72.427101 16.793
  8     3.811 52488.54955473 21.09 104.014874  72.429991 16.793
 11    -0.215 52593.54957923 15.98 104.008416  72.427041  3.703
 11    -0.212 52593.54957988 16.53 104.002816  72.429921  3.703
 13    20.860 52663.54954070  8.35 104.016746  72.424848  3.383
 13     6.232 52663.54954135  9.82 104.011146  72.427738  3.383
 13     0.198 52663.54954199 10.98 104.005536  72.430618  3.383
 15    28.650 52733.54953920  1.51 104.021870  72.428992  2.486
 15     3.438 52733.54953985  4.65 104.016260  72.431872  2.486
 16    29.749 52768.54954280  2.12 104.026031  72.429860  2.757
 16    28.697 52768.54954345  2.71 104.020431  72.432750  2.757
 19     0.808 52873.54966738 43.48 104.009065  72.425224 24.053
 19     0.532 52873.54966802 45.31 104.003455  72.428114 24.053
 19     0.671 52873.54966867 50.93 103.997855  72.431004 24.053
 23    19.433 53013.54963459 12.63 104.016087  72.427918  3.638
 23     3.622 53013.54963524 12.92 104.010487  72.430798  3.638
 25    20.457 53083.54964018  8.28 104.013484  72.426847  3.694
 25     3.770 53083.54964082  9.68 104.007874  72.429737  3.694
 27    27.586 53153.54966097  2.63 104.007134  72.423856  2.862
 27    26.712 53153.54966161  2.40 104.001524  72.426736  2.862
 28    20.578 53188.54964959 21.85 104.017097  72.426234 15.147
 28     3.258 53188.54965023 26.81 104.011487  72.429124 15.147
 29    20.702 53223.54966666 13.33 104.018820  72.428682 11.683
 29     1.657 53223.54966731 20.78 104.013210  72.431572 11.683
 30    20.978 53258.54964181 15.36 104.024125  72.427958 20.191
 30     3.894 53258.54964246 18.02 104.018525  72.430838 20.191
 32    19.253 53328.54963793 12.87 104.015720  72.427294  3.333
 32     0.347 53328.54963858 13.48 104.010110  72.430174  3.333
 33    19.174 53363.54959097  7.38 104.024656  72.430140  3.442
 33    16.624 53363.54959161  8.07 104.019046  72.433020  3.442
 35    25.347 53433.54960449  2.93 104.024168  72.429396  2.870
 35    23.108 53433.54960513  4.34 104.018558  72.432286  2.870
 37    30.840 53503.54969083  0.23 104.013159  72.424561  2.590
 37    28.254 53503.54969147  1.42 104.007559  72.427451  2.590
 37    27.483 53503.54969212  1.43 104.001949  72.430331  2.590
 38    20.756 53538.54968747 23.16 104.013096  72.427560 11.650
 38     4.369 53538.54968812 26.56 104.007496  72.430440 11.650
 39    21.163 53573.54968680 14.80 104.018753  72.425814 13.623
 39     3.591 53573.54968744 17.21 104.013153  72.428704 13.623
 40     1.239 53608.54963685 33.44 104.028157  72.429920 25.947
 40     1.264 53608.54963750 31.34 104.022557  72.432810 25.947
 42     0.576 53678.54965682 22.00 104.010542  72.426740  4.913
 42     0.531 53678.54965747 21.99 104.004932  72.429630  4.913
 43    -0.001 53713.54958551 13.60 104.026010  72.430400  3.788
 43    -0.120 53713.54958615 14.63 104.020400  72.433290  3.788
 45     0.308 53783.54952981 12.11 104.020923  72.426827  3.832
 45     0.265 53783.54953045 12.17 104.015313  72.429707  3.832
 48     0.671 53888.54957791 13.95 104.017569  72.426561  7.412
 48     1.257 53888.54957856 16.31 104.011959  72.429451  7.412
 50     0.395 53958.54963844 42.23 104.015242  72.425876 19.782
 50     0.313 53958.54963909 31.95 104.009642  72.428766 19.782
 53     7.503 54063.54962122 14.57 104.021078  72.426904  3.617
 53     0.204 54063.54962187 14.47 104.015468  72.429794  3.617
 54     4.241 54098.54958944 11.35 104.024739  72.429399  3.890
 54    -0.156 54098.54959009 11.76 104.019129  72.432289  3.890
 56    24.725 54168.54956346  5.44 104.021534  72.428166  2.754
 56    20.382 54168.54956410  8.22 104.015934  72.431046  2.754
 58    29.817 54238.54958358  5.48 104.014902  72.424625  2.009
 58    28.744 54238.54958422  5.39 104.009292  72.427515  2.009
 58    26.556 54238.54958487  5.63 104.003682  72.430405  2.009
 59    21.512 54273.54960157 20.35 104.017433  72.425561 15.274
 59     3.793 54273.54960221 23.54 104.011823  72.428451 15.274
 60    21.432 54308.54960332 15.98 104.014571  72.424678 21.007
 60     0.595 54308.54960396 20.32 104.008961  72.427568 21.007
 60     1.069 54308.54960461 20.74 104.003361  72.430458 21.007
 61     1.417 54343.54958205 49.95 104.024446  72.429848 24.443
 61     1.367 54343.54958269 50.36 104.018836  72.432728 24.443
 63     0.259 54413.54952954 14.96 104.016768  72.427255  3.491
 63     0.027 54413.54953019 15.51 104.011168  72.430145  3.491
 65    20.621 54483.54952296  7.21 104.015414  72.425707  3.513
 65    18.973 54483.54952360  8.10 104.009804  72.428597  3.513
 67    28.733 54553.54953539  0.82 104.021755  72.429027  2.644
 67    25.808 54553.54953604  1.11 104.016145  72.431917  2.644
 68    28.530 54588.54951531  0.66 104.007800  72.426133  2.300
 68    26.162 54588.54951596  1.25 104.002190  72.429023  2.300
 68    24.762 54588.54951660  2.14 103.996590  72.431913  2.300
 69    20.901 54623.54953267 23.62 104.016703  72.426280 13.608
 69     3.135 54623.54953331 26.93 104.011103  72.429170 13.608
 70    21.163 54658.54954166 18.18 104.012479  72.425809 15.029
 70    19.857 54658.54954231 17.83 104.006869  72.428689 15.029
 70     4.344 54658.54954295 21.44 104.001269  72.431579 15.029
 71    21.593 54693.54952282 15.18 104.021373  72.426621 12.515
 71    21.000 54693.54952347 13.49 104.015763  72.429511 12.515
 73    30.551 54763.54950049  5.83 104.014391  72.425835  5.991
 73    27.814 54763.54950113  5.49 104.008781  72.428725  5.991
 75    24.446 54833.54949120  4.37 104.013929  72.427330  3.034
 75    22.969 54833.54949185  5.69 104.008319  72.430210  3.034
 77    25.952 54903.54950081  1.18 104.020950  72.428814  2.933
 77    24.220 54903.54950146  2.21 104.015350  72.431704  2.933
 78    28.765 54938.54947579  2.07 104.008986  72.423965  2.937
 78    27.721 54938.54947644  2.28 104.003386  72.426855  2.937
 78    26.587 54938.54947708  1.89 103.997776  72.429745  2.937
 79    29.818 54973.54950747  2.56 104.010659  72.425509  2.040
 79    28.293 54973.54950811  2.41 104.005059  72.428399  2.040
 79    26.357 54973.54950875  2.81 103.999449  72.431289  2.040
 80     2.521 55008.54952254 20.47 104.014679  72.427637 12.763
 80     2.375 55008.54952318 24.17 104.009069  72.430527 12.763
 81     0.295 55043.54951169 22.12 104.015177  72.424981 15.973
 81     0.455 55043.54951233 20.93 104.009567  72.427871 15.973
 81     1.121 55043.54951298 22.90 104.003967  72.430751 15.973
 82     0.502 55078.54948957 45.53 104.023868  72.427775 19.374
 82    -2.948 55078.54949021 35.61 104.018258  72.430665 19.374
 83     0.362 55113.54944406 43.98 104.008968  72.424327 19.328
 83     0.359 55113.54944471 43.49 104.003358  72.427207 19.328
 83     0.453 55113.54944535 38.02 103.997748  72.430097 19.328
 84     0.160 55148.54944503 21.34 104.012102  72.427077  4.155
 84     0.243 55148.54944567 21.73 104.006492  72.429967  4.155
 86     0.398 55218.54944231 14.94 104.019874  72.425716  3.778
 86     0.609 55218.54944295 14.84 104.014274  72.428606  3.778
 86     0.600 55218.54944360 15.39 104.008670  72.431492  3.113
 90     3.347 55358.54940853 34.52 104.015739  72.426677 17.257
 90     3.165 55358.54940918 34.62 104.010129  72.429557 17.257
 91    20.770 55393.54941178 14.05 104.008042  72.424274 10.042
 91    19.795 55393.54941242 14.76 104.002442  72.427164 10.042
 91    18.819 55393.54941307 13.99 103.996832  72.430054 10.042
 92     0.381 55428.54942429 37.60 104.015108  72.425218 21.395
 92     0.128 55428.54942494 34.23 104.009498  72.428108 21.395
 92     0.096 55428.54942558 27.75 104.003888  72.430988 21.395
