# NaN NaN NaN ;Mean Elev.(m), Avg Gradient(m/km), RMS Gradient(m/km) - SRTM1     
#   -1.833  -0.410   6.770 ;Mean Elev.(m), Avg Gradient(m/km), RMS Gradient(m/km) - ASTER GDEM
#   15.992  -0.739  11.487 ;Mean Elev.(m), Avg Gradient(m/km), RMS Gradient(m/km) - GMTED2010 
  8 102.503603  71.660348     2.317     2.317  2 52488.20643726 49.283
  9 102.500834  71.665464    10.731    10.784  3 52523.20640983 32.023
 11 102.502448  71.662283     7.428     7.428  2 52593.20645983 17.742
 12 102.514368  71.649811    10.588    10.588  2 52628.20638432 13.752
 13 102.502205  71.659488     8.088     8.088  2 52663.20642259 13.867
 14 102.513865  71.648668    10.503    10.503  2 52698.20639977 11.730
 15 102.506829  71.657902    12.116    12.116  2 52733.20641916 10.065
 16 102.497201  71.668409    13.240    13.240  2 52768.20642469  7.786
 17 102.513398  71.651256     9.162     9.162  2 52803.20644556 43.203
 19 102.508581  71.656573     1.221     1.221  2 52873.20654862 47.959
 20 102.503188  71.660574     0.706     0.706  2 52908.20653176 51.730
 23 102.502240  71.663401     5.295     5.295  2 53013.20651648 18.109
 24 102.509841  71.653257     4.624     4.624  2 53048.20648739 16.156
 25 102.503074  71.665824     6.686     6.686  2 53083.20652078 15.165
 27 102.505763  71.659799    14.661    14.661  2 53153.20654221  8.565
 29 102.503133  71.661058     0.924     0.924  2 53223.20654855 51.687
 30 102.499355  71.668104    10.170    10.170  2 53258.20652306 26.527
 31 102.508130  71.656824     0.239     0.239  2 53293.20654581 27.973
 32 102.504486  71.659130     7.871     7.871  2 53328.20651928 16.902
 35 102.501758  71.663309    10.186    10.186  2 53433.20648554 13.237
 36 102.511082  71.653996    11.555    11.555  2 53468.20652547 11.290
 37 102.504536  71.662373    11.357    11.357  2 53503.20657255  7.517
 38 102.502281  71.659533    11.375    11.375  2 53538.20656829 39.417
 39 102.504233  71.665123     1.858     1.858  2 53573.20656841 47.656
 40 102.497172  71.667265    10.526    10.526  2 53608.20651763 24.956
 43 102.500757  71.663822    -0.081    -0.081  2 53713.20646675 22.081
 46 102.499408  71.669171     3.817     4.092  3 53818.20637360 14.758
 47 102.507918  71.655927     2.652     2.652  2 53853.20645187 13.022
 51 102.516056  71.646613     5.059     5.059  2 53993.20644987 39.729
 54 102.500984  71.666259     6.265     6.265  2 54098.20647055 16.254
 55 102.510435  71.651707     7.271     7.271  2 54133.20642725 15.028
 56 102.501778  71.664508     9.158     9.158  2 54168.20644470 15.499
 59 102.503426  71.658680    11.424    11.424  2 54273.20648345 38.333
 61 102.500294  71.664029    10.871    10.871  2 54343.20646329 32.829
 62 102.508207  71.655162     8.254     8.254  2 54378.20642139 30.055
 63 102.503299  71.660492     3.973     3.973  2 54413.20641148 23.348
 65 102.505610  71.657558     2.281     2.281  2 54483.20640523 17.197
 66 102.509035  71.652799     7.054     7.054  2 54518.20640169 13.170
 68 102.508366  71.657339     0.322     0.322  2 54588.20639655 14.643
 69 102.506227  71.661171    11.255    11.255  2 54623.20641391 31.434
 71 102.502872  71.661877    11.066    11.066  2 54693.20640471 32.022
 72 102.509026  71.654197     0.853     0.853  2 54728.20637761 44.471
 74 102.511456  71.652681    10.911    10.911  2 54798.20637116 14.977
 77 102.500217  71.664553     9.587     9.587  2 54903.20638205 13.287
 79 102.508040  71.658352    15.404    15.404  2 54973.20638870  7.774
 80 102.505426  71.662420     9.478     9.478  2 55008.20640377 29.491
 81 102.506826  71.659034    11.185    11.185  2 55043.20639357 27.970
 82 102.503872  71.664979     1.053     1.053  2 55078.20637080 51.103
 83 102.508266  71.655809     0.453     0.453  2 55113.20632659 46.792
 84 102.503744  71.659816     3.793     3.793  2 55148.20632691 22.739
 85 102.510323  71.652601     5.283     5.283  2 55183.20630847 16.178
 86 102.503214  71.661841     8.849     8.849  2 55218.20632419 12.152
 87 102.510774  71.654194     6.306     6.306  2 55253.20630437 12.055
 88 102.500938  71.665310     6.805     6.805  2 55288.20631379 12.585
 89 102.503167  71.659138    11.398    11.398  2 55323.20629149 12.232
 93 102.499703  71.663788    10.791    10.791  2 55463.20626959 24.413
