-142363.840   296.937     0.00    4.35
-141988.211   294.709    -5.93    5.11
-141612.486   289.146   -14.80   12.19
-141236.663   281.550   -20.21   17.93
-140860.744   273.822   -20.56   19.89
-140484.728   263.732   -26.83   19.24
-140108.615   254.103   -25.60   16.03
-139732.405   247.771   -16.83   11.02
-139356.098   251.316     9.42   15.27
-138979.694   262.950    30.91   21.31
-138603.193   275.191    32.51   19.13
-138226.594   284.525    24.78   13.78
-137849.898   290.965    17.09    6.29
-137473.104   292.060     2.91    3.01
-137096.213   290.992    -2.83    4.04
-136719.225   288.276    -7.20    4.97
-136342.138   283.092   -13.75    8.55
-135964.954   274.291   -23.33   12.30
-135587.673   262.858   -30.30   13.60
-135210.293   252.802   -26.65   12.00
-134832.815   242.832   -26.41   10.81
-134455.239   235.797   -18.63    9.57
-134077.565   231.150   -12.30    7.67
-133699.793   231.742     1.56    8.44
-133321.923   236.182    11.75    9.43
-132943.954   240.924    12.55    8.31
-132565.887   243.878     7.81    6.35
-132187.721   245.193     3.48    4.40
-131809.457   245.000    -0.51    4.01
-131431.094   242.504    -6.60    5.56
-131052.633   238.467   -10.67    6.96
-130674.072   233.309   -13.62    7.40
-130295.413   228.669   -12.25    8.24
-129916.654   224.017   -12.28    9.12
-129537.797   220.193   -10.09    9.89
-129158.841   215.231   -13.09   10.38
-128779.785   211.252   -10.50    9.41
-128400.630   210.432    -2.16    8.07
-128021.376   211.268     2.20    9.11
-127642.022   214.950     9.71   10.88
-127262.569   219.198    11.19   11.54
-126883.016   223.773    12.05   12.38
-126503.363   227.479     9.76   13.12
-126123.611   232.790    13.98   14.97
-125743.759   237.368    12.05   14.77
-125363.807   241.526    10.94   13.66
-124983.755   239.833    -4.45   14.73
-124603.603   239.649    -0.49   15.85
-124223.351   244.725    13.35   15.93
-123842.999   250.078    14.07   13.39
-123462.546   252.190     5.55    9.05
-123081.993   246.220   -15.69   15.12
-122701.340   233.580   -33.21   18.14
-122320.586   224.500   -23.85   13.87
-121939.731   222.175    -6.10   13.08
-121558.776   227.425    13.78   16.70
-121177.720   231.833    11.57   15.67
-120796.563   225.775   -15.89   17.43
-120415.305   217.350   -22.10   17.65
-120033.946   211.140   -16.28   12.70
-119652.486   209.703    -3.77    9.57
-119270.925   213.765    10.64    6.99
-118889.263   217.653    10.19    5.76
-118507.500   221.470    10.00    8.50
-118125.635   227.207    15.02   11.59
-117743.668   232.469    13.78   11.77
-117361.600   231.642    -2.17   13.14
-116979.430   226.879   -12.46   21.17
-116597.159   212.567   -37.44   37.36
-116214.786   198.815   -35.96   43.57
-115832.311   182.605   -42.38   45.79
-115464.133   170.941   -31.68   43.19
-115100.617   160.700   -28.17   34.74
-114737.013   154.630   -16.69   31.36
-114373.318   150.650   -10.94   27.92
-114009.535   145.754   -13.46   23.57
-113645.661   142.350    -9.36   20.48
-113281.698   138.658   -10.14   16.14
-112917.645   133.797   -13.35   10.54
-112553.503   130.807    -8.21    8.24
-112189.270   132.500     4.65   14.90
-111824.948   142.445    27.30   30.03
-111460.535   151.149    23.88   36.83
-111096.033   163.682    34.38   39.32
-110731.440   182.525    51.68   47.12
-110366.757   201.180    51.15   51.19
-110001.984   226.026    68.11   43.87
-109637.120   241.467    42.32   32.88
-109272.166   243.432     5.39   25.90
-108907.122   234.879   -23.43   27.98
-108541.987   216.713   -49.75   35.72
-108176.761   195.415   -58.31   39.81
-107811.445   164.277   -85.23   43.61
-107446.038   141.099   -63.43   35.44
-107080.540   122.100   -51.98   20.86
-106714.951   113.068   -24.70   10.57
-106349.271   112.132    -2.56    9.88
-105983.500   115.535     9.30   12.51
-105617.639   123.471    21.69   20.12
-105251.686   135.933    34.05   24.32
-104885.641   150.940    41.00   23.17
-104519.506   167.140    44.25   23.18
-104153.279   185.513    50.16   25.19
-103786.960   204.286    51.24   25.27
-103420.550   216.642    33.72   21.21
-103054.049   222.211    15.19   17.89
-102687.456   212.933   -25.31   24.91
-102320.771   196.655   -44.39   30.49
-101953.994   176.513   -54.91   26.90
-101587.126   169.262   -19.76   19.37
-101220.166   173.754    12.24   21.17
-100853.113   191.739    49.00   27.10
-100485.969   213.164    58.35   27.97
-100118.732   235.739    61.47   24.60
 -99751.403   254.551    51.21   20.75
 -99383.982   265.192    28.96   13.58
 -99016.469   268.718     9.59   10.67
 -98648.863   266.595    -5.77   13.62
 -98281.165   261.558   -13.70   15.11
 -97913.374   256.252   -14.43   15.60
 -97545.491   252.705    -9.64   17.40
 -97177.515   246.436   -17.03   19.77
 -96809.446   237.925   -23.12   23.66
 -96441.284   228.941   -24.40   23.70
 -96073.030   217.703   -30.51   20.79
 -95704.682   209.059   -23.47   17.76
 -95336.241   201.000   -21.87   12.06
 -94967.708   196.370   -12.56    7.16
 -94599.081   195.885    -1.31    5.70
 -94230.361   196.909     2.78    5.54
 -93861.547   200.361     9.36    6.18
 -93492.640   204.479    11.16    6.12
 -93123.640   210.136    15.33    7.78
 -92754.546   217.769    20.68   12.55
 -92385.359   228.441    28.91   17.72
 -92016.078   240.350    32.25   19.38
 -91646.703   252.533    32.98   19.69
 -91277.234   265.673    35.56   21.08
 -90907.671   279.475    37.35   24.72
 -90538.015   292.000    33.88   25.54
 -90168.264   303.317    30.60   23.88
 -89798.419   312.633    25.19   19.84
 -89428.481   321.421    23.75   18.02
 -89058.447   335.852    39.00   20.30
 -88688.320   350.714    40.15   21.29
 -88318.098   368.061    46.85   23.10
 -87947.782   383.467    41.60   19.48
 -87577.371   393.400    26.81   15.89
 -87206.865   400.300    18.62   14.60
 -86836.265   406.861    17.70   12.16
 -86465.570   413.377    17.58    8.25
 -86094.781   418.851    14.76    7.06
 -85723.896   421.933     8.31    6.14
 -85352.916   422.767     2.25    8.18
 -84981.842   419.715    -8.22   12.38
 -84610.672   411.955   -20.91   19.94
 -84239.407   394.846   -46.08   28.35
 -83868.046   374.308   -55.30   32.52
 -83496.591   348.142   -70.44   35.03
 -83125.040   322.667   -68.56   26.59
 -82753.393   307.696   -40.28   16.55
 -82381.651   304.049    -9.81   14.72
 -82009.813   308.760    12.67   16.96
 -81637.880   316.350    20.41   17.20
 -81265.851   319.189     7.63   17.89
 -80893.726   318.744    -1.20   18.98
 -80521.505   312.851   -15.83   18.25
 -80149.188   306.295   -17.61   15.06
 -79776.774   298.376   -21.26   11.69
 -79404.265   289.182   -24.68   14.79
 -79031.660   276.530   -33.95   17.72
 -78658.958   262.413   -37.88   17.53
 -78286.160   250.910   -30.86   14.16
 -77913.265   240.897   -26.85   10.45
 -77540.274   234.301   -17.68    9.45
 -77167.186   229.246   -13.55    8.50
 -76794.002   223.933   -14.23    7.70
 -76420.721   218.708   -14.00    7.62
 -76047.343   210.860   -21.02   11.35
 -75673.868   196.455   -38.57   19.06
 -75300.296   180.771   -41.98   20.74
 -74926.627   162.656   -48.48   18.03
 -74552.861   149.008   -36.51   14.16
 -74178.997   137.991   -29.47   10.48
 -73805.037   130.000   -21.37    7.39
 -73430.979   124.839   -13.80    5.03
 -73056.823   121.025   -10.19    5.76
 -72682.571   117.730    -8.80    6.42
 -72308.220   113.991    -9.99    6.50
 -71933.772   110.561    -9.16    7.66
 -71559.226   108.737    -4.87    9.70
 -71184.582   109.083     0.92   13.15
 -70809.841   112.760     9.81   16.72
 -70435.001   119.145    17.03   21.63
 -70060.064   126.279    19.02   23.00
 -69685.028   131.534    14.01   20.40
 -69309.894   130.041    -3.98   16.40
 -68934.662   126.484    -9.48   14.58
 -68559.331   120.250   -16.61   10.52
 -68183.902   116.333   -10.43    5.81
 -67808.375   116.566     0.62    4.16
 -67432.749   117.066     1.33    3.58
 -67057.024   116.483    -1.55    4.03
 -66681.201   116.308    -0.47    5.27
 -66305.278   115.697    -1.63    7.03
 -65929.257   115.263    -1.15    8.96
 -65553.137   113.770    -3.97    9.87
 -65176.918   113.636    -0.36    9.29
 -64800.600   114.975     3.56    8.95
 -64424.182   116.748     4.71    8.19
 -64047.665   116.570    -0.47    8.98
 -63671.049   107.129   -25.07   16.20
 -63294.333    96.254   -28.87   15.94
 -62917.518    84.884   -30.17   11.42
 -62540.604    78.541   -16.83    6.82
 -62163.589    77.102    -3.82    5.60
 -61786.475    78.639     4.08    8.02
 -61409.261    81.687     8.08   10.70
 -61031.947    82.081     1.05   11.64
 -60654.533    81.108    -2.58   12.37
 -60277.019    79.355    -4.64   11.38
 -59899.405    77.398    -5.18   10.84
 -59521.691    74.342    -8.09    9.45
 -59143.876    74.033    -0.82    8.66
 -58765.961    75.254     3.23    7.44
 -58387.945    77.393     5.66    6.15
 -58009.829    79.623     5.90    7.83
 -57631.612    84.661    13.32    8.72
 -57253.295    87.886     8.52    6.06
 -56874.877    85.070    -7.44    8.94
 -56496.358    81.363    -9.79    9.47
 -56117.737    79.683    -4.44   10.05
 -55739.016    82.364     7.08   11.92
 -55360.194    86.207    10.14   10.94
 -54981.271    86.975     2.03    9.37
 -54602.246    83.782    -8.42    7.25
 -54223.120    80.534    -8.57    6.10
 -53843.893    79.344    -3.14    5.71
 -53464.564    77.829    -3.99    4.70
 -53085.133    75.123    -7.13    5.18
 -52705.601    72.371    -7.25    5.94
 -52325.967    67.948   -11.65    6.43
 -51946.231    64.258    -9.72    8.76
 -51566.393    58.449   -15.29   11.80
 -51186.453    55.537    -7.67   11.15
 -50806.411    55.861     0.85   10.03
 -50426.267    61.050    13.65   12.86
 -50046.021    66.951    15.52   13.35
 -49665.672    72.174    13.73   12.40
 -49285.221    77.189    13.18   10.43
 -48904.668    83.534    16.67   11.72
 -48524.011    91.431    20.75   12.45
 -48143.253    97.908    17.01    9.24
 -47762.391    99.195     3.38    7.85
 -47381.427    94.520   -12.27   11.38
 -47000.359    84.405   -26.54   14.69
 -46619.189    74.065   -27.13   14.00
 -46237.916    64.621   -24.77    8.40
 -45856.539    59.398   -13.69    5.66
 -45475.059    56.231    -8.30    7.97
 -45093.476    51.959   -11.20    8.79
 -44711.790    47.935   -10.54    8.20
 -44330.000    45.534    -6.29    7.73
 -43948.106    45.024    -1.34    8.36
 -43566.109    44.687    -0.88    8.18
 -43184.008    45.556     2.28    7.78
 -42801.803    46.669     2.91    7.20
 -42419.494    46.082    -1.54    6.11
 -42037.082    45.785    -0.78    7.40
 -41654.565    42.092    -9.66   10.24
 -41271.944    37.992   -10.71   12.66
 -40895.383    32.605   -14.30   13.31
 -40532.104    27.653   -13.63   12.26
 -40168.733    23.699   -10.88   10.09
 -39805.272    19.600   -11.28    7.70
 -39441.720    17.154    -6.73    6.79
 -39078.076    15.447    -4.69    5.30
 -38714.341    15.188    -0.71    4.46
 -38350.515    17.325     5.87    5.20
 -37986.597    19.976     7.28    5.23
 -37622.588    23.647    10.09    4.09
 -37258.487    25.661     5.53    3.94
 -36894.295    27.700     5.60    3.94
 -36530.011    29.885     6.00    4.03
 -36165.636    31.758     5.14    4.70
 -35801.168    34.950     8.76    4.85
 -35436.609    38.447     9.59    4.29
 -35071.957    40.468     5.54    4.43
 -34707.214    42.242     4.86    4.01
 -34342.379    44.220     5.42    3.00
 -33977.451    45.250     2.82    2.50
 -33612.431    45.042    -0.57    2.38
 -33247.319    43.885    -3.17    3.39
 -32882.114    42.520    -3.74    3.84
 -32516.817    42.051    -1.29    3.30
 -32151.428    40.976    -2.94    3.54
 -31785.946    37.887    -8.45    6.58
 -31420.371    32.687   -14.22    8.55
 -31054.704    26.484   -16.96    9.13
 -30688.943    21.762   -12.91    7.31
 -30323.090    19.630    -5.83    4.32
 -29957.144    19.411    -0.60    4.52
 -29591.105    19.795     1.05    4.85
 -29224.973    19.900     0.29    4.54
 -28858.747    18.347    -4.24    4.59
 -28492.429    15.950    -6.54    4.46
 -28126.017    13.073    -7.85    4.45
 -27759.511    10.685    -6.51    3.43
 -27392.913     9.522    -3.17    2.92
 -27026.220     8.730    -2.16    2.62
 -26659.435     7.839    -2.43    2.33
 -26292.555     7.543    -0.81    2.33
 -25925.582     9.758     6.04    5.34
 -25558.515    13.992    11.53    9.00
 -25191.354    19.797    15.81   10.13
 -24824.099    25.177    14.65    9.69
 -24456.750    28.862    10.03    8.88
 -24089.307    29.760     2.45    8.77
 -23721.770    27.712    -5.57    8.99
 -23354.139    24.882    -7.70    8.26
 -22986.413    21.895    -8.12    6.22
 -22618.593    19.358    -6.90    3.84
 -22250.678    17.466    -5.14    3.31
 -21882.669    15.544    -5.22    4.00
 -21514.565    13.894    -4.48    3.82
 -21146.367    13.085    -2.20    3.65
 -20778.074    13.992     2.46    5.66
 -20409.686    15.333     3.64    6.83
 -20041.203    15.825     1.33    7.25
 -19672.625    13.648    -5.91    7.92
 -19303.952     9.575   -11.05    6.81
 -18935.184     6.024    -9.63    4.52
 -18566.321     4.460    -4.24    3.00
 -18197.362     5.233     2.10    3.38
 -17828.308     7.536     6.24    4.57
 -17459.159     8.862     3.59    4.99
 -17089.914    10.275     3.83    4.90
 -16720.574    10.500     0.61    5.18
 -16351.138     9.780    -1.95    4.53
 -15981.606     9.016    -2.07    3.63
 -15611.978     7.786    -3.33    3.82
 -15242.255     7.134    -1.76    3.46
 -14872.436     6.640    -1.34    3.04
 -14502.520     6.685     0.12    3.22
 -14132.509     6.108    -1.56    2.60
 -13762.401     5.435    -1.82    2.45
 -13392.197     4.724    -1.92    2.41
 -13021.897     4.032    -1.87    2.46
 -12651.501     3.565    -1.26    2.44
 -12281.007     2.647    -2.48    1.65
 -11910.418     2.024    -1.68    1.25
 -11539.732     1.824    -0.54    1.09
 -11168.949     2.453     1.70    2.20
 -10798.069     4.600     5.79    4.16
 -10427.092     7.779     8.57    4.94
 -10056.019    11.244     9.34    4.14
  -9684.848    13.571     6.27    3.24
  -9313.581    15.350     4.79    3.00
  -8942.216    15.764     1.11    2.77
  -8570.754    15.919     0.42    2.88
  -8199.195    17.552     4.39    3.88
  -7827.538    21.365    10.26    6.20
  -7455.784    25.831    12.01    6.85
  -7083.932    30.008    11.23    5.94
  -6711.983    32.381     6.38    4.52
  -6339.936    31.798    -1.57    5.10
  -5967.791    28.849    -7.92    5.54
  -5595.549    26.698    -5.78    4.72
  -5223.208    24.805    -5.09    3.97
  -4850.769    25.825     2.74    4.00
  -4478.233    27.092     3.40    3.50
  -4105.598    22.041   -13.55   10.30
  -3732.865    14.849   -19.29   12.73
  -3360.034     6.862   -21.42   10.48
  -2987.104     2.683   -11.21    4.94
  -2614.076     2.411    -0.73    3.48
  -2240.949     4.091     4.50    3.50
  -1867.723     5.219     3.02    3.32
  -1494.399     4.311    -2.43    3.27
  -1120.976     3.432    -2.35    3.82
   -747.455     1.976    -3.90    3.52
   -373.834     0.065    -5.11    0.33
     -0.114     0.000    -0.17    0.00
    373.705     0.000     0.00    0.00
    747.623     0.276     0.74    1.18
   1121.640     1.175     2.40    2.18
   1495.757     3.448     6.08    4.69
   1869.973     5.614     5.79    5.08
   2244.288     6.065     1.20    5.01
   2618.703     6.350     0.76    5.82
   2993.218     5.736    -1.64    5.72
   3367.833     6.101     0.97    6.20
   3742.547     6.246     0.39    5.60
   4117.361     6.605     0.96    4.78
   4492.275     6.871     0.71    4.17
   4867.290     5.587    -3.42    4.65
   5242.404     3.786    -4.80    4.75
   5617.619     1.632    -5.74    3.57
   5992.934     0.072    -4.16    0.32
   6368.349     0.849     2.07    1.88
   6743.865     4.559     9.88    7.33
   7119.481    13.236    23.10   13.91
   7495.198    24.214    29.22   15.15
   7871.016    32.222    21.31   11.29
   8246.934    35.171     7.84    9.51
   8622.953    33.205    -5.23   10.19
   8999.074    27.192   -15.99   11.52
   9375.295    19.792   -19.67   11.33
   9751.617    17.589    -5.85    9.36
  10128.041    19.492     5.06   10.64
  10504.566    25.110    14.92   10.25
  10881.192    32.138    18.66    8.87
  11257.920    37.270    13.62    8.31
  11634.749    39.315     5.43    7.50
  12011.679    41.382     5.48    7.09
  12388.712    43.425     5.42    7.80
  12765.846    44.150     1.92    8.17
  13143.082    47.056     7.70    9.05
  13520.420    50.504     9.14    9.26
  13897.860    54.107     9.54   10.14
  14275.402    57.016     7.71   10.20
  14653.047    60.648     9.62    8.96
  15030.793    66.336    15.06    9.22
  15408.642    72.205    15.53   10.96
  15786.593    80.471    21.87   10.46
  16164.647    83.291     7.46    7.89
  16542.804    80.849    -6.46    8.86
  16921.063    79.039    -4.78    8.40
  17299.425    78.968    -0.19    8.22
  17677.889    79.400     1.14    8.66
  18056.457    80.135     1.94    8.95
  18435.128    77.793    -6.18    9.78
  18813.901    73.276   -11.93    7.94
  19192.778    71.881    -3.68    8.32
  19571.759    72.528     1.71    8.41
  19950.842    70.693    -4.84    7.40
  20330.029    69.992    -1.85    7.98
  20709.320    65.711   -11.29    9.41
  21088.714    58.504   -19.00   10.58
  21468.212    50.764   -20.40   10.86
  21847.813    44.584   -16.28    7.00
  22227.519    45.699     2.94    9.24
  22607.328    52.551    18.04   12.10
  22987.242    61.661    23.98   13.61
  23367.259    70.632    23.61   11.33
  23747.381    76.992    16.73   11.56
  24127.607    81.024    10.61   10.21
  24507.938    79.659    -3.59   10.14
  24888.373    77.127    -6.65   10.58
  25268.912    79.857     7.17   11.87
  25649.556    81.210     3.55   12.50
  26030.305    84.627     8.98   11.84
  26411.159    89.592    13.04    9.82
  26792.117    93.934    11.40    9.05
  27173.181    98.062    10.83    9.67
  27554.349   101.967    10.24    9.91
  27935.623   102.921     2.50   11.14
  28317.002   100.344    -6.76   12.86
  28698.486    96.032   -11.30   12.35
  29080.076    90.095   -15.56   11.19
  29461.771    86.412    -9.65    8.80
  29843.572    87.703     3.38    8.85
  30225.478    91.182     9.11   10.39
  30607.491    93.772     6.78    9.51
  30989.609    93.984     0.56    8.82
  31371.833    89.776   -11.01   10.28
  31754.163    85.246   -11.85   11.01
  32136.599    79.983   -13.76    8.98
  32519.141    75.225   -12.44    5.48
  32901.790    72.048    -8.30    6.99
  33284.545    68.827    -8.42    6.70
  33667.407    65.811    -7.88    4.11
  34033.093    65.125    -1.88    3.15
  34396.236    68.346     8.87    6.02
  34759.470    73.378    13.85   10.34
  35122.798    80.043    18.35   10.61
  35486.218    85.898    16.11    8.35
  35849.731    89.214     9.12    6.35
  36213.337    88.708    -1.39    6.49
  36577.035    87.914    -2.18    5.37
  36940.827    86.961    -2.62    4.77
  37304.711    88.733     4.87    6.42
  37668.689    92.587    10.59    8.28
  38032.759    94.992     6.61    8.06
  38396.923    97.798     7.71    6.25
  38761.181    99.781     5.44    5.34
  39125.531   101.969     6.00    6.57
  39489.976   106.100    11.34    9.08
  39854.513   111.758    15.52    9.91
  40219.145   118.406    18.23    8.19
  40583.870   122.983    12.55    7.99
  40948.688   125.071     5.72    8.79
  41313.601   125.898     2.26    7.84
  41678.607   126.547     1.78    5.79
  42043.708   125.328    -3.34    5.40
  42408.902   123.362    -5.38    5.64
  42774.191   119.200   -11.39    7.61
  43139.573   112.732   -17.70    9.26
  43505.050   105.101   -20.88   10.23
  43870.622    96.675   -23.05    9.63
  44236.288    88.795   -21.55    8.65
  44602.048    82.266   -17.85    7.37
  44967.903    75.117   -19.54    8.51
  45333.852    70.140   -13.60    8.55
  45699.896    65.359   -13.06    9.21
  46066.035    59.500   -16.00    8.51
  46432.269    54.953   -12.42    5.98
  46798.598    52.297    -7.25    3.11
  47165.022    53.455     3.16    4.98
  47531.540    59.256    15.83    8.10
  47898.154    60.064     2.20    9.24
  48264.864    55.862   -11.46   12.38
  48631.668    51.047   -13.13   11.51
  48998.568    48.811    -6.09    9.26
  49365.563    52.648    10.46   10.87
  49732.654    61.519    24.17   12.30
  50099.841    67.865    17.28   10.22
  50467.123    70.976     8.47    6.65
  50834.501    70.808    -0.46    5.82
  51201.975    70.312    -1.35    5.60
  51569.545    73.425     8.47    7.60
  51937.210    77.651    11.49    7.97
  52304.972    81.758    11.17    6.82
  52672.830    83.922     5.88    6.20
  53040.784    81.281    -7.18    9.30
  53408.834    75.661   -15.27   11.20
  53776.981    71.039   -12.56   10.86
  54145.224    69.023    -5.47   10.68
  54513.564    65.180   -10.43   10.45
  54882.001    65.148    -0.09   10.51
  55250.534    67.578     6.59   12.61
  55619.163    68.225     1.75   13.62
  55987.890    71.527     8.96   13.30
  56356.713    72.789     3.42   12.99
  56725.634    69.877    -7.89   12.94
  57094.651    67.240    -7.15   12.86
  57463.766    64.850    -6.47   13.31
  57832.978    65.776     2.51   13.94
  58202.287    69.308     9.56   15.44
  58571.694    70.278     2.63   14.37
  58941.198    72.260     5.36   11.65
  59310.799    72.721     1.25   10.78
  59680.499    72.130    -1.60    9.89
  60050.295    72.414     0.77   10.39
  60420.190    71.543    -2.36   10.97
  60790.183    69.854    -4.57   10.35
  61160.273    69.953     0.27   11.21
  61530.461    69.117    -2.26   11.25
  61900.748    70.558     3.89   12.37
  62271.132    76.395    15.76   13.12
  62641.615    79.539     8.49   11.63
  63012.196    85.183    15.23   10.13
  63382.876    89.248    10.97   10.84
  63753.654    92.192     7.94   11.17
  64124.530    98.102    15.94   12.40
  64495.506   104.682    17.74   15.66
  64866.580   110.846    16.61   18.57
  65237.752   116.945    16.43   19.70
  65609.024   120.209     8.79   19.44
  65980.394   119.875    -0.90   19.47
  66351.864   117.884    -5.36   17.69
  66723.432   117.055    -2.23   17.52
  67095.100   116.240    -2.19   15.82
  67466.867   116.565     0.87   14.41
  67838.734   119.118     6.87   14.46
  68210.700   124.016    13.17   13.51
  68582.765   128.038    10.81   11.57
  68954.930   130.876     7.63    9.89
  69327.195   132.233     3.64   10.83
  69699.559   131.538    -1.86   10.72
  70072.023   129.350    -5.88   10.54
  70444.587   124.415   -13.24    8.24
  70817.252   120.087   -11.62    6.26
  71190.016   118.024    -5.53    6.04
  71562.880   117.442    -1.56    5.29
  71935.845   118.120     1.82    4.56
  72308.910   116.953    -3.13    6.38
  72682.075   114.664    -6.14    9.27
  73055.341   109.533   -13.75   11.61
  73428.707   103.628   -15.82    9.59
  73802.174    99.312   -11.56    6.46
  74175.742    95.130   -11.20    6.60
  74549.410    91.641    -9.34    9.12
  74923.180    87.567   -10.90   11.00
  75297.050    82.777   -12.81    9.01
  75671.022    81.876    -2.41    7.14
  76045.095    84.333     6.57    6.99
  76419.268    87.554     8.61    5.75
  76793.544    86.962    -1.58    6.73
  77167.920    84.138    -7.54    8.79
  77542.398    82.669    -3.92    8.29
  77916.978    84.008     3.57    8.69
  78291.659    91.752    20.67    9.84
  78666.442    98.008    16.69    8.89
  79041.327    97.661    -0.92   13.12
  79416.313    91.860   -15.47   17.17
  79791.402    86.357   -14.67   16.70
  80166.593    82.648    -9.88   12.87
  80541.885    88.392    15.31   12.14
  80917.280    95.555    19.08   10.45
  81292.778   101.922    16.96    9.88
  81668.377   106.354    11.80   12.16
  82044.080   109.050     7.18   14.36
  82419.884   110.221     3.12   13.88
  82795.792   110.398     0.47   12.13
  83171.802   110.189    -0.56    9.42
  83547.915   110.542     0.94    7.47
  83924.131   109.448    -2.91    5.64
  84300.450   106.194    -8.65    8.71
  84676.872    98.492   -20.46   12.98
  85053.397    89.128   -24.87   11.08
  85430.025    85.185   -10.47    7.04
  85806.757    81.672    -9.32    9.44
  86183.592    77.617   -10.76   12.64
  86560.530    79.530     5.08   15.52
  86937.573    83.041     9.31   19.22
  87314.718    95.318    32.55   20.51
  87691.968   109.846    38.51   16.80
  88069.322   121.667    31.33   12.05
  88446.779   125.621    10.48    7.51
  88824.340   123.876    -4.62    7.82
  89202.006   115.946   -21.00   11.86
  89579.775   106.379   -25.33   13.22
  89957.649    95.256   -29.44   10.71
  90335.628    88.756   -17.20    7.04
  90713.710    85.109    -9.64    4.02
  91091.898    83.798    -3.47    4.07
  91470.190    81.756    -5.40    5.54
  91848.586    78.825    -7.74    6.30
  92227.088    78.720    -0.28    7.06
  92605.694    82.598    10.25    9.13
  92984.405    89.162    17.33    9.05
  93363.222    95.115    15.72    6.52
  93742.143    99.818    12.41    6.16
  94121.170   103.756    10.39    7.28
  94500.302   106.586     7.47    8.06
  94879.539   113.295    17.69   12.28
  95258.882   119.838    17.25   13.95
  95638.331   123.556     9.80   13.01
  96017.885   124.992     3.78   11.47
  96397.545   121.550    -9.07   11.35
  96777.311   115.262   -16.56    9.93
  97157.183   107.795   -19.66   11.33
  97537.161    98.434   -24.64   13.97
  97917.245    89.099   -24.56   15.92
  98297.435    81.500   -19.99   16.88
  98677.732    78.254    -8.54   19.28
  99058.135    71.229   -18.47   22.66
  99438.644    62.927   -21.82   25.90
  99819.260    55.554   -19.37   22.62
 100199.983    48.789   -17.77   18.43
 100580.812    43.954   -12.70   16.23
 100961.748    41.450    -6.57   13.55
 101342.791    38.903    -6.69    7.80
 101723.941    40.803     4.98    8.34
 102105.199    44.402     9.44    8.25
 102486.563    46.385     5.20    6.11
 102868.035    46.168    -0.57    5.95
 103249.614    43.123    -7.98    6.00
 103631.301    39.573    -9.30    4.76
 104013.095    38.622    -2.49    4.18
 104394.997    38.388    -0.61    4.48
 104777.007    37.346    -2.73    4.50
 105159.124    36.062    -3.36    4.59
 105541.350    35.886    -0.46    4.04
 105923.683    36.606     1.88    3.99
 106306.125    38.227     4.24    4.41
 106688.674    40.623     6.26    4.93
 107071.332    42.754     5.57    5.40
 107454.099    44.939     5.71    5.06
 107836.974    45.561     1.62    4.38
 108219.957    45.689     0.34    4.48
 108594.717    49.771    10.89    9.41
 108957.644    57.504    21.31   15.60
 109320.664    69.924    34.22   18.63
 109683.778    83.833    38.31   16.76
 110046.986    97.615    37.95   14.68
 110410.288   107.549    27.35   13.15
 110773.685   114.720    19.73   10.74
 111137.175   119.312    12.63   12.08
 111500.760   121.862     7.01   14.08
 111864.439   120.636    -3.37   13.89
 112228.213   117.248    -9.31   13.67
 112592.082   110.574   -18.34   12.06
 112956.044   107.038    -9.72    8.56
 113320.102   109.062     5.56   10.15
 113684.254   117.962    24.44   14.43
 114048.501   129.173    30.78   15.01
 114412.843   139.893    29.43   12.33
 114777.280   148.598    23.89    8.90
 115141.812   153.985    14.78    7.43
 115506.440   159.692    15.65    8.88
 115871.162   165.355    15.53   10.48
 116235.980   169.962    12.63   11.04
 116600.893   172.432     6.77   11.60
 116965.901   170.057    -6.51   14.32
 117331.005   159.811   -28.07   18.37
 117696.205   147.727   -33.09   18.59
 118061.500   133.770   -38.21   15.98
 118426.891   120.746   -35.65   14.98
 118792.378   109.060   -31.98   13.85
 119157.961    98.159   -29.82   13.45
 119523.639    87.031   -30.43   12.62
 119889.414    78.805   -22.49    9.30
 120255.285    73.630   -14.14    5.45
 120621.252    70.715    -7.96    3.92
 120987.315    68.909    -4.93    5.37
 121353.475    66.612    -6.27    6.30
 121719.731    63.023    -9.80    9.29
 122086.084    57.709   -14.51   10.99
 122452.533    53.477   -11.55   10.43
 122819.079    51.669    -4.93   10.92
 123185.722    51.903     0.64   11.58
 123552.461    52.331     1.17   12.74
 123919.297    51.677    -1.78   12.82
 124286.231    48.515    -8.62   10.25
 124653.261    45.626    -7.87    6.82
 125020.389    45.246    -1.03    3.59
 125387.614    44.593    -1.78    1.76
 125754.936    44.546    -0.13    1.35
 126122.355    45.138     1.61    2.09
 126489.872    46.604     3.99    4.09
 126857.486    48.069     3.98    5.24
 127225.198    49.546     4.02    5.39
 127593.008    49.955     1.11    4.28
 127960.916    49.669    -0.78    3.30
 128328.921    49.746     0.21    2.18
 128697.024    49.333    -1.12    2.06
 129065.226    48.454    -2.39    2.44
 129433.525    47.838    -1.67    3.17
 129801.922    46.500    -3.63    3.03
 130170.418    45.446    -2.86    2.89
 130539.012    44.623    -2.23    3.86
 130907.705    43.409    -3.29    4.40
 131276.496    42.746    -1.80    4.45
 131645.385    43.385     1.73    4.58
 132014.374    44.299     2.48    4.60
 132383.461    46.454     5.84    4.68
 132752.646    48.500     5.54    3.91
 133121.931    47.459    -2.82    4.37
 133491.315    44.481    -8.06    4.88
 133860.797    40.877    -9.75    5.52
 134230.379    37.985    -7.82    4.31
 134600.060    36.292    -4.58    2.68
 134969.840    36.705     1.11    3.10
 135339.720    37.911     3.26    4.13
 135709.699    38.985     2.90    4.82
 136079.778    40.870     5.10    5.23
 136449.956    42.201     3.60    5.23
 136820.234    43.679     3.99    5.88
 137190.612    45.615     5.23    6.30
 137561.089    46.701     2.93    5.78
 137931.667    46.892     0.51    4.40
 138302.345    46.191    -1.89    2.80
 138673.122    44.098    -5.65    3.31
 139044.000    41.937    -5.83    3.17
 139414.978    40.256    -4.53    2.66
 139786.057    39.075    -3.18    1.86
 140157.236    38.565    -1.38    1.85
 140528.515    38.323    -0.65    1.95
 140899.896    38.910     1.58    2.83
 141271.376    40.640     4.66    4.92
 141642.958    42.617     5.32    5.35
 142014.640    44.872     6.07    4.36
 142386.424    46.704     4.93    2.82
 142758.308    46.134    -1.53    2.71
 143130.294    45.800    -0.90    2.30
 143502.380    45.079    -1.94    2.34
 143874.568    43.992    -2.92    3.06
 144246.858    44.189     0.53    3.36
 144619.249    44.538     0.94    3.61
 144991.741    45.187     1.74    3.44
 145364.335    46.385     3.22    2.54
 145737.030    48.546     5.80    3.18
 146109.828    50.481     5.19    3.87
 146482.727    52.946     6.61    4.02
 146855.728    56.061     8.35    4.42
 147228.832    58.843     7.46    4.21
 147602.037    61.460     7.01    2.95
 147975.345    63.129     4.47    2.99
 148348.754    63.493     0.97    2.91
 148722.267    63.817     0.87    2.77
 149095.881    63.474    -0.92    2.92
 149469.599    62.119    -3.62    3.58
 149843.419    61.024    -2.93    4.04
 150217.341    61.933     2.43    5.57
 150591.367    64.699     7.40    8.32
 150965.495    67.845     8.41    8.52
 151339.726    70.083     5.98    7.78
 151714.061    69.992    -0.24    7.82
 152088.498    67.636    -6.29    6.71
 152463.039    67.000    -1.70    4.76
 152837.683    66.696    -0.81    2.76
 153212.430    66.403    -0.78    3.33
 153587.281    64.985    -3.78    4.06
 153962.236    63.792    -3.18    4.15
 154337.294    62.853    -2.50    2.88
 154712.456    63.107     0.68    3.49
 155087.722    64.177     2.85    4.04
 155463.091    66.933     7.34    5.60
 155838.565    70.099     8.43    7.11
 156214.143    74.038    10.49    9.25
 156589.825    80.407    16.96   10.99
 156965.611    86.473    16.14   10.65
 157341.502    91.888    14.41   10.33
 157717.497    97.452    14.80   13.23
 158093.597   101.373    10.43   16.47
 158469.801   101.239    -0.36   20.90
 158846.110   101.932     1.84   23.82
 159222.524    99.902    -5.39   21.83
 159599.043    96.184    -9.87   19.96
 159975.667    90.415   -15.32   17.54
 160352.396    82.782   -20.26   13.28
 160729.230    77.157   -14.93    7.84
 161106.169    74.556    -6.90    4.75
 161483.213    71.463    -8.20    5.14
 161860.364    68.548    -7.73    3.92
 162237.619    67.256    -3.43    2.93
 162614.980    66.037    -3.23    4.01
 162992.447    66.842     2.13    7.18
 163370.020    70.697    10.21   12.06
 163747.698    77.563    18.18   15.86
 164125.483    83.397    15.44   13.49
 164503.374    86.381     7.90    8.45
 164881.370    88.940     6.77   13.72
 165259.473    94.789    15.47   22.07
 165637.683   107.418    33.39   25.85
 166015.998   123.818    43.35   25.18
 166394.421   142.597    49.63   17.99
 166772.950   147.831    13.83   14.83
 167151.585   148.532     1.85   13.95
 167530.328   146.716    -4.79   12.98
 167909.177   140.439   -16.57   10.56
 168288.133   130.654   -25.82   13.53
 168667.196   119.228   -30.14   17.22
 169046.367   107.447   -31.07   16.71
 169425.645    96.541   -28.76   13.02
 169805.030    93.444    -8.16   11.10
 170184.522    93.703     0.68   10.15
 170564.122    94.426     1.91    7.55
 170943.830    94.293    -0.35    5.25
 171323.645    94.106    -0.49    5.95
 171703.568    96.985     7.58    8.62
 172083.599   101.659    12.30    9.99
 172463.738   103.993     6.14    8.33
 172843.985   102.444    -4.07    9.10
 173224.341    98.643    -9.99    8.76
 173604.804    98.037    -1.59    8.67
 173985.376   104.545    17.10   14.17
 174366.057   118.977    37.91   17.89
 174746.845   131.706    33.43   15.40
 175127.743   140.254    22.44    9.38
 175508.749   139.511    -1.95   12.33
 175889.864   134.230   -13.86   14.46
 176271.089   123.774   -27.43   13.56
 176652.422   115.067   -22.84   13.38
 177033.864   107.408   -20.08    8.95
 177415.415   104.706    -7.08    8.11
 177797.076   104.293    -1.08   10.19
 178178.846   108.092     9.95   12.32
 178560.726   111.854     9.85   10.11
 178942.715   112.106     0.66    6.92
 179324.814   110.162    -5.09    6.95
 179707.022   109.096    -2.79    8.26
 180089.341   108.623    -1.24    9.60
 180471.769   110.730     5.51    9.18
 180854.308   112.667     5.06    7.39
 181236.957   108.216   -11.63   14.71
 181619.716    96.640   -30.25   22.71
 182002.585    80.364   -42.51   26.09
 182385.565    66.961   -35.00   24.27
 182768.655    54.393   -32.81   25.25
 183151.856    40.473   -36.33   26.73
