# NaN NaN NaN ;Mean Elev.(m), Avg Gradient(m/km), RMS Gradient(m/km) - SRTM1     
#  -12.949   0.540   8.541 ;Mean Elev.(m), Avg Gradient(m/km), RMS Gradient(m/km) - ASTER GDEM
#    6.446   0.858  14.365 ;Mean Elev.(m), Avg Gradient(m/km), RMS Gradient(m/km) - GMTED2010 
  6     7.205 52437.20840829 43.29 102.143077  71.861892 29.722
  6     7.039 52437.20840894 31.24 102.137797  71.858972 29.722
  6     7.067 52437.20840958 31.75 102.132507  71.856062 29.722
  6     7.160 52437.20841023 44.65 102.127227  71.853142 29.722
  7     1.828 52472.20840919 30.02 102.144686  71.863435 11.074
  7     1.498 52472.20840984 29.91 102.139406  71.860525 11.074
  7     1.420 52472.20841048 31.93 102.134116  71.857605 11.074
  7     1.324 52472.20841112 33.02 102.128836  71.854695 11.074
  8   -10.646 52507.20838304 24.97 102.153390  71.869242 13.501
  8   -11.586 52507.20838369 26.37 102.148110  71.866322 13.501
  8   -11.732 52507.20838433 27.41 102.142820  71.863412 13.501
  8   -12.008 52507.20838498 24.96 102.137540  71.860492 13.501
  8    -7.448 52507.20838562 23.07 102.132260  71.857582 13.501
  8    -6.711 52507.20838627 29.69 102.126980  71.854662 13.501
  9    -0.122 52542.20836911 50.92 102.149497  71.848103 18.889
  9    -0.101 52542.20836976 50.45 102.144217  71.845183 18.889
  9    -0.091 52542.20837040 51.91 102.138937  71.842273 18.889
  9    -0.410 52542.20837104 46.82 102.133657  71.839353 18.889
 10     4.081 52577.20841708 24.21 102.146390  71.861072  4.802
 10     5.472 52577.20841772 23.03 102.141103  71.858158  3.722
 10     6.093 52577.20841837 22.39 102.135823  71.855248  3.722
 10     6.598 52577.20841901 21.67 102.130543  71.852328  3.722
 11    19.297 52612.20837877 20.12 102.153052  71.871389  3.575
 11     8.670 52612.20837941 20.73 102.147771  71.868476  3.451
 11     7.423 52612.20838006 19.67 102.142481  71.865566  3.451
 11     5.542 52612.20838070 19.93 102.137201  71.862646  3.451
 11     6.202 52612.20838135 19.37 102.131921  71.859726  3.451
 11     6.689 52612.20838199 18.82 102.126641  71.856816  3.451
 12    14.440 52647.20836656 15.02 102.144536  71.854981  2.459
 12    13.167 52647.20836721 15.12 102.139256  71.852061  2.459
 12    17.029 52647.20836785 15.22 102.133976  71.849151  2.459
 12     8.823 52647.20836850 14.77 102.128696  71.846231  2.459
 13    14.682 52682.20833595 13.40 102.146641  71.861596  2.570
 13    11.672 52682.20833660 13.18 102.141362  71.858674  2.220
 13     6.357 52682.20833724 13.22 102.136082  71.855764  2.220
 13     9.269 52682.20833788 13.10 102.130802  71.852844  2.220
 14    13.451 52717.20839591 12.26 102.143316  71.856179  3.014
 14     7.847 52717.20839655 11.50 102.138036  71.853259  3.014
 14    10.435 52717.20839720 10.82 102.132756  71.850349  3.014
 15    10.377 52752.20841705 11.88 102.152647  71.878623  2.392
 15    10.331 52752.20841769 12.05 102.147347  71.875703  2.392
 15     9.745 52752.20841834 12.07 102.142067  71.872793  2.392
 15    10.029 52752.20841898 11.75 102.136777  71.869873  2.392
 15     8.895 52752.20841963 11.21 102.131487  71.866963  2.392
 15     7.817 52752.20842027 11.16 102.126207  71.864043  2.392
 16     0.559 52787.20836650 19.31 102.153191  71.851346  6.648
 16     0.530 52787.20836714 20.31 102.147911  71.848436  6.648
 16     0.614 52787.20836779 20.42 102.142631  71.845516  6.648
 16     6.391 52787.20836843 19.35 102.137351  71.842606  6.648
 17     2.293 52822.20843890 29.67 102.150225  71.853360 14.365
 17     2.186 52822.20843954 24.95 102.144945  71.850440 14.365
 17     6.043 52822.20844019 21.54 102.139665  71.847530 14.365
 17     7.733 52822.20844083 19.50 102.134385  71.844610 14.365
 18     6.169 52857.20848608 18.69 102.147158  71.853305 10.434
 18     6.161 52857.20848672 16.36 102.141878  71.850385 10.434
 18     6.886 52857.20848737 16.18 102.136598  71.847475 10.434
 18     8.682 52857.20848801 16.25 102.131328  71.844555 10.434
 19     1.431 52892.20851704 28.02 102.143871  71.860996 23.896
 19     1.345 52892.20851768 23.81 102.138591  71.858076 23.896
 19     6.749 52892.20851833 20.25 102.133311  71.855166 23.896
 19     6.828 52892.20851897 24.76 102.128031  71.852246 23.896
 20     0.791 52927.20846613 39.69 102.150359  71.876204 14.729
 20     0.767 52927.20846677 38.79 102.145069  71.873294 14.729
 20     0.836 52927.20846742 39.51 102.139789  71.870374 14.729
 20     0.799 52927.20846806 40.09 102.134499  71.867464 14.729
 20     0.834 52927.20846871 37.68 102.129219  71.864544 14.729
 20     0.653 52927.20846935 37.20 102.123939  71.861634 14.729
 21     3.779 52962.20844038 23.61 102.152734  71.849946  3.784
 21     4.486 52962.20844103 23.35 102.147454  71.847026  3.784
 21     5.962 52962.20844167 22.93 102.142174  71.844106  3.784
 21     6.440 52962.20844231 22.80 102.136904  71.841196  3.784
 22    13.064 52997.20848076 17.69 102.145338  71.860801  2.859
 22    13.271 52997.20848140 17.35 102.140058  71.857881  2.859
 22    12.353 52997.20848205 16.92 102.134778  71.854971  2.859
 22     8.556 52997.20848269 17.31 102.129498  71.852051  2.859
 23    10.588 53032.20843636 16.68 102.152056  71.875495  2.848
 23    10.027 53032.20843700 16.52 102.146776  71.872585  2.848
 23     8.987 53032.20843765 16.58 102.141486  71.869665  2.848
 23     9.168 53032.20843829 15.72 102.136206  71.866755  2.848
 23     7.136 53032.20843894 15.96 102.130916  71.863835  2.848
 23     6.304 53032.20843958 15.72 102.125636  71.860925  2.848
 24    15.048 53067.20845014 15.31 102.148011  71.856907  2.746
 24    12.326 53067.20845079 15.23 102.142721  71.853987  2.746
 24     6.197 53067.20845143 15.07 102.137441  71.851077  2.746
 24     8.560 53067.20845208 15.51 102.132161  71.848157  2.746
 25    10.743 53102.20844020 13.82 102.153528  71.878714  2.507
 25    10.508 53102.20844084 13.93 102.148238  71.875794  2.507
 25     9.193 53102.20844149 14.07 102.142948  71.872884  2.507
 25     8.453 53102.20844213 13.97 102.137658  71.869964  2.507
 25     8.139 53102.20844278 13.37 102.132378  71.867054  2.507
 25     6.121 53102.20844342 13.48 102.127098  71.864134  2.507
 26     5.715 53137.20845359 13.34 102.144981  71.852560  2.780
 26     6.096 53137.20845424 13.35 102.139701  71.849640  2.780
 26     6.605 53137.20845488 12.96 102.134421  71.846730  2.780
 27     3.952 53172.20850062 26.71 102.143089  71.856686 23.471
 27     8.114 53172.20850126 28.01 102.137809  71.853766 23.471
 27     8.997 53172.20850191 30.20 102.132519  71.850856 23.471
 28     2.256 53207.20851426 26.57 102.143568  71.861538 30.233
 28     2.637 53207.20851490 22.03 102.138278  71.858618 30.233
 28     6.835 53207.20851555 20.87 102.132998  71.855708 30.233
 28     7.008 53207.20851619 22.33 102.127718  71.852788 30.233
 29    12.305 53242.20847997 17.80 102.157153  71.870861 20.792
 29     2.721 53242.20848062 19.04 102.151866  71.867947 27.675
 29     0.778 53242.20848126 24.49 102.146576  71.865037 27.675
 29     0.804 53242.20848191 25.04 102.141296  71.862117 27.675
 29     1.293 53242.20848255 21.50 102.136016  71.859207 27.675
 29     0.741 53242.20848320 27.28 102.130736  71.856287 27.675
 30     5.920 53277.20845682 23.47 102.149820  71.848819 16.218
 30     6.205 53277.20845746 24.25 102.144540  71.845899 16.218
 30     6.270 53277.20845811 29.38 102.139260  71.842989 16.218
 30     0.409 53277.20845875 42.83 102.133980  71.840069 16.218
 31     0.159 53312.20849093 24.45 102.145969  71.859849  4.337
 31     5.274 53312.20849158 22.91 102.140679  71.856929  4.337
 31     6.312 53312.20849222 22.03 102.135399  71.854019  4.337
 31     6.583 53312.20849287 21.81 102.130119  71.851099  4.337
 32     6.783 53347.20845628 17.77 102.145220  71.862743  3.201
 32     5.692 53347.20845693 18.08 102.139937  71.859824  2.793
 32     5.927 53347.20845757 17.14 102.134657  71.856914  2.793
 32     6.640 53347.20845822 17.27 102.129377  71.853994  2.793
 33    13.100 53382.20842101 15.52 102.151379  71.850608  3.119
 33    11.528 53382.20842166 15.49 102.146099  71.847688  3.119
 33     6.323 53382.20842230 15.29 102.140819  71.844778  3.119
 33     6.816 53382.20842295 15.60 102.135539  71.841858  3.119
 34     6.105 53417.20843607 15.22 102.143754  71.856168  2.370
 34     6.436 53417.20843672 14.89 102.138474  71.853248  2.370
 34     6.745 53417.20843736 14.82 102.133194  71.850338  2.370
 34     6.956 53417.20843801 14.91 102.127924  71.847418  2.370
 35     5.644 53452.20843727 12.97 102.152893  71.847786  2.707
 35     6.008 53452.20843792 13.10 102.147603  71.844876  2.707
 35     6.331 53452.20843856 13.50 102.142333  71.841956  2.707
 35     6.694 53452.20843921 12.88 102.137053  71.839046  2.707
 36     5.895 53487.20852055 12.01 102.143552  71.860812  2.416
 36     6.267 53487.20852119 11.53 102.138262  71.857902  2.416
 36     6.411 53487.20852184 12.02 102.132982  71.854982  2.416
 36     6.679 53487.20852248 11.65 102.127702  71.852062  2.416
 37     2.444 53522.20851183 29.56 102.145490  71.859301 19.283
 37     2.486 53522.20851248 25.90 102.140210  71.856391 19.283
 37     6.410 53522.20851312 21.93 102.134930  71.853471 19.283
 37     2.573 53522.20851377 24.19 102.129650  71.850561 19.283
 38    12.322 53557.20853440 18.70 102.156876  71.872206 24.161
 38     7.487 53557.20853504 19.13 102.151586  71.869286 24.161
 38     7.779 53557.20853568 18.92 102.146300  71.866375 29.900
 38     4.554 53557.20853633 20.20 102.141020  71.863465 29.900
 38     6.148 53557.20853697 20.80 102.135730  71.860545 29.900
 38     6.844 53557.20853762 21.27 102.130450  71.857625 29.900
 39     3.855 53592.20847271 17.16 102.147847  71.865599 15.707
 39     5.144 53592.20847335 17.32 102.142557  71.862679 15.707
 39     6.161 53592.20847400 17.63 102.137277  71.859769 15.707
 39     6.644 53592.20847464 19.03 102.131995  71.856852 28.971
 39     6.747 53592.20847529 28.58 102.126715  71.853932 28.971
 40     1.119 53627.20846523 50.99 102.149743  71.851501 34.368
 40     1.032 53627.20846587 51.78 102.144463  71.848581 34.368
 40     1.044 53627.20846652 51.88 102.139183  71.845671 34.368
 40     1.020 53627.20846716 50.60 102.133903  71.842751 34.368
 41     0.649 53662.20848976 33.49 102.143981  71.857378  9.029
 41     0.625 53662.20849040 32.98 102.138701  71.854468  9.029
 41     0.634 53662.20849105 33.15 102.133411  71.851548  9.029
 41     0.400 53662.20849169 30.40 102.128141  71.848628  9.029
 42     0.307 53697.20845297 25.98 102.155764  71.871587  5.640
 42     0.323 53697.20845362 26.32 102.150484  71.868667  5.640
 42     0.335 53697.20845426 26.71 102.145194  71.865747  5.640
 42     0.316 53697.20845491 27.98 102.139914  71.862837  5.640
 42     0.367 53697.20845555 26.32 102.134635  71.859916  3.674
 42     0.298 53697.20845620 25.49 102.129345  71.857006  3.674
 43     3.278 53732.20837517 20.60 102.153547  71.874317  3.749
 43     2.303 53732.20837582 21.46 102.148267  71.871397  3.749
 43     4.325 53732.20837646 20.79 102.142977  71.868487  3.749
 43     5.287 53732.20837711 20.18 102.137697  71.865567  3.749
 43     5.832 53732.20837775 19.71 102.132417  71.862657  3.749
 43     5.894 53732.20837840 19.71 102.127136  71.859739  2.555
 44     5.726 53767.20835426 17.57 102.146233  71.852472  3.241
 44     6.023 53767.20835491 17.86 102.140953  71.849562  3.241
 44     6.318 53767.20835555 17.14 102.135673  71.846642  3.241
 44     6.668 53767.20835619 16.88 102.130393  71.843722  3.241
 45     9.537 53802.20835067 15.41 102.157700  71.873217  2.637
 45     3.841 53802.20835131 15.06 102.152410  71.870297  2.637
 45     8.473 53802.20835196 15.44 102.147120  71.867387  2.637
 45     5.074 53802.20835260 15.59 102.141838  71.864467  2.435
 45     6.194 53802.20835325 15.49 102.136558  71.861557  2.435
 45     6.344 53802.20835389 14.81 102.131278  71.858637  2.435
 45     6.582 53802.20835454 15.30 102.125998  71.855727  2.435
 46     5.770 53837.20836570 14.04 102.148286  71.849990  2.247
 46     6.053 53837.20836635 13.94 102.143006  71.847080  2.247
 46     6.419 53837.20836699 13.80 102.137726  71.844160  2.247
 46     6.812 53837.20836764 13.87 102.132446  71.841250  2.247
 47     5.829 53872.20841798 10.67 102.142861  71.855653  2.368
 47     6.487 53872.20841862 10.51 102.137581  71.852743  2.368
 47     6.779 53872.20841927 10.26 102.132301  71.849823  2.368
 48     6.856 53907.20845732 46.02 102.147147  71.860248 35.245
 48     6.826 53907.20845797 48.86 102.141867  71.857328 35.245
 48     6.790 53907.20845861 43.49 102.136587  71.854418 35.245
 48     6.919 53907.20845926 35.45 102.131307  71.851498 35.245
 49     6.751 53942.20848253 17.26 102.153501  71.870276 15.633
 49     1.031 53942.20848318 19.59 102.148211  71.867366 15.633
 49     1.045 53942.20848382 22.91 102.142931  71.864446 15.633
 49     1.608 53942.20848446 19.54 102.137641  71.861536 15.633
 49     6.593 53942.20848511 16.62 102.132361  71.858616 15.633
 49     6.855 53942.20848575 23.56 102.127081  71.855706 15.633
 50    15.534 53977.20843535 14.19 102.154350  71.875582 15.657
 50    12.066 53977.20843599 15.23 102.149060  71.872662 15.657
 50     8.143 53977.20843664 16.92 102.143770  71.869752 15.657
 50     7.895 53977.20843728 19.38 102.138480  71.866832 15.657
 50     8.429 53977.20843793 16.70 102.133200  71.863922 15.657
 50     8.834 53977.20843857 16.21 102.127920  71.861002 15.657
 51    19.610 54012.20844503 20.30 102.154434  71.850430 16.233
 51     6.092 54012.20844568 21.39 102.149156  71.847516 10.161
 51     6.319 54012.20844632 24.15 102.143876  71.844596 10.161
 51     6.618 54012.20844697 25.11 102.138596  71.841686 10.161
 52     0.035 54047.20845617 28.11 102.146561  71.854870  9.859
 52     0.200 54047.20845681 27.85 102.141281  71.851960  9.859
 52     0.152 54047.20845746 28.01 102.136001  71.849040  9.859
 52     6.402 54047.20845810 26.99 102.130721  71.846130  9.859
 54    10.326 54117.20837659 15.86 102.152444  71.877898  2.800
 54     9.673 54117.20837724 15.40 102.147154  71.874988  2.800
 54     9.795 54117.20837788 15.04 102.141874  71.872068  2.800
 54     8.559 54117.20837853 14.45 102.136584  71.869158  2.800
 54     8.145 54117.20837917 14.28 102.131304  71.866238  2.800
 54     6.082 54117.20837981 14.76 102.126024  71.863328  2.800
 55     5.733 54152.20839994 15.22 102.146414  71.860924  2.733
 55     5.912 54152.20840059 14.37 102.141134  71.858004  2.733
 55     6.223 54152.20840123 14.57 102.135854  71.855094  2.733
 55    10.232 54152.20840188 14.18 102.130574  71.852174  2.733
 56    10.157 54187.20837035 12.75 102.152061  71.875251  2.481
 56     9.452 54187.20837100 12.93 102.146771  71.872331  2.481
 56     9.696 54187.20837164 12.15 102.141481  71.869421  2.481
 56     7.390 54187.20837229 12.61 102.136201  71.866501  2.481
 56     6.670 54187.20837293 12.21 102.130921  71.863581  2.481
 56     7.761 54187.20837358 11.95 102.125641  71.860671  2.481
 57    11.458 54222.20841060  9.55 102.144634  71.855674  2.559
 57     8.655 54222.20841124  9.35 102.139354  71.852764  2.559
 57     8.644 54222.20841188  9.44 102.134074  71.849844  2.559
 57     8.321 54222.20841253  9.69 102.128794  71.846934  2.559
 58     8.237 54257.20843193 30.53 102.146658  71.861315 18.344
 58     8.194 54257.20843257 29.10 102.141378  71.858405 18.344
 58     8.402 54257.20843322 28.68 102.136098  71.855485 18.344
 58     8.829 54257.20843386 34.61 102.130818  71.852575 18.344
 59     5.900 54292.20843464 15.51 102.145496  71.859227 10.006
 59     6.556 54292.20843529 15.80 102.140216  71.856307 10.006
 59     6.766 54292.20843593 18.48 102.134936  71.853397 10.006
 59     7.000 54292.20843658 18.59 102.129656  71.850477 10.006
 60     2.893 54327.20843092 24.58 102.141946  71.860480 11.485
 60     2.477 54327.20843157 23.95 102.136666  71.857560 11.485
 60     8.055 54327.20843221 20.90 102.131386  71.854650 11.485
 61    15.875 54362.20837778 14.75 102.151642  71.876500 21.126
 61    11.432 54362.20837843 17.95 102.146352  71.873590 21.126
 61     8.432 54362.20837907 18.45 102.141062  71.870670 21.126
 61     8.595 54362.20837972 20.26 102.135782  71.867760 21.126
 61     1.941 54362.20838036 22.55 102.130492  71.864840 21.126
 61     8.682 54362.20838101 18.96 102.125212  71.861920 21.126
 62     0.356 54397.20837134 37.81 102.145377  71.856653  8.236
 62     0.243 54397.20837199 39.42 102.140097  71.853743  8.236
 62     0.368 54397.20837263 38.44 102.134815  71.850822  6.519
 62     0.109 54397.20837328 37.66 102.129535  71.847912  6.519
 63     0.945 54432.20832829 21.83 102.153429  71.872444  3.276
 63     7.882 54432.20832894 20.15 102.148149  71.869524  3.276
 63     4.550 54432.20832958 20.08 102.142859  71.866614  3.276
 63     5.245 54432.20833022 19.82 102.137579  71.863694  3.276
 63     5.462 54432.20833087 19.85 102.132299  71.860784  3.276
 63     5.831 54432.20833151 19.80 102.127019  71.857864  3.276
 64    13.166 54467.20835350 17.48 102.144956  71.852585  2.759
 64     5.008 54467.20835415 17.74 102.139674  71.849666  2.478
 64    10.374 54467.20835479 17.30 102.134394  71.846756  2.478
 65     2.175 54502.20834345 16.79 102.152975  71.869897  2.695
 65     4.284 54502.20834409 16.30 102.147695  71.866977  2.695
 65     4.862 54502.20834474 16.88 102.142415  71.864060  2.396
 65     5.135 54502.20834538 16.36 102.137125  71.861150  2.396
 65     5.762 54502.20834603 16.12 102.131845  71.858230  2.396
 65     9.767 54502.20834667 15.38 102.126565  71.855320  2.396
 66     5.177 54537.20836787 14.53 102.143469  71.859157  2.633
 66     5.781 54537.20836852 14.21 102.138179  71.856237  2.633
 66     6.268 54537.20836916 14.03 102.132899  71.853327  2.633
 66     9.324 54537.20836981 13.84 102.127629  71.850407  2.633
 67    13.180 54572.20834418 11.74 102.155010  71.874535  2.183
 67     9.136 54572.20834482 12.27 102.149720  71.871615  2.183
 67     4.577 54572.20834547 12.63 102.144437  71.868697  2.193
 67    13.915 54572.20834611 12.34 102.139157  71.865787  2.193
 67     5.528 54572.20834676 11.95 102.133867  71.862867  2.193
 67     6.004 54572.20834740 11.75 102.128587  71.859957  2.193
 68     1.025 54607.20836127 32.77 102.144691  71.858980 26.407
 68     0.859 54607.20836191 29.05 102.139411  71.856060 26.407
 68     1.099 54607.20836256 28.62 102.134131  71.853150 26.407
 68     1.144 54607.20836320 36.33 102.128851  71.850230 26.407
 69     7.494 54642.20836960 16.75 102.144936  71.862800 18.402
 69     6.416 54642.20837024 17.77 102.139656  71.859890 18.402
 69     6.708 54642.20837089 18.58 102.134376  71.856970 18.402
 69     7.013 54642.20837153 23.86 102.129096  71.854060 18.402
 70     2.272 54677.20837167 41.53 102.145920  71.861459 23.392
 70     2.261 54677.20837232 42.73 102.140640  71.858549 23.392
 70     2.166 54677.20837296 41.78 102.135360  71.855629 23.392
 70     2.169 54677.20837361 29.58 102.130080  71.852709 23.392
 71    13.241 54712.20832354 16.16 102.152850  71.874023 20.856
 71     1.976 54712.20832419 19.64 102.147560  71.871103 20.856
 71     2.043 54712.20832483 22.06 102.142280  71.868193 20.856
 71     2.551 54712.20832548 22.00 102.136993  71.865270 22.915
 71     1.911 54712.20832612 23.06 102.131713  71.862360 22.915
 71     6.685 54712.20832677 19.17 102.126423  71.859440 22.915
 72     5.364 54747.20834102 29.36 102.144522  71.857058 15.214
 72     6.270 54747.20834166 26.82 102.139232  71.854138 15.214
 72     6.486 54747.20834231 27.93 102.133952  71.851228 15.214
 72     0.937 54747.20834295 38.49 102.128672  71.848308 15.214
 73     7.101 54782.20831177 17.25 102.145884  71.863443  3.451
 73     5.205 54782.20831242 17.77 102.140604  71.860533  3.451
 73    13.278 54782.20831306 16.33 102.135324  71.857613  3.451
 73     6.272 54782.20831371 16.21 102.130044  71.854703  3.451
 74    14.819 54817.20833395 12.67 102.145310  71.856097  2.742
 74    12.485 54817.20833460 12.93 102.140030  71.853177  2.742
 74     6.227 54817.20833524 13.49 102.134750  71.850267  2.742
 74     8.916 54817.20833589 13.20 102.129470  71.847347  2.742
 75    13.458 54852.20830805 11.00 102.153621  71.869313  2.436
 75    15.089 54852.20830869 11.58 102.148341  71.866403  2.436
 75    11.547 54852.20830934 11.12 102.143051  71.863483  2.436
 75    12.441 54852.20830998 11.00 102.137771  71.860563  2.436
 75    10.143 54852.20831063 11.28 102.132491  71.857653  2.436
 75    10.456 54852.20831127 11.29 102.127211  71.854733  2.436
 76    14.325 54887.20833799 10.47 102.143495  71.858771  2.428
 76    12.566 54887.20833863 10.80 102.138215  71.855851  2.428
 76    10.682 54887.20833928 10.80 102.132935  71.852941  2.428
 76     9.143 54887.20833992 10.66 102.127655  71.850021  2.428
 77    10.354 54922.20830741 11.84 102.150494  71.877384  2.204
 77    10.131 54922.20830806 11.66 102.145204  71.874474  2.204
 77     9.144 54922.20830870 11.68 102.139915  71.871555  2.180
 77     8.939 54922.20830935 11.54 102.134635  71.868645  2.180
 77     8.498 54922.20830999 11.83 102.129355  71.865725  2.180
 77     8.852 54922.20831064 11.67 102.124065  71.862815  2.180
 78     8.130 54957.20833439  9.01 102.145981  71.856626  2.752
 78     9.506 54957.20833503  9.16 102.140701  71.853706  2.752
 78     8.549 54957.20833568  9.09 102.135411  71.850796  2.752
 78     9.011 54957.20833632  8.86 102.130141  71.847876  2.752
 79     8.373 54992.20835683 22.99 102.143203  71.860432 17.685
 79     8.335 54992.20835748 23.57 102.137913  71.857512 17.685
 79     8.399 54992.20835812 28.06 102.132633  71.854602 17.685
 79     8.815 54992.20835876 34.48 102.127353  71.851682 17.685
 80     1.967 55027.20834683 25.14 102.146052  71.863785 20.918
 80     2.100 55027.20834748 22.02 102.140762  71.860875 20.918
 80     6.367 55027.20834812 19.89 102.135482  71.857955 20.918
 80     6.870 55027.20834876 21.60 102.130202  71.855045 20.918
 81     1.358 55062.20834012 21.54 102.143903  71.860659 26.896
 81     5.938 55062.20834076 19.34 102.138623  71.857749 26.896
 81     6.778 55062.20834141 19.18 102.133343  71.854829 26.896
 81     6.812 55062.20834205 25.30 102.128063  71.851919 26.896
 82    16.923 55097.20828545 13.04 102.150183  71.877052 24.012
 82    15.192 55097.20828610 13.62 102.144893  71.874132 24.012
 82     9.202 55097.20828674 15.52 102.139613  71.871222 24.012
 82     8.730 55097.20828739 17.96 102.134332  71.868300 20.038
 82     8.641 55097.20828803 18.24 102.129042  71.865390 20.038
 82     6.442 55097.20828867 20.69 102.123762  71.862470 20.038
 84     9.363 55167.20824863 18.74 102.156355  71.870678  2.860
 84     3.895 55167.20824927 18.94 102.151069  71.867765  2.982
 84     4.947 55167.20824992 18.47 102.145779  71.864845  2.982
 84     5.685 55167.20825056 18.17 102.140499  71.861935  2.982
 84     5.946 55167.20825121 18.27 102.135219  71.859015  2.982
 84     6.619 55167.20825185 17.39 102.129939  71.856105  2.982
 85     5.929 55202.20827633 15.80 102.143766  71.856784  2.638
 85     6.204 55202.20827698 15.90 102.138476  71.853874  2.638
 85     6.608 55202.20827762 15.40 102.133196  71.850954  2.638
 85     6.782 55202.20827827 15.72 102.127926  71.848034  2.638
 86     3.576 55237.20825530 13.94 102.154734  71.873622  2.316
 86     4.126 55237.20825595 13.90 102.149445  71.870710  2.571
 86     4.687 55237.20825659 14.18 102.144165  71.867790  2.571
 86     5.298 55237.20825724 13.82 102.138875  71.864880  2.571
 86     6.157 55237.20825788 13.65 102.133595  71.861960  2.571
 86     6.528 55237.20825853 13.44 102.128315  71.859050  2.571
 87     4.872 55272.20826970 13.33 102.145728  71.861753  2.505
 87     5.974 55272.20827035 13.27 102.140448  71.858833  2.505
 87     6.282 55272.20827099 12.79 102.135158  71.855923  2.505
 87     6.751 55272.20827164 12.92 102.129878  71.853003  2.505
 88     3.507 55307.20823675 13.24 102.154882  71.876467  2.356
 88     4.288 55307.20823740 12.67 102.149592  71.873557  2.356
 88     4.492 55307.20823804 12.75 102.144300  71.870638  2.328
 88     4.982 55307.20823869 12.98 102.139020  71.867728  2.328
 88     5.612 55307.20823933 12.84 102.133740  71.864808  2.328
 88     5.893 55307.20823997 12.96 102.128450  71.861898  2.328
 89     2.211 55342.20823974 37.06 102.145489  71.859594 28.998
 89     2.160 55342.20824039 30.56 102.140209  71.856684 28.998
 89     7.436 55342.20824103 27.20 102.134929  71.853764 28.998
 89     2.574 55342.20824168 39.17 102.129649  71.850854 28.998
 90    12.804 55377.20823143 18.41 102.155186  71.870084 22.599
 90     1.741 55377.20823208 24.85 102.149896  71.867174 22.599
 90     2.123 55377.20823272 25.72 102.144616  71.864254 22.599
 90     2.076 55377.20823337 24.84 102.139326  71.861344 22.599
 90     6.363 55377.20823401 20.91 102.134046  71.858424 22.599
 90     6.996 55377.20823466 22.14 102.128766  71.855514 22.599
 91     5.976 55412.20825752 17.70 102.145685  71.856383 10.599
 91     6.541 55412.20825817 18.19 102.140405  71.853463 10.599
 91     6.746 55412.20825881 17.88 102.135115  71.850553 10.599
 91     7.851 55412.20825946 16.82 102.129845  71.847633 10.599
 92     1.642 55447.20824756 29.57 102.144722  71.862490 30.826
 92     1.465 55447.20824821 24.41 102.139442  71.859570 30.826
 92     6.550 55447.20824885 22.00 102.134162  71.856660 30.826
 92     6.592 55447.20824950 28.73 102.128882  71.853740 30.826
 93     9.947 55482.20817522 24.69 102.152673  71.878658  6.403
 93     0.717 55482.20817587 26.97 102.147383  71.875748  6.403
 93     0.511 55482.20817651 27.26 102.142093  71.872828  6.403
 93     4.426 55482.20817716 25.58 102.136813  71.869918  6.403
 93     4.137 55482.20817780 28.10 102.131526  71.867004  4.283
 93     5.535 55482.20817845 26.78 102.126246  71.864084  4.283
