# NaN NaN NaN ;Mean Elev.(m), Avg Gradient(m/km), RMS Gradient(m/km) - SRTM1     
#  -17.639  -0.036   7.714 ;Mean Elev.(m), Avg Gradient(m/km), RMS Gradient(m/km) - ASTER GDEM
#    2.685  -1.173   6.406 ;Mean Elev.(m), Avg Gradient(m/km), RMS Gradient(m/km) - GMTED2010 
  7 102.974964  72.218319    26.633    27.320  3 52456.55351210  4.935
 10 102.966549  72.217322     0.103     0.103  2 52561.55351335 22.313
 12 102.963102  72.217121    24.080    23.964  3 52631.55346588  9.179
 15 102.978705  72.222402     1.385     1.326  3 52736.55349890  9.269
 16 102.982992  72.225507     7.127     7.127  2 52771.55347330 11.633
 17 102.959179  72.215527     8.297     8.329  3 52806.55352199 25.181
 18 102.963889  72.216866     2.135     1.930  3 52841.55358156 28.438
 19 102.966043  72.218404     2.641     2.925  3 52876.55362049 23.847
 20 102.985440  72.224516     5.279     5.279  2 52911.55358278 15.399
 21 102.958903  72.216312    -0.017    -0.002  3 52946.55353495 26.473
 23 102.979880  72.221599     9.822     4.020  3 53016.55357166 12.620
 24 102.965425  72.215897    26.287    26.209  3 53051.55354885  5.660
 25 102.974863  72.221154    26.272    27.093  3 53086.55358604  3.833
 26 102.964356  72.216745    28.939    28.413  3 53121.55355577  3.295
 28 102.976934  72.220450     3.642     3.598  3 53191.55360301 34.553
 30 102.982915  72.222572     0.786     0.786  2 53261.55358056 34.495
 31 102.958650  72.216799     0.635     0.596  3 53296.55361400 27.092
 32 102.973244  72.219753    12.701    12.701  2 53331.55358634 15.800
 34 102.968254  72.217477    24.389    25.917  3 53401.55355979  6.765
 35 102.982033  72.223052    26.336    26.336  2 53436.55354976  3.830
 36 102.962059  72.217430    25.609    26.617  3 53471.55359996  3.338
 37 102.972922  72.218409    35.836    35.836  2 53506.55363293  2.628
 38 102.972445  72.219150     5.001     5.001  2 53541.55363801 17.859
 39 102.979165  72.221379     1.208     1.208  2 53576.55362748 23.483
 40 102.983785  72.223553     3.586     3.586  2 53611.55357952 20.082
 41 102.962394  72.217234     1.167     1.166  3 53646.55358333 23.889
 43 102.982790  72.224288     2.455     3.360  3 53716.55352767 17.704
 44 102.962451  72.217655    11.610    11.610  2 53751.55344559 15.081
 45 102.978428  72.221890    11.403    11.403  2 53786.55347607 10.358
 46 102.986443  72.229246    14.468    14.468  2 53821.55343303  8.361
 47 102.965717  72.216350    30.226    29.500  3 53856.55352041  2.507
 48 102.974262  72.219039     3.033     2.737  3 53891.55353286 27.803
 49 102.964107  72.216997     2.516     2.516  2 53926.55359462 21.506
 51 102.953326  72.214045     1.247     1.247  2 53996.55352150 20.309
 52 102.967267  72.217321     0.224     0.224  2 54031.55357459 27.667
 53 102.979261  72.220423     9.358     0.972  3 54066.55356855 13.308
 54 102.982034  72.223915    20.164    20.164  2 54101.55353087  9.093
 55 102.964236  72.217315    27.314    27.314  2 54136.55349579  3.909
 56 102.980219  72.222183    23.851    26.007  3 54171.55350711  5.938
 57 102.962470  72.216722    36.077    36.477  3 54206.55350085  1.114
 58 102.973794  72.219141    34.167    34.487  3 54241.55353397  3.820
 59 102.972805  72.219525     5.425     5.425  2 54276.55354875 18.308
 61 102.982452  72.224494     5.742     5.742  2 54346.55352380 15.784
 62 102.966948  72.217224     0.566     0.566  2 54381.55348624 43.978
 64 102.963484  72.215658    13.792    13.792  2 54451.55345491 12.604
 65 102.979279  72.217733    26.803    26.803  2 54486.55346820  4.439
 66 102.968612  72.217829    25.682    25.682  2 54521.55346842  2.794
 67 102.979922  72.222636    27.042    27.042  2 54556.55347961  1.890
 68 102.971241  72.217968    35.111    35.412  3 54591.55346451  2.383
 69 102.975609  72.220151     6.641     6.641  2 54626.55348053 22.550
 70 102.971384  72.218195     9.583     5.330  3 54661.55348820 20.345
 71 102.981800  72.221880     4.022     4.112  3 54696.55346507 19.116
 72 102.964452  72.217845     1.360     1.212  3 54731.55344436 26.026
 73 102.974221  72.219703     0.394     0.316  3 54766.55344369 24.565
 75 102.975699  72.219138    29.164    28.943  3 54836.55343580  3.396
 76 102.964566  72.217105    27.665    27.883  3 54871.55343628  3.503
 77 102.981221  72.223229    26.712    26.712  2 54906.55344426  3.095
 78 102.965570  72.217390    33.118    33.870  3 54941.55342897  1.855
 79 102.970265  72.219724    34.108    34.049  3 54976.55345756  1.550
 80 102.976102  72.219886     4.488     4.442  3 55011.55346656 17.795
 81 102.971202  72.219632     1.359     1.686  3 55046.55345839 24.101
 82 102.983162  72.223673     4.900     4.929  3 55081.55343156 17.771
 83 102.965122  72.218715     0.688     0.781  3 55116.55339027 45.441
 84 102.975100  72.219879     1.803     1.043  3 55151.55338857 20.750
 85 102.965746  72.215905    13.302    13.302  2 55186.55337594 14.935
 86 102.975281  72.220799    23.714    23.714  2 55221.55338713  4.568
 87 102.968968  72.218204    26.269    26.269  2 55256.55337219  2.423
 88 102.982093  72.223218    16.313    18.183  3 55291.55337598  7.190
 89 102.971018  72.219027     0.033     0.024  3 55326.55335717 38.981
 90 102.977080  72.221047     5.794     5.794  2 55361.55335378 20.114
 91 102.965345  72.217828     2.060     1.966  3 55396.55336035 19.701
 92 102.973407  72.219960     2.513     2.513  2 55431.55336892 30.098
 93 102.984483  72.225693     1.352     1.377  3 55466.55332972 38.946
