-100316.333   188.610     0.00   44.52
 -99943.554   164.648   -64.28   41.49
 -99570.681   145.620   -51.03   28.29
 -99197.713   138.586   -18.86   25.17
 -98824.651   144.331    15.40   32.02
 -98451.494   165.736    57.36   44.99
 -98078.242   194.570    77.25   53.01
 -97704.896   230.898    97.30   50.31
 -97331.455   264.620    90.30   31.38
 -96957.918   276.757    32.49   15.46
 -96584.287   265.503   -30.12   32.45
 -96210.561   246.748   -50.18   39.77
 -95836.739   229.527   -46.06   37.42
 -95462.822   222.222   -19.54   35.57
 -95088.810   222.971     2.00   42.03
 -94714.703   225.951     7.97   49.41
 -94340.500   225.259    -1.85   51.09
 -93966.202   203.021   -59.41   57.28
 -93591.808   176.547   -70.71   57.05
 -93217.318   145.644   -82.52   36.30
 -92842.733   144.085    -4.16   32.52
 -92468.052   166.960    61.05   51.37
 -92093.275   209.652   113.91   58.43
 -91718.401   247.417   100.74   43.74
 -91343.432   277.757    80.91   35.63
 -90968.367   304.197    70.49   31.84
 -90593.206   324.595    54.37   25.53
 -90217.948   340.019    41.10   15.92
 -89842.594   345.443    14.45   15.39
 -89467.144   331.483   -37.18   37.06
 -89091.597   287.043  -118.33   78.86
 -88715.954   220.144  -178.08  103.74
 -88340.214   143.287  -204.54   95.33
 -87964.377    89.131  -144.09   51.07
 -87588.444    79.951   -24.42   29.25
 -87212.414   100.575    54.84   41.77
 -86836.287   134.391    89.90   43.12
 -86460.062   162.673    75.17   39.68
 -86083.741   186.510    63.34   38.42
 -85707.323   212.096    67.97   38.46
 -85330.807   234.595    59.75   34.54
 -84954.194   255.592    55.75   28.33
 -84577.484   265.284    25.73   23.39
 -84200.677   266.003     1.91   26.70
 -83823.771   265.278    -1.92   26.85
 -83446.769   270.235    13.15   27.01
 -83069.668   277.773    19.99   23.72
 -82692.470   284.553    17.97   16.54
 -82315.174   283.290    -3.35   16.98
 -81937.780   271.033   -32.48   24.60
 -81560.288   256.037   -39.72   25.96
 -81182.698   252.615    -9.06   26.65
 -80805.010   260.748    21.54   31.14
 -80427.224   276.682    42.17   30.06
 -80049.339   283.762    18.73   23.62
 -79671.357   277.421   -16.77   23.71
 -79293.275   259.322   -47.87   28.68
 -78915.095   233.832   -67.40   27.91
 -78536.817   224.400   -24.93   20.25
 -78158.440   226.557     5.70   20.90
 -77779.964   238.825    32.41   24.51
 -77401.390   252.650    36.52   18.25
 -77022.716   264.874    32.28   15.81
 -76643.944   274.480    25.36   18.25
 -76265.073   287.824    35.22   20.06
 -75886.102   298.476    28.11   15.24
 -75507.032   302.613    10.91    9.13
 -75127.863   296.900   -15.07   11.74
 -74748.595   286.695   -26.91   13.13
 -74369.227   277.045   -25.44   11.09
 -73989.760   271.287   -15.17    8.64
 -73610.193   266.231   -13.32    6.18
 -73230.526   262.329   -10.28    7.19
 -72850.760   258.004   -11.39    8.23
 -72470.894   254.223    -9.95    8.19
 -72090.928   251.535    -7.08    8.85
 -71710.862   250.850    -1.80   10.53
 -71330.696   248.952    -4.99   11.04
 -70950.430   246.637    -6.09   11.53
 -70570.064   241.959   -12.30   13.01
 -70189.597   235.654   -16.57   12.66
 -69809.030   230.100   -14.59    9.62
 -69428.363   225.187   -12.91    7.42
 -69047.595   219.091   -16.01    7.40
 -68666.726   212.943   -16.14    7.83
 -68285.757   206.750   -16.26    8.95
 -67904.687   199.425   -19.22   12.22
 -67523.516   193.654   -15.14   12.25
 -67142.244   190.001    -9.58   13.11
 -66760.872   190.814     2.13   15.60
 -66379.398   195.700    12.81   19.88
 -65997.823   203.727    21.04   21.78
 -65616.147   214.925    29.34   18.36
 -65234.369   221.925    18.33   10.83
 -64852.490   220.603    -3.46    8.09
 -64470.510   217.013    -9.40    7.21
 -64088.428   211.637   -14.07    7.80
 -63706.245   205.715   -15.49    8.13
 -63323.959   198.531   -18.79    8.15
 -62941.572   193.884   -12.15    8.19
 -62559.083   189.934   -10.33    7.24
 -62191.934   189.901    -0.09    8.15
 -61828.403   191.233     3.67    9.11
 -61464.782   192.791     4.28    9.24
 -61101.072   192.609    -0.50    7.85
 -60737.273   188.603   -11.01    9.74
 -60373.384   178.346   -28.19   15.28
 -60009.405   167.950   -28.56   15.97
 -59645.337   163.125   -13.25   14.38
 -59281.178   167.188    11.16   16.09
 -58916.930   176.818    26.44   16.82
 -58552.592   188.399    31.79   11.10
 -58188.164   194.116    15.69    8.75
 -57823.645   196.714     7.13    6.37
 -57459.037   195.028    -4.62    7.37
 -57094.338   189.884   -14.10    9.44
 -56729.549   185.182   -12.89    8.86
 -56364.670   180.967   -11.55    6.79
 -55999.701   180.273    -1.90    6.33
 -55634.640   179.307    -2.64    5.17
 -55269.490   175.570   -10.24    7.22
 -54904.248   170.099   -14.98    8.26
 -54538.916   164.399   -15.60    6.07
 -54173.494   160.472   -10.75    4.15
 -53807.980   158.468    -5.48    3.43
 -53442.376   157.806    -1.81    3.56
 -53076.680   159.335     4.18    5.54
 -52710.894   159.891     1.52    7.15
 -52345.016   155.849   -11.05   11.26
 -51979.048   147.314   -23.32   17.26
 -51612.988   134.916   -33.87   19.36
 -51246.836   123.925   -30.02   15.32
 -50880.594   116.206   -21.08   10.07
 -50514.260   112.175   -11.00    9.83
 -50147.834   109.967    -6.03   10.91
 -49781.317   108.665    -3.55   11.23
 -49414.708   110.891     6.07   11.77
 -49048.008   116.409    15.05   11.97
 -48681.216   123.790    20.12   11.87
 -48314.332   131.332    20.56   12.63
 -47947.356   138.264    18.89   14.65
 -47580.288   145.662    20.15   17.17
 -47213.128   151.841    16.83   17.36
 -46845.875   158.018    16.82   15.70
 -46478.531   162.635    12.57   11.26
 -46111.094   167.363    12.87    7.90
 -45743.565   171.143    10.28    6.83
 -45375.944   177.484    17.25    8.97
 -45008.230   184.851    20.03   11.12
 -44640.424   194.338    25.79   10.94
 -44272.525   202.529    22.26   10.19
 -43904.533   207.686    14.01    7.50
 -43536.449   204.421    -8.87   12.27
 -43168.271   192.694   -31.85   21.74
 -42800.001   173.538   -52.02   28.89
 -42431.638   143.165   -82.45   39.06
 -42063.182   114.559   -77.64   40.25
 -41694.633    95.048   -52.94   33.73
 -41325.990    98.458     9.25   36.70
 -40957.254   106.442    21.65   38.52
 -40588.425   118.615    33.00   30.17
 -40219.503   122.267     9.90   14.58
 -39850.487   114.360   -21.43   17.06
 -39481.378   102.032   -33.40   17.48
 -39112.175    90.800   -30.42   15.66
 -38742.878    81.951   -23.96   12.03
 -38373.488    75.810   -16.63    7.44
 -38004.003    71.840   -10.74    5.63
 -37634.425    67.690   -11.23    6.27
 -37264.753    65.281    -6.52    5.98
 -36894.987    61.215   -11.00    6.09
 -36525.127    57.142   -11.01    6.22
 -36155.172    54.867    -6.15    5.67
 -35785.124    53.908    -2.59    5.88
 -35414.981    54.281     1.01    6.29
 -35044.743    55.186     2.45    6.46
 -34674.411    54.380    -2.18    6.20
 -34303.985    52.322    -5.56    5.96
 -33933.464    47.669   -12.56    8.57
 -33562.848    41.384   -16.96    8.84
 -33192.138    38.781    -7.02    7.15
 -32821.333    42.194     9.20   10.67
 -32450.432    49.653    20.11   12.67
 -32079.437    58.408    23.60    9.98
 -31708.347    62.653    11.44    5.80
 -31337.162    63.925     3.43    5.32
 -30965.881    62.142    -4.80    5.60
 -30594.506    59.655    -6.70    5.51
 -30223.034    54.478   -13.94    7.83
 -29851.468    48.303   -16.62    9.49
 -29479.806    45.275    -8.14    7.81
 -29108.048    45.589     0.84    6.89
 -28736.195    48.231     7.10    7.41
 -28364.246    51.083     7.67    8.02
 -27992.202    52.770     4.53   10.13
 -27620.061    52.709    -0.16   10.15
 -27247.825    52.310    -1.07    9.20
 -26875.492    51.909    -1.08    8.15
 -26503.064    51.308    -1.61    7.79
 -26130.539    56.993    15.26   12.85
 -25757.918    65.281    22.24   16.94
 -25385.201    73.044    20.83   17.88
 -25012.387    77.540    12.06   15.78
 -24639.477    71.637   -15.83   20.74
 -24266.471    53.157   -49.54   27.77
 -23893.367    36.016   -45.94   24.88
 -23520.167    22.434   -36.39   14.62
 -23146.871    24.680     6.02   17.25
 -22773.477    32.188    20.11   17.83
 -22399.987    38.992    18.22   14.17
 -22026.400    39.132     0.38   13.13
 -21652.715    32.282   -18.33   15.03
 -21278.934    22.438   -26.34   11.79
 -20905.055    16.538   -15.78    7.23
 -20531.079    16.112    -1.14    5.85
 -20157.006    18.405     6.13    6.85
 -19782.835    22.267    10.32    6.55
 -19408.567    26.262    10.67    5.01
 -19034.201    28.824     6.84    4.89
 -18659.738    28.000    -2.20    5.61
 -18285.176    26.171    -4.88    6.29
 -17910.517    26.112    -0.16    7.77
 -17535.760    30.573    11.90   12.30
 -17160.906    35.675    13.61   13.09
 -16785.953    34.950    -1.93   13.64
 -16410.902    29.000   -15.86   13.45
 -16035.752    22.017   -18.61    8.23
 -15660.505    20.038    -5.27    5.97
 -15285.159    22.271     5.95    8.07
 -14909.715    27.204    13.14    7.90
 -14534.172    29.625     6.45    6.56
 -14158.530    30.547     2.45    4.81
 -13782.790    29.425    -2.99    6.13
 -13406.952    27.408    -5.37    7.70
 -13031.014    26.145    -3.36    9.10
 -12654.978    24.379    -4.70    9.64
 -12278.842    21.859    -6.70    8.00
 -11902.608    22.836     2.60    9.20
 -11526.274    26.522     9.79   11.07
 -11149.841    33.811    19.36   12.64
 -10773.309    41.722    21.01   13.00
 -10396.678    48.942    19.17   10.27
 -10019.947    52.417     9.23    5.12
  -9643.116    51.595    -2.18    6.26
  -9266.186    49.232    -6.27   11.61
  -8889.156    49.108    -0.33   18.36
  -8512.027    52.617     9.30   22.46
  -8134.798    56.342     9.88   21.46
  -7757.469    59.471     8.29   16.81
  -7380.039    58.373    -2.91   13.88
  -7002.510    51.604   -17.93   14.71
  -6624.881    42.198   -24.91   16.06
  -6247.151    36.739   -14.45   14.57
  -5869.321    33.380    -8.89   10.29
  -5491.391    33.058    -0.85    6.71
  -5113.360    34.767     4.52    5.27
  -4735.229    38.316     9.38    5.63
  -4356.997    39.268     2.52    5.11
  -3978.664    35.471   -10.04    8.75
  -3600.231    27.834   -20.18   13.12
  -3221.696    19.132   -22.99   11.25
  -2843.061    13.111   -15.90    7.98
  -2464.325     9.699    -9.01    4.85
  -2085.487     8.901    -2.11    4.28
  -1706.549     8.129    -2.04    5.00
  -1327.509     7.795    -0.88    6.19
   -948.368     6.630    -3.07    7.35
   -569.125     5.529    -2.90    8.42
   -189.781     3.337    -5.78    7.56
    189.665     0.534    -7.39    2.49
    569.212     0.373    -0.43    1.09
    948.862     1.245     2.30    2.21
   1328.613     2.958     4.51    3.57
   1708.466     6.486     9.29    7.32
   2088.421     9.289     7.38    7.71
   2468.478    10.329     2.74    7.02
   2848.637    10.627     0.79    6.59
   3228.898     9.738    -2.34    4.66
   3609.262     8.476    -3.32    3.52
   3989.728     7.210    -3.33    3.90
   4370.297     6.023    -3.12    3.97
   4750.968     3.826    -5.77    3.17
   5131.742     3.722    -0.27    2.90
   5512.619     4.760     2.73    3.89
   5893.598     7.651     7.59    6.55
   6274.681     9.942     6.01    6.45
   6655.866    10.576     1.66    5.58
   7037.155    10.795     0.58    4.11
   7418.546     9.702    -2.87    3.01
   7800.041     9.356    -0.91    3.22
   8181.639     8.169    -3.11    3.31
   8563.341     7.725    -1.16    3.28
   8945.146     7.951     0.59    3.96
   9327.055    10.288     6.12    5.72
   9709.067    14.744    11.66    8.94
  10091.183    16.064     3.45    8.83
  10473.403    15.657    -1.06    9.70
  10855.727    12.976    -7.01   10.99
  11238.155     9.232    -9.79    8.00
  11620.687     8.022    -3.16    5.33
  12003.323    11.555     9.23    6.41
  12378.459    15.081     9.40    7.30
  12741.756    19.725    12.78    8.88
  13105.144    23.283     9.79    8.79
  13468.623    24.584     3.58    8.45
  13832.194    24.363    -0.61    6.72
  14195.855    23.269    -3.01    4.38
  14559.608    21.485    -4.91    3.47
  14923.452    19.344    -5.89    3.68
  15287.387    17.989    -3.72    3.73
  15651.414    16.592    -3.84    3.55
  16015.533    15.504    -2.99    3.21
  16379.743    15.264    -0.66    2.87
  16744.045    15.925     1.82    2.46
  17108.438    16.950     2.81    2.86
  17472.924    18.007     2.90    3.06
  17837.501    18.618     1.68    3.11
  18202.170    20.129     4.14    3.61
  18566.931    20.917     2.16    3.99
  18931.784    21.900     2.69    3.62
  19296.730    23.409     4.14    4.22
  19661.768    24.352     2.58    4.18
  20026.898    26.275     5.27    4.15
  20392.120    27.103     2.27    3.89
  20757.435    27.682     1.58    3.55
  21122.842    28.636     2.61    2.98
  21488.342    27.401    -3.38    3.33
  21853.935    24.641    -7.55    3.88
  22219.620    21.675    -8.11    4.80
  22585.398    18.958    -7.43    5.32
  22951.269    16.764    -5.99    5.73
  23317.233    16.061    -1.92    5.62
  23683.290    16.031    -0.08    6.11
  24049.440    16.805     2.11    7.36
  24415.683    20.192     9.25    7.89
  24782.020    23.869    10.04    8.43
  25148.449    30.143    17.12    9.02
  25514.972    39.573    25.73   12.20
  25881.589    47.982    22.94   10.63
  26248.299    54.053    16.55    6.37
  26615.103    56.149     5.72    3.65
  26982.000    55.825    -0.88    3.80
  27348.991    54.811    -2.77    3.93
  27716.076    55.627     2.22    4.46
  28083.255    56.703     2.93    4.20
  28450.527    56.828     0.34    4.17
  28817.894    55.377    -3.95    4.71
  29185.355    52.986    -6.51    4.00
  29552.910    53.095     0.30    4.47
  29920.559    55.503     6.55    6.54
  30288.303    58.695     8.68    6.33
  30656.141    61.797     8.44    4.52
  31024.073    63.721     5.23    3.23
  31392.100    64.149     1.16    3.14
  31760.222    63.805    -0.93    3.81
  32128.438    63.699    -0.29    4.49
  32496.749    65.551     5.03    5.75
  32865.155    69.095     9.62    7.93
  33233.655    74.184    13.81    8.52
  33602.251    79.101    13.34    7.02
  33970.942    82.324     8.74    4.26
  34339.728    83.231     2.46    3.57
  34708.609    80.165    -8.31    5.69
  35077.585    76.852    -8.98    6.26
  35446.657    73.256    -9.74    4.73
  35815.824    70.394    -7.75    6.03
  36185.086    65.715   -12.67   10.80
  36554.445    58.362   -19.91   12.50
  36923.898    54.732    -9.83    9.95
  37293.448    56.725     5.39   11.95
  37663.093    67.589    29.39   15.40
  38032.834    77.982    28.11   12.28
  38402.672    84.175    16.75    5.91
  38772.605    83.149    -2.77    6.51
  39142.634    81.565    -4.28    7.10
  39512.759    80.061    -4.06    7.31
  39882.981    79.829    -0.63    8.75
  40253.299    82.010     5.89    9.28
  40623.713    82.386     1.01    7.80
  40994.224    82.490     0.28    6.20
  41364.832    81.277    -3.27    5.36
  41735.536    81.629     0.95    5.58
  42106.336    83.059     3.85    6.37
  42477.234    81.178    -5.07    6.80
  42848.228    82.418     3.34    7.35
  43219.320    87.072    12.54    9.72
  43590.508    91.885    12.97   11.39
  43961.793    95.501     9.74   10.73
  44333.176    98.144     7.12    8.97
  44704.656    98.677     1.44    9.37
  45076.233    97.200    -3.98   10.31
  45447.907    93.869    -8.96   11.33
  45819.679    90.716    -8.48   12.68
  46191.548    87.822    -7.78   11.33
  46563.516    88.093     0.73   10.51
  46935.580    87.329    -2.06   10.28
  47307.743    82.210   -13.75   12.65
  47680.003    73.934   -22.23   16.34
  48052.362    64.603   -25.06   17.06
  48424.818    53.557   -29.66   16.34
  48797.372    46.275   -19.55   11.20
  49170.025    45.850    -1.14    9.63
  49542.776    49.374     9.45   10.42
  49915.625    52.767     9.10    8.17
  50288.572    49.837    -7.86   10.73
  50661.618    42.664   -19.23   13.76
  51034.763    33.520   -24.50   14.72
  51408.006    26.044   -20.03   13.87
  51781.348    20.893   -13.80    9.39
  52154.789    17.760    -8.39    6.12
  52528.328    16.319    -3.86    5.73
  52901.967    15.617    -1.88    5.31
  53275.704    14.481    -3.04    5.50
  53649.541    14.045    -1.17    6.00
  54023.476    14.738     1.86    6.36
  54397.512    16.624     5.04    7.14
  54771.646    17.110     1.30    6.35
  55145.880    16.446    -1.78    6.57
  55520.213    15.461    -2.63    8.47
  55894.646    13.296    -5.78    9.11
  56269.178    10.616    -7.16    8.97
  56643.811     6.989    -9.68    6.03
  57018.543     4.434    -6.82    3.02
  57393.375     3.687    -1.99    1.79
  57768.307     3.858     0.45    1.93
  58143.339     3.608    -0.67    1.93
  58518.471     3.071    -1.43    1.72
  58893.703     2.261    -2.16    1.29
  59269.036     1.695    -1.51    1.20
  59644.469     1.322    -0.99    1.24
  60020.002     0.989    -0.89    1.22
  60395.636     0.649    -0.90    1.03
  60771.371     0.793     0.38    1.45
  61147.207     1.314     1.39    2.21
  61523.143     1.984     1.78    2.29
  61899.180     2.600     1.64    2.06
  62275.318     2.957     0.95    1.81
  62651.557     2.853    -0.28    1.08
  63027.897     2.870     0.05    0.77
  63404.338     2.547    -0.86    0.55
  63780.881     2.154    -1.05    0.94
  64157.525     1.633    -1.38    1.17
  64534.270     1.055    -1.54    1.10
  64911.117     0.813    -0.64    1.40
  65288.065     1.175     0.96    2.27
  65665.115     2.052     2.33    3.08
  66042.267     2.587     1.42    2.88
  66419.521     3.649     2.82    3.12
  66796.877     4.941     3.42    3.67
  67174.335     5.346     1.07    4.26
  67551.894     4.949    -1.05    4.28
  67929.556     4.272    -1.79    4.06
  68307.321     3.773    -1.32    3.23
  68685.187     4.211     1.16    4.32
  69063.156     5.917     4.51    6.22
  69441.228     7.133     3.22    6.59
  69819.402     7.349     0.57    6.47
  70197.679     8.329     2.59    5.50
  70576.058     9.505     3.11    5.49
  70954.541    11.476     5.21    5.68
  71333.126    13.838     6.24    6.78
  71711.814    15.267     3.77    6.96
  72090.606    17.477     5.84    7.55
  72469.501    19.783     6.08    7.12
  72848.498    22.741     7.81    6.45
  73227.600    25.791     8.05    5.50
  73606.804    27.805     5.31    4.70
  73986.113    28.643     2.21    4.67
  74365.525    29.713     2.82    5.45
  74745.040    31.173     3.85    5.22
  75124.659    30.784    -1.03    4.99
  75504.382    29.007    -4.68    6.45
  75884.210    27.335    -4.40    5.95
  76264.141    28.374     2.74    7.74
  76644.176    34.877    17.11   11.23
  77024.315    43.306    22.17   10.70
  77404.559    51.296    21.01    7.33
  77784.907    56.116    12.67    6.59
  78165.360    59.413     8.67    7.10
  78545.917    62.661     8.54    7.03
  78926.579    66.028     8.84    5.65
  79307.345    67.810     4.68    4.42
  79688.217    69.189     3.62    3.60
  80069.193    69.352     0.43    4.41
  80450.274    69.816     1.22    6.61
  80831.460    71.516     4.46    8.29
  81212.751    75.346    10.05    7.88
  81594.148    78.330     7.82    6.15
  81975.650    79.555     3.21    6.51
  82357.257    77.124    -6.37    9.29
  82738.970    74.013    -8.15    9.62
  83120.789    71.045    -7.78    7.90
  83502.713    68.886    -5.65    5.97
  83884.743    65.446    -9.01    4.37
  84266.878    62.964    -6.49    4.51
  84649.120    60.354    -6.83    3.53
  85031.468    59.146    -3.16    2.77
  85413.922    59.667     1.36    3.08
  85796.482    60.493     2.16    2.99
  86179.148    61.473     2.56    2.66
  86561.920    62.376     2.36    3.77
  86944.800    62.043    -0.87    4.48
  87308.676    61.313    -2.01    4.95
  87671.838    60.988    -0.89    6.41
  88035.093    62.379     3.83    8.02
  88398.440    64.708     6.41    8.74
  88761.880    66.629     5.29    7.82
  89125.413    68.445     4.99    5.72
  89489.038    69.357     2.51    3.34
  89852.757    67.982    -3.78    3.89
  90216.568    64.113   -10.63    9.98
  90580.472    62.493    -4.45   14.92
  90944.470    63.021     1.45   19.73
  91308.560    65.738     7.46   21.83
  91672.744    69.005     8.97   20.87
  92037.021    73.151    11.38   18.19
  92401.392    80.747    20.85   15.71
  92765.856    86.981    17.11   10.11
  93130.413    92.275    14.52    7.03
  93495.065    95.629     9.20    5.32
  93859.809    95.717     0.24    5.39
  94224.648    91.965   -10.28    9.09
  94589.580    85.418   -17.94   11.84
  94954.607    77.687   -21.18   11.01
  95319.727    71.200   -17.77    7.09
  95684.941    69.205    -5.46    4.35
  96050.250    69.285     0.22    5.28
  96415.652    71.269     5.43    5.71
  96781.149    73.387     5.79    4.84
  97146.740    73.973     1.60    3.79
  97512.426    71.122    -7.80    8.22
  97878.206    62.603   -23.29   14.26
  98244.081    49.949   -34.59   17.56
  98610.050    36.227   -37.50   16.18
  98976.114    25.507   -29.29   10.64
  99342.273    18.821   -18.26    5.63
  99708.527    16.957    -5.09    3.18
 100074.875    18.840     5.14    4.79
 100441.319    23.622    13.05    8.15
 100807.858    32.333    23.77   12.71
 101174.492    42.564    27.91   15.62
 101541.221    52.901    28.19   13.59
 101908.045    59.457    17.87    8.82
 102274.965    62.508     8.32    4.13
 102641.980    62.067    -1.20    3.37
 103009.091    61.410    -1.79    3.16
 103376.297    62.293     2.40    3.99
 103743.599    65.242     8.03    4.71
 104110.997    68.222     8.11    3.52
 104478.491    69.597     3.74    2.12
 104846.081    70.592     2.71    2.32
 105213.766    72.468     5.10    4.22
 105581.548    77.175    12.80    8.84
 105949.426    86.483    25.30   13.47
 106317.400    98.144    31.69   14.89
 106685.470   108.752    28.82   11.98
 107053.637   116.555    21.19    7.51
 107421.900   119.112     6.94    5.94
 107790.259   119.283     0.46    6.34
 108158.716   117.441    -5.00    8.67
 108527.269   112.840   -12.49   11.47
 108895.918   104.101   -23.71   15.62
 109264.665    91.611   -33.88   18.13
 109633.508    82.246   -25.39   14.80
 110002.449    78.737    -9.51   14.58
 110371.486    80.730     5.40   18.04
 110740.621    83.972     8.78   19.85
 111109.853    82.567    -3.80   20.12
 111479.182    76.425   -16.63   19.86
 111848.608    70.699   -15.50   16.54
 112218.132    64.942   -15.58   11.19
 112587.754    62.220    -7.36    8.46
 112957.473    60.656    -4.23    7.39
 113327.290    60.208    -1.21    7.49
 113697.204    60.272     0.17    8.56
 114067.216    64.579    11.64   13.47
 114437.327    71.981    20.00   16.31
 114807.535    81.556    25.87   17.34
 115177.841    91.999    28.20   14.06
 115548.246    97.840    15.77    9.56
 115918.749    99.402     4.22    7.53
 116289.350    96.016    -9.14    8.55
 116660.049    90.340   -15.31    7.45
 117030.847    86.816    -9.50    5.18
 117401.744    85.209    -4.33    3.51
 117772.739    84.316    -2.41    3.93
 118143.833    82.847    -3.96    5.14
 118515.025    79.076   -10.16    7.21
 118886.317    73.056   -16.21    9.52
 119257.707    67.605   -14.68    9.11
 119629.197    64.201    -9.16    6.22
 120000.786    63.189    -2.72    4.58
 120372.473    64.516     3.57    4.49
 120744.260    64.668     0.41    5.09
 121116.147    62.795    -5.04    6.12
 121488.133    62.611    -0.49    8.00
 121860.218    64.086     3.96   10.96
 122232.403    64.621     1.44   11.98
 122604.688    68.560    10.58   11.93
 122977.072    72.857    11.54   10.65
 123349.556    76.370     9.43    7.55
 123722.140    75.636    -1.97    6.68
 124094.824    73.025    -7.01    7.31
 124467.609    69.694    -8.94    6.22
 124840.493    69.274    -1.13    5.69
 125213.477    71.344     5.55    6.43
 125586.562    75.679    11.62    6.45
 125959.748    79.456    10.12    6.25
 126333.033    83.044     9.61    6.09
 126706.420    86.785    10.02    5.82
 127079.907    88.872     5.59    6.13
 127453.495    89.917     2.80    4.93
 127827.183    90.656     1.98    5.63
 128200.973    93.644     7.99    7.96
 128574.863    97.837    11.22    9.75
 128948.855   102.040    11.24   11.20
 129322.947   106.511    11.95   12.34
 129697.141   109.122     6.98   12.68
 130071.436   109.292     0.45   11.77
 130445.833   113.554    11.38   11.49
 130820.331   116.964     9.11   11.68
 131194.930   120.668     9.89   10.25
 131569.632   128.509    20.93    9.42
 131944.435   133.338    12.88    7.83
 132319.339   133.648     0.83    8.61
 132694.346   132.437    -3.23    9.60
 133069.455   133.216     2.07   10.90
 133444.665   137.259    10.78   13.85
 133819.978   144.880    20.31   15.39
 134195.393   152.236    19.60   10.69
 134570.910   156.177    10.50    7.87
 134946.530   158.956     7.40    8.09
 135322.252   161.861     7.73    7.04
 135698.077   163.652     4.76    4.95
 136074.005   162.910    -1.97    5.20
 136450.035   162.434    -1.27    4.16
 136826.168   163.256     2.19    4.28
 137202.404   162.856    -1.06    4.04
 137578.743   162.035    -2.18    4.56
 137955.185   159.842    -5.83    5.31
 138331.730   157.779    -5.48    5.91
 138708.378   156.849    -2.47   11.38
 139085.130   157.208     0.95   15.73
 139461.985   155.047    -5.73   18.18
 139838.944   150.460   -12.17   17.70
 140216.006   147.910    -6.76   13.89
 140593.172   151.325     9.06    9.97
 140970.441   158.933    20.17   12.75
 141347.815   170.942    31.82   16.17
 141725.292   180.474    25.25   13.54
 142102.874   182.340     4.94   11.07
 142480.559   180.548    -4.75   11.11
 142858.349   176.078   -11.83   10.14
 143236.243   172.644    -9.09    4.21
 143614.241   174.279     4.33    5.62
 143992.344   175.433     3.05    5.98
 144370.551   176.549     2.95    6.34
 144748.863   177.864     3.48    6.26
 145127.280   178.925     2.80    5.20
 145505.802   180.956     5.37    5.79
 145884.428   182.600     4.34    6.23
 146263.159   182.356    -0.64    6.62
 146641.996   178.887    -9.16    8.69
 147020.937   172.402   -17.11   12.76
 147399.984   163.460   -23.59   13.99
 147779.136   151.679   -31.07   12.95
 148158.394   140.886   -28.46   11.71
 148537.757   130.236   -28.07   14.51
 148917.225   120.371   -26.00   14.88
 149296.800   112.887   -19.72   13.88
 149676.480   106.338   -17.25   10.60
 150056.266   101.884   -11.73    7.40
 150436.158    98.495    -8.92    8.10
 150816.156    92.845   -14.87    8.25
 151196.260    87.910   -12.99    7.44
 151576.470    85.536    -6.24    7.20
 151956.787    84.783    -1.98    7.08
 152337.210    84.565    -0.57    6.48
 152717.739    83.453    -2.92    8.00
 153098.375    82.549    -2.38    8.48
 153479.118    83.002     1.19    8.90
 153859.967    84.185     3.11   10.33
 154240.924    83.994    -0.50    9.84
 154621.987    81.973    -5.30   10.25
 155003.157    76.327   -14.81    9.94
 155384.434    72.887    -9.02    7.76
 155765.819    71.974    -2.39    5.63
 156147.311    72.300     0.85    4.67
 156528.910    71.767    -1.40    5.23
 156910.617    68.595    -8.31    5.60
 157292.431    66.856    -4.55    4.32
 157674.353    67.925     2.80    5.41
 158056.383    70.098     5.69    6.20
 158438.521    70.998     2.35    5.95
 158820.766    71.132     0.35    4.77
 159203.120    69.672    -3.82    4.07
 159585.581    67.739    -5.05    2.53
 159968.151    67.331    -1.07    2.27
 160350.829    68.163     2.17    2.77
 160733.616    69.775     4.21    3.19
 161116.511    69.784     0.02    3.48
 161499.515    69.483    -0.79    3.60
 161872.020    68.617    -2.32    4.01
 162234.967    66.337    -6.28    4.35
 162598.008    64.602    -4.78    3.47
 162961.143    63.774    -2.28    3.54
 163324.371    64.449     1.86    4.09
 163687.694    67.733     9.04    5.52
 164051.111    70.179     6.73    5.62
 164414.622    70.933     2.07    5.29
 164778.228    70.925    -0.02    5.42
 165141.928    69.521    -3.86    5.10
 165505.722    69.079    -1.21    4.79
 165869.611    72.788    10.19    8.08
 166233.594    79.994    19.80   11.10
 166597.672    88.658    23.80   12.92
 166961.845    97.933    25.47   11.26
 167326.113   103.282    14.68    8.46
 167690.476   105.383     5.77    7.80
 168054.933   104.456    -2.54    8.97
 168419.486   104.425    -0.08    9.55
 168784.134   104.359    -0.18   10.69
