# NaN NaN NaN ;Mean Elev.(m), Avg Gradient(m/km), RMS Gradient(m/km) - SRTM1     
#   -1.833  -0.410   6.770 ;Mean Elev.(m), Avg Gradient(m/km), RMS Gradient(m/km) - ASTER GDEM
#   15.992  -0.739  11.487 ;Mean Elev.(m), Avg Gradient(m/km), RMS Gradient(m/km) - GMTED2010 
  8     2.329 52488.20643694 45.03 102.506188  71.661813 38.705
  8     2.306 52488.20643759 51.39 102.501018  71.658883 38.705
  9    10.445 52523.20640918 21.39 102.506014  71.668387 21.440
  9    10.784 52523.20640983 25.76 102.500834  71.665467 21.440
  9    10.965 52523.20641047 36.30 102.495654  71.662537 21.440
 11     7.140 52593.20645951 17.41 102.505040  71.663744  3.062
 11     7.715 52593.20646015 18.05 102.499857  71.660821  4.774
 12     9.832 52628.20638399 13.99 102.516958  71.651271  2.721
 12    11.343 52628.20638464 13.50 102.511778  71.648351  2.721
 13     7.854 52663.20642227 14.24 102.504793  71.660951  2.425
 13     8.321 52663.20642291 13.46 102.499617  71.658025  3.227
 14    10.160 52698.20639945 11.71 102.516455  71.650133  2.403
 14    10.845 52698.20640009 11.75 102.511275  71.647203  2.403
 15    11.604 52733.20641884 10.10 102.509414  71.659362  3.098
 15    12.629 52733.20641948 10.03 102.504244  71.656442  3.098
 16    13.496 52768.20642437  7.28 102.499791  71.669874  2.651
 16    12.985 52768.20642501  8.24 102.494611  71.666944  2.651
 17     9.082 52803.20644523 43.58 102.515988  71.652716 31.732
 17     9.241 52803.20644588 42.79 102.510808  71.649796 31.732
 19     1.282 52873.20654830 48.77 102.511171  71.658033 28.828
 19     1.161 52873.20654894 46.96 102.505991  71.655113 28.828
 20     0.752 52908.20653143 51.69 102.505773  71.662034 37.852
 20     0.659 52908.20653208 51.77 102.500603  71.659114 37.852
 23     0.577 53013.20651616 18.54 102.504830  71.664866  3.001
 23    10.013 53013.20651680 17.63 102.499650  71.661936  3.001
 24     4.186 53048.20648707 16.61 102.512431  71.654718  2.990
 24     5.063 53048.20648772 15.65 102.507252  71.651796  3.001
 25     6.486 53083.20652046 15.12 102.505664  71.667284  2.390
 25     6.886 53083.20652110 15.21 102.500484  71.664364  2.390
 27    13.976 53153.20654189  8.61 102.508355  71.661261  2.886
 27    15.346 53153.20654253  8.52 102.503171  71.658337  1.860
 29     0.856 53223.20654823 52.31 102.505723  71.662518 43.013
 29     0.991 53223.20654887 50.96 102.500543  71.659598 43.013
 30     9.739 53258.20652273 25.92 102.501945  71.669564 20.766
 30    10.602 53258.20652338 27.06 102.496765  71.666644 20.766
 31     0.288 53293.20654549 27.80 102.510720  71.658284  6.178
 31     0.191 53293.20654613 28.14 102.505540  71.655364  6.178
 32     7.361 53328.20651896 17.14 102.507071  71.660594  3.057
 32     8.381 53328.20651960 16.65 102.501901  71.657667  4.437
 35     9.977 53433.20648522 13.11 102.504348  71.664769  2.275
 35    10.394 53433.20648586 13.36 102.499168  71.661849  2.275
 36    10.990 53468.20652515 10.80 102.513667  71.655456  3.065
 36    12.121 53468.20652579 11.73 102.508497  71.652536  3.065
 37    11.249 53503.20657222  6.87 102.507126  71.663838  4.249
 37    11.465 53503.20657287  8.08 102.501946  71.660908  4.249
 38    11.266 53538.20656797 34.36 102.504869  71.660992 16.367
 38    11.485 53538.20656862 41.69 102.499693  71.658074 23.258
 39     1.907 53573.20656809 47.76 102.506823  71.666583 37.086
 39     1.810 53573.20656873 47.55 102.501643  71.663663 37.086
 40    10.284 53608.20651731 21.52 102.499762  71.668730 18.579
 40    10.768 53608.20651795 26.85 102.494582  71.665800 18.579
 43    -0.069 53713.20646643 22.53 102.503347  71.665282  5.271
 43    -0.094 53713.20646707 21.58 102.498167  71.662362  5.271
 46     4.092 53818.20637295 14.48 102.504581  71.672098  2.600
 46     5.983 53818.20637360 14.39 102.499411  71.669168  2.600
 46     1.376 53818.20637424 15.34 102.494231  71.666248  2.600
 47     0.104 53853.20645155 13.39 102.510508  71.657387  2.774
 47     5.201 53853.20645219 12.62 102.505328  71.654467  2.774
 51     2.675 53993.20644955 31.85 102.518646  71.648073 22.339
 51     7.443 53993.20645019 42.37 102.513466  71.645153 22.339
 54     6.430 54098.20647023 15.96 102.503574  71.667719  2.953
 54     6.099 54098.20647087 16.53 102.498394  71.664799  2.953
 55     9.433 54133.20642693 14.87 102.513025  71.653172  3.230
 55     5.110 54133.20642757 15.18 102.507845  71.650242  3.230
 56     7.663 54168.20644437 15.68 102.504368  71.665973  2.852
 56    10.652 54168.20644502 15.31 102.499188  71.663043  2.852
 59    11.340 54273.20648313 32.67 102.506011  71.660140 24.733
 59    11.509 54273.20648377 40.71 102.500841  71.657220 24.733
 61    10.731 54343.20646297 28.56 102.502879  71.665494 29.461
 61    11.012 54343.20646361 34.94 102.497709  71.662564 29.461
 62     8.060 54378.20642107 27.56 102.510792  71.656627 13.963
 62     8.449 54378.20642171 31.63 102.505622  71.653697 13.963
 63     0.390 54413.20641115 23.67 102.505889  71.661952  4.157
 63     7.557 54413.20641180 23.00 102.500709  71.659032  4.157
 65    -0.230 54483.20640491 17.43 102.508195  71.659018  3.101
 65     4.792 54483.20640555 16.95 102.503025  71.656098  3.101
 66     6.900 54518.20640137 13.46 102.511625  71.654264  2.611
 66     7.208 54518.20640202 12.86 102.506445  71.651334  2.611
 68     0.300 54588.20639623 15.59 102.510956  71.658799  4.170
 68     0.344 54588.20639687 13.43 102.505776  71.655879  4.170
 69    11.120 54623.20641358 25.84 102.508817  71.662636 28.131
 69    11.391 54623.20641423 33.80 102.503637  71.659706 28.131
 71    10.856 54693.20640438 25.65 102.505462  71.663342 13.264
 71    11.276 54693.20640503 34.50 102.500282  71.660412 13.264
 72     0.910 54728.20637729 37.42 102.511616  71.655657 30.035
 72     0.795 54728.20637793 47.03 102.506436  71.652737 30.035
 74    10.248 54798.20637084 15.12 102.514041  71.654146  3.521
 74    11.574 54798.20637149 14.83 102.508871  71.651216  3.521
 77     8.178 54903.20638173 13.43 102.502803  71.666012  2.392
 77    10.996 54903.20638237 13.14 102.497631  71.663095  2.963
 79    14.663 54973.20638838  7.96 102.510625  71.659812  1.855
 79    16.145 54973.20638902  7.58 102.505455  71.656892  1.855
 80     7.529 55008.20640345 30.75 102.508016  71.663880 20.531
 80    11.428 55008.20640410 27.71 102.502836  71.660960 20.531
 81    11.108 55043.20639325 22.93 102.509418  71.660498 27.449
 81    11.263 55043.20639389 30.24 102.504234  71.657571 25.922
 82     1.059 55078.20637048 49.14 102.506462  71.666439 41.252
 82     1.046 55078.20637113 52.45 102.501282  71.663519 41.252
 83     0.515 55113.20632627 46.23 102.510856  71.657274 25.325
 83     0.391 55113.20632691 47.29 102.505676  71.654344 25.325
 84     0.172 55148.20632658 23.25 102.506334  71.661281  5.857
 84     7.414 55148.20632723 22.16 102.501154  71.658351  5.857
 85     2.559 55183.20630814 16.56 102.512908  71.654061  3.024
 85     8.006 55183.20630879 15.76 102.507738  71.651141  3.024
 86     7.458 55218.20632386 12.57 102.505804  71.663301  2.446
 86    10.240 55218.20632451 11.69 102.500624  71.660381  2.446
 87     8.410 55253.20630405 12.07 102.513359  71.655654  2.570
 87     4.201 55253.20630469 12.04 102.508189  71.652734  2.570
 88     6.889 55288.20631347 12.62 102.503528  71.666775  2.269
 88     6.722 55288.20631411 12.55 102.498348  71.663845  2.269
 89    11.056 55323.20629117 12.37 102.505752  71.660603  2.156
 89    11.741 55323.20629182 12.09 102.500582  71.657673  2.156
 93    10.512 55463.20626927 23.72 102.502293  71.665248 14.483
 93    11.070 55463.20626991 25.01 102.497113  71.662328 14.483
