# NaN NaN NaN ;Mean Elev.(m), Avg Gradient(m/km), RMS Gradient(m/km) - SRTM1     
#  -21.176  -8.824  10.634 ;Mean Elev.(m), Avg Gradient(m/km), RMS Gradient(m/km) - ASTER GDEM
#    1.075   0.385  10.709 ;Mean Elev.(m), Avg Gradient(m/km), RMS Gradient(m/km) - GMTED2010 
  7 102.602962  72.030361     9.533    10.752  6 52475.55547946 20.672
  8 102.610435  72.038242    22.724    22.652  5 52510.55543662 16.553
  9 102.602004  72.025901     0.529     0.603  5 52545.55544838 42.114
 10 102.603213  72.029657     6.382     7.797  6 52580.55547673 16.940
 11 102.608708  72.037061    12.239    13.578  4 52615.55544669 15.919
 12 102.602546  72.031907    11.698    11.874  5 52650.55542399 13.067
 13 102.611605  72.037755    10.113    10.808  5 52685.55541204 12.446
 14 102.604232  72.030735    19.803    19.509  6 52720.55546190  5.939
 15 102.605709  72.032770    17.658    17.082  6 52755.55548604  9.375
 16 102.601518  72.021821    12.372    11.603  5 52790.55543322 20.370
 17 102.601174  72.027168     6.173     2.708  6 52825.55550369 22.036
 18 102.601870  72.028684    21.974    23.827  6 52860.55554971 19.407
 19 102.606923  72.032220     1.878     1.315  5 52895.55558072 32.786
 20 102.611704  72.039049     1.164     1.181  4 52930.55553033 32.023
 21 102.598990  72.027075     3.337     0.106  5 52965.55552183 22.886
 23 102.608820  72.039049    12.076    12.798  5 53035.55550574 13.242
 24 102.603687  72.032112     7.647     7.644  6 53070.55552462 13.037
 25 102.614036  72.039545     5.642     3.374  4 53105.55550705 11.780
 26 102.600905  72.029480    10.654    10.155  6 53140.55553096 10.544
 27 102.602856  72.031762     5.433     5.039  6 53175.55556377 34.071
 28 102.606171  72.032413     2.712     2.689  5 53210.55558209 39.388
 29 102.609805  72.035928     5.654     1.078  5 53245.55555060 23.439
 30 102.602156  72.022040     0.415     0.299  4 53280.55553186 43.379
 31 102.602860  72.030929    10.668    13.963  5 53315.55554872 17.947
 32 102.610188  72.036040    12.683    13.404  5 53350.55551507 14.523
 33 102.600809  72.024285    15.241    14.918  6 53385.55549483 13.016
 34 102.606553  72.036492    13.171    13.101  5 53420.55550111 12.353
 35 102.602498  72.022685    20.088    20.557  5 53455.55550452  8.827
 36 102.599944  72.029053    14.065    13.973  6 53490.55559094  9.584
 37 102.606834  72.033190    16.012    22.694  5 53525.55557540 29.278
 38 102.604370  72.032664    22.182    22.327  5 53560.55560311 15.886
 39 102.611384  72.040311    17.607    20.360  5 53595.55554260 15.940
 41 102.603752  72.029638     0.820     0.854  6 53665.55555798 30.063
 42 102.608308  72.036909     1.281     1.114  5 53700.55551228 23.183
 43 102.615305  72.043699     2.763     2.561  4 53735.55543525 17.173
 44 102.605084  72.032057     6.152     7.657  6 53770.55542330 13.602
 45 102.611695  72.039896     5.703     2.443  5 53805.55541725 12.848
 47 102.602541  72.031455     6.542     3.358  5 53875.55548317  8.923
 48 102.601336  72.027908     4.679     4.651  6 53910.55553008 33.113
 49 102.604348  72.030228     1.393     1.418  5 53945.55554998 46.074
 50 102.610329  72.037255    23.368    23.551  5 53980.55549746 15.849
 51 102.600991  72.023783     0.962     1.024  5 54015.55551485 46.859
 52 102.608298  72.033778     1.053     0.544  5 54050.55551768 24.221
 53 102.608024  72.035967     8.386    10.726  5 54085.55551028 16.152
 54 102.615942  72.043811     9.980    10.457  4 54120.55543807 13.973
 55 102.604895  72.032434     8.417     9.277  6 54155.55546791 12.869
 56 102.611608  72.041475     9.332     8.897  4 54190.55543480 11.796
 57 102.602285  72.030824    25.494    25.409  6 54225.55547887  8.286
 58 102.603149  72.033157     7.298     7.321  5 54260.55549948 51.390
 59 102.604377  72.033901     7.833     3.829  5 54295.55550344 14.446
 60 102.608528  72.036944    22.818    22.920  5 54330.55549629 15.482
 61 102.613641  72.040220    15.799    19.724  4 54365.55544098 21.823
 62 102.605810  72.033293     0.499     0.534  6 54400.55543738 30.358
 63 102.609037  72.039685     2.399     2.138  5 54435.55539577 18.332
 64 102.602273  72.029703     8.883    10.542  6 54470.55542075 14.296
 65 102.610538  72.039633    11.291    11.762  5 54505.55540920 13.990
 66 102.608414  72.032823    11.022    11.814  5 54540.55543604 12.815
 67 102.612968  72.039563     9.072     8.125  4 54575.55541043 11.913
 68 102.606522  72.033038     1.746     1.815  5 54610.55542822 33.698
 69 102.605560  72.033346    20.927    23.290  5 54645.55543576 16.989
 70 102.604171  72.035075     3.559     3.513  5 54680.55543740 14.326
 71 102.612683  72.041324     0.519     0.470  4 54715.55538841 39.658
 72 102.601747  72.030283     0.489     0.336  5 54750.55540740 35.951
 73 102.610771  72.036844     7.129     6.431  5 54785.55537657 14.088
 74 102.603922  72.029360    13.656    12.917  6 54820.55540039 11.429
 75 102.608900  72.037613    14.044    14.082  4 54855.55537320 10.603
 76 102.603831  72.034747    14.417    14.058  5 54890.55540521 10.001
 77 102.614582  72.039738    13.008    13.385  4 54925.55537236  9.880
 78 102.601514  72.030936    26.230    26.143  6 54960.55540299  6.290
 79 102.605452  72.032498     6.809     6.932  6 54995.55542466 44.728
 80 102.604918  72.034642    10.671    13.853  5 55030.55541481 15.381
 81 102.606113  72.037116    18.381    21.137  5 55065.55540563 15.214
 82 102.613879  72.041217     1.446     1.228  4 55100.55534859 31.111
 83 102.603232  72.030801     0.732     0.453  5 55135.55534980 31.587
 84 102.610623  72.038680     2.085     2.154  4 55170.55531416 17.528
 85 102.600022  72.031965     1.398     1.050  4 55205.55534350 16.308
 86 102.611052  72.039189     2.458     2.470  4 55240.55532028 13.178
 87 102.609621  72.033812     5.061     1.673  5 55275.55533749 12.798
 88 102.610343  72.040791     2.806     2.751  4 55310.55530480 12.768
 89 102.605299  72.034974     4.956     5.508  5 55345.55530678 23.859
 90 102.607910  72.036883    11.439    13.974  5 55380.55530017 16.251
 91 102.601679  72.030197    10.706    11.857  6 55415.55532563 16.518
 92 102.611367  72.036603     1.516     1.442  5 55450.55531167 43.113
 93 102.612313  72.044036     1.800     1.833  4 55485.55523741 21.051
