# NaN NaN NaN ;Mean Elev.(m), Avg Gradient(m/km), RMS Gradient(m/km) - SRTM1     
#  -12.809   1.037   6.173 ;Mean Elev.(m), Avg Gradient(m/km), RMS Gradient(m/km) - ASTER GDEM
#    1.250   0.654   6.743 ;Mean Elev.(m), Avg Gradient(m/km), RMS Gradient(m/km) - GMTED2010 
  8 104.017679  72.428546    12.839    12.839  2 52488.54955441 19.385
 11 104.005616  72.428481    -0.214    -0.214  2 52593.54957955 16.264
 13 104.011143  72.427735     9.096     6.232  3 52663.54954135  9.847
 15 104.019065  72.430432    16.044    16.044  2 52733.54953953  3.358
 16 104.023231  72.431305    29.223    29.223  2 52768.54954312  2.425
 19 104.003458  72.428114     0.671     0.671  3 52873.54966802 47.785
 23 104.013287  72.429358    11.528    11.528  2 53013.54963492 12.777
 25 104.010679  72.428292    12.113    12.113  2 53083.54964050  9.036
 27 104.004329  72.425296    27.149    27.149  2 53153.54966129  2.517
 28 104.014292  72.427679    11.918    11.918  2 53188.54964991 25.003
 29 104.016015  72.430127    11.179    11.179  2 53223.54966698 18.488
 30 104.021325  72.429398    12.436    12.436  2 53258.54964214 16.891
 32 104.012915  72.428734     9.800     9.800  2 53328.54963825 13.186
 33 104.021851  72.431580    17.899    17.899  2 53363.54959129  7.739
 35 104.021363  72.430841    24.228    24.228  2 53433.54960481  3.692
 37 104.007556  72.427448    28.859    28.254  3 53503.54969147  1.062
 38 104.010296  72.429000    12.563    12.563  2 53538.54968779 25.185
 39 104.015953  72.427259    12.377    12.377  2 53573.54968712 16.170
 40 104.025357  72.431365     1.252     1.252  2 53608.54963717 32.516
 42 104.007737  72.428185     0.554     0.554  2 53678.54965715 21.995
 43 104.023205  72.431845    -0.061    -0.061  2 53713.54958583 14.145
 45 104.018118  72.428267     0.286     0.286  2 53783.54953013 12.140
 48 104.014764  72.428006     0.964     0.964  2 53888.54957823 15.288
 50 104.012442  72.427321     0.354     0.354  2 53958.54963876 39.609
 53 104.018273  72.428349     3.854     3.854  2 54063.54962154 14.520
 54 104.021934  72.430844     2.042     2.042  2 54098.54958976 11.560
 56 104.018734  72.429606    22.554    22.554  2 54168.54956378  7.049
 58 104.009292  72.427515    28.372    28.744  3 54238.54958422  5.501
 59 104.014628  72.427006    12.653    12.653  2 54273.54960189 22.232
 60 104.008964  72.427568     7.699     1.069  3 54308.54960396 19.475
 61 104.021641  72.431288     1.392     1.392  2 54343.54958237 50.160
 63 104.013968  72.428700     0.143     0.143  2 54413.54952986 15.244
 65 104.012609  72.427152    19.797    19.797  2 54483.54952328  7.678
 67 104.018950  72.430472    27.270    27.270  2 54553.54953572  0.967
 68 104.002193  72.429023    26.485    26.162  3 54588.54951596  1.393
 69 104.013903  72.427725    12.018    12.018  2 54623.54953299 25.583
 70 104.006872  72.428692    15.121    19.857  3 54658.54954231 19.474
 71 104.018568  72.428066    21.297    21.297  2 54693.54952315 14.417
 73 104.011586  72.427280    29.183    29.183  2 54763.54950081  5.663
 75 104.011124  72.428770    23.707    23.707  2 54833.54949152  5.080
 77 104.018150  72.430259    25.086    25.086  2 54903.54950114  1.725
 78 104.003383  72.426855    27.691    27.721  3 54938.54947644  2.083
 79 104.005056  72.428399    28.156    28.293  3 54973.54950811  2.596
 80 104.011874  72.429082     2.448     2.448  2 55008.54952286 22.703
 81 104.009570  72.427868     0.623     0.455  3 55043.54951233 22.057
 82 104.021063  72.429220    -1.223    -1.223  2 55078.54948989 42.941
 83 104.003358  72.427210     0.392     0.362  3 55113.54944471 42.527
 84 104.009297  72.428522     0.201     0.201  2 55148.54944535 21.539
 86 104.014273  72.428605     0.536     0.600  3 55218.54944295 15.063
 90 104.012934  72.428117     3.256     3.256  2 55358.54940886 34.570
 91 104.002439  72.427164    19.795    19.795  3 55393.54941242 14.281
 92 104.009498  72.428105     0.201     0.128  3 55428.54942494 34.771
