-110719.832    29.756     0.00   10.50
-110348.197    33.580    10.29    9.43
-109976.660    40.500    18.63   12.37
-109605.222    49.136    23.25   14.53
-109233.883    56.865    20.82   14.66
-108862.642    62.437    15.01   12.11
-108491.500    64.155     4.63    9.67
-108120.456    64.593     1.18    7.71
-107749.511    64.351    -0.65    7.76
-107378.663    63.906    -1.20    9.41
-107007.914    65.136     3.32   10.24
-106637.263    66.093     2.58    9.76
-106266.710    67.788     4.58    8.54
-105896.254    69.499     4.62    7.33
-105525.897    71.827     6.29    7.54
-105155.637    74.012     5.90    8.82
-104785.475    73.351    -1.79    9.04
-104415.410    73.809     1.24    8.36
-104045.443    72.585    -3.31    8.81
-103675.573    72.114    -1.27    8.68
-103305.801    74.551     6.59    9.64
-102936.126    78.454    10.56   11.05
-102566.548    81.049     7.02   10.99
-102197.068    82.682     4.42   12.41
-101827.684    84.155     3.99   15.67
-101458.397    83.588    -1.54   15.81
-101089.207    83.140    -1.21   13.70
-100720.114    78.218   -13.34   12.59
-100351.118    70.303   -21.45   11.79
 -99982.218    64.600   -15.46    9.36
 -99613.415    60.109   -12.18    9.79
 -99244.709    55.785   -11.73   10.88
 -98876.098    51.677   -11.15   12.19
 -98507.585    47.062   -12.52   11.76
 -98139.167    43.025   -10.96    6.71
 -97770.846    41.894    -3.07    4.87
 -97402.621    43.752     5.05    6.79
 -97034.491    46.849     8.41    8.67
 -96666.458    46.970     0.33    8.93
 -96298.521    48.118     3.12    8.58
 -95930.679    49.065     2.57    7.74
 -95562.934    50.996     5.25    6.34
 -95195.284    54.327     9.06    6.76
 -94827.729    58.356    10.96    8.48
 -94460.270    63.062    12.81    9.55
 -94092.906    68.343    14.38    9.41
 -93725.638    73.286    13.46    8.92
 -93358.465    78.834    15.11    9.81
 -92991.388    84.958    16.68    9.09
 -92624.405    90.272    14.48    5.99
 -92257.518    90.194    -0.21    7.03
 -91890.725    91.232     2.83    7.98
 -91524.028    94.178     8.03    9.16
 -91157.425    97.773     9.80   10.75
 -90790.917    95.882    -5.16   13.41
 -90424.503    88.975   -18.85   14.73
 -90058.185    79.976   -24.57   12.16
 -89691.961    73.926   -16.52    9.95
 -89325.831    71.559    -6.46   11.35
 -88959.796    69.854    -4.66   12.79
 -88593.855    65.974   -10.60   14.51
 -88228.008    61.126   -13.25   14.69
 -87862.256    56.618   -12.32   10.42
 -87496.597    54.648    -5.39    7.15
 -87131.033    56.501     5.07    7.45
 -86765.562    61.593    13.93    9.38
 -86400.186    66.820    14.31   11.31
 -86034.903    67.630     2.22   10.94
 -85669.714    65.599    -5.56   11.70
 -85304.619    60.959   -12.71   12.30
 -84939.617    54.532   -17.61    9.69
 -84574.709    52.652    -5.15    7.52
 -84209.894    53.943     3.54    7.77
 -83845.173    56.414     6.78    6.23
 -83480.545    58.304     5.18    6.75
 -83116.010    57.981    -0.88    7.31
 -82751.568    56.591    -3.81    7.70
 -82387.219    55.144    -3.97    8.52
 -82022.964    48.735   -17.60    9.96
 -81658.801    40.150   -23.58   12.66
 -81294.731    39.303    -2.33   13.69
 -80930.754    38.608    -1.91   15.12
 -80566.870    38.563    -0.12   17.31
 -80203.078    39.750     3.26   17.68
 -79839.379    40.642     2.45   16.71
 -79475.772    36.224   -12.15   14.04
 -79112.258    31.683   -12.49   12.07
 -78748.836    27.448   -11.65   11.46
 -78385.507    24.214    -8.90   10.33
 -78022.270    22.668    -4.26   10.23
 -77641.781    22.481    -0.49   12.35
 -77258.911    23.858     3.60   13.46
 -76876.146    25.332     3.85   15.56
 -76493.488    28.945     9.44   17.80
 -76110.936    33.446    11.77   17.39
 -75728.489    38.838    14.10   12.87
 -75346.148    40.673     4.80    9.55
 -74963.912    43.045     6.21    7.74
 -74581.782    45.185     5.60    7.21
 -74199.757    44.772    -1.08    7.72
 -73817.838    37.784   -18.30   12.87
 -73436.024    27.599   -26.67   15.54
 -73054.315    13.906   -35.88   13.29
 -72672.711     4.779   -23.92    9.18
 -72291.211     2.138    -6.92    8.52
 -71909.817     4.562     6.36   14.37
 -71528.528    11.780    18.93   20.03
 -71147.343    22.660    28.54   22.84
 -70766.263    32.656    26.23   21.71
 -70385.287    37.479    12.66   18.36
 -70004.416    36.614    -2.27   15.93
 -69623.649    32.653   -10.40   13.93
 -69242.987    32.311    -0.90   13.25
 -68862.428    34.780     6.49   14.20
 -68481.974    38.866    10.74   14.53
 -68101.624    42.990    10.84   14.70
 -67721.377    45.323     6.14   15.01
 -67341.235    44.672    -1.71   14.44
 -66961.196    44.333    -0.89   14.22
 -66581.261    44.206    -0.33   13.21
 -66201.429    44.004    -0.53   11.32
 -65821.701    41.750    -5.93    9.73
 -65442.077    37.406   -11.45    9.63
 -65062.556    30.760   -17.51    8.56
 -64683.138    24.286   -17.06    8.81
 -64303.823    17.038   -19.11   11.21
 -63924.611    10.309   -17.74   10.99
 -63545.502     7.707    -6.86    9.98
 -63166.496     8.793     2.87   12.08
 -62787.593    11.588     7.38   10.38
 -62408.793    11.591     0.01    7.75
 -62030.095     8.062    -9.32    7.53
 -61651.500     3.518   -12.00    6.97
 -61273.008    -0.877   -11.61    5.17
 -60894.617    -2.458    -4.18    4.08
 -60516.330    -3.065    -1.61    4.30
 -60138.144    -2.386     1.80    3.77
 -59760.061    -1.515     2.30    3.42
 -59382.079    -1.151     0.96    3.33
 -59004.200    -0.909     0.64    2.98
 -58626.422    -0.921    -0.03    2.41
 -58248.747    -3.266    -6.21    4.06
 -57871.173    -6.062    -7.40    4.67
 -57493.701    -8.266    -5.84    4.03
 -57116.330    -8.218     0.13    4.85
 -56739.061    -7.644     1.52    5.30
 -56361.894    -8.130    -1.29    4.73
 -55984.827    -9.236    -2.93    4.23
 -55607.862   -10.586    -3.58    3.30
 -55230.998   -11.282    -1.85    2.31
 -54854.235   -11.352    -0.18    2.33
 -54477.574   -10.769     1.55    3.57
 -54101.013   -10.159     1.62    4.21
 -53724.553   -10.739    -1.54    3.39
 -53348.194   -11.433    -1.84    1.94
 -52971.935   -11.791    -0.95    1.45
 -52595.777   -11.824    -0.09    1.61
 -52219.720   -11.887    -0.17    1.79
 -51843.763   -11.984    -0.26    1.71
 -51467.906   -11.872     0.30    2.12
 -51092.150   -11.941    -0.18    1.98
 -50716.494   -12.178    -0.63    1.29
 -50340.938   -12.463    -0.76    0.60
 -49965.482   -12.179     0.75    1.78
 -49590.126   -11.386     2.11    3.37
 -49214.870   -10.705     1.82    3.80
 -48839.713   -10.906    -0.54    3.13
 -48464.657   -11.209    -0.81    2.51
 -48089.700   -10.765     1.18    3.96
 -47714.843    -9.118     4.39    5.96
 -47340.085    -7.731     3.70    6.15
 -46965.426    -6.880     2.27    5.83
 -46590.867    -6.610     0.72    5.34
 -46216.407    -5.701     2.43    6.78
 -45842.047    -3.459     5.99    8.97
 -45467.785    -1.661     4.81    9.41
 -45093.623     0.038     4.54    9.62
 -44719.559    -0.691    -1.95   10.66
 -44345.594    -2.488    -4.80   10.52
 -43971.728    -6.110    -9.69    9.21
 -43597.961    -8.377    -6.06    5.98
 -43224.292    -9.554    -3.15    3.06
 -42850.722    -8.571     2.63    3.32
 -42477.250    -7.230     3.59    3.26
 -42103.877    -7.182     0.13    3.44
 -41730.602    -5.814     3.67    3.88
 -41357.425    -4.832     2.63    3.47
 -40984.347    -4.860    -0.08    3.96
 -40611.366    -5.093    -0.62    3.90
 -40238.484    -5.594    -1.34    4.03
 -39865.699    -6.627    -2.77    4.17
 -39493.013    -7.438    -2.18    3.26
 -39120.424    -7.844    -1.09    3.08
 -38747.932    -8.240    -1.06    3.26
 -38375.539    -9.426    -3.19    3.48
 -38003.243   -10.553    -3.03    3.04
 -37631.044    -9.771     2.10    5.44
 -37258.943    -7.586     5.87    6.65
 -36886.939    -5.985     4.30    6.28
 -36515.032    -4.796     3.20    5.13
 -36143.222    -4.529     0.72    3.54
 -35771.510    -3.628     2.42    3.69
 -35399.894    -3.667    -0.11    3.58
 -35028.376    -2.570     2.95    4.19
 -34656.954     0.056     7.07    5.81
 -34285.629     0.707     1.75    5.51
 -33914.401     0.339    -0.99    5.81
 -33543.269    -1.730    -5.58    6.57
 -33172.234    -3.909    -5.87    4.52
 -32801.295    -4.875    -2.61    3.22
 -32430.453    -4.594     0.76    3.40
 -32059.707    -4.675    -0.22    3.32
 -31689.057    -5.685    -2.72    3.46
 -31318.504    -6.674    -2.67    3.65
 -30948.046    -6.909    -0.63    3.96
 -30577.685    -7.041    -0.36    3.90
 -30207.420    -6.838     0.55    3.50
 -29837.250    -5.890     2.56    3.30
 -29467.176    -5.263     1.69    2.95
 -29097.198    -4.135     3.05    2.83
 -28727.316    -1.935     5.95    3.70
 -28357.529    -0.786     3.11    4.12
 -27987.838    -0.360     1.15    4.05
 -27618.242    -0.340     0.06    3.44
 -27248.741    -0.399    -0.16    2.96
 -26879.336    -0.345     0.15    2.47
 -26510.026    -0.796    -1.22    2.89
 -26140.811    -1.200    -1.10    3.42
 -25771.691    -3.077    -5.08    3.23
 -25402.666    -2.965     0.30    3.60
 -25033.736    -2.935     0.08    3.73
 -24664.901    -2.340     1.61    4.40
 -24296.160    -1.529     2.20    4.50
 -23927.514    -1.300     0.62    4.69
 -23558.963    -1.426    -0.34    5.00
 -23190.507    -0.954     1.28    4.54
 -22822.144    -1.466    -1.39    3.37
 -22453.877    -1.858    -1.06    3.06
 -22085.703    -0.890     2.63    3.30
 -21717.624     0.923     4.92    3.70
 -21349.639     1.230     0.83    3.49
 -20981.748     2.294     2.89    3.40
 -20613.951     3.341     2.85    3.46
 -20246.248     3.073    -0.73    4.39
 -19878.639     3.700     1.71    4.43
 -19511.124     2.470    -3.35    4.23
 -19143.702     0.531    -5.28    2.99
 -18776.375    -0.438    -2.64    3.35
 -18409.140    -2.360    -5.23    4.19
 -18042.000    -4.260    -5.18    3.98
 -17674.952    -4.875    -1.67    4.29
 -17307.999    -4.836     0.11    4.37
 -16941.138    -4.136     1.91    4.03
 -16574.371    -3.815     0.87    3.84
 -16207.697    -2.935     2.40    3.52
 -15841.116    -2.645     0.79    2.89
 -15474.627    -3.082    -1.19    3.51
 -15108.232    -4.098    -2.77    4.41
 -14741.930    -6.881    -7.60    4.61
 -14375.721    -8.336    -3.97    4.01
 -14009.604    -8.735    -1.09    2.99
 -13643.580    -8.486     0.68    3.04
 -13277.649    -7.965     1.42    3.02
 -12911.810    -7.254     1.94    2.89
 -12546.064    -6.916     0.92    3.03
 -12180.410    -7.191    -0.75    3.01
 -11814.848    -7.132     0.16    2.94
 -11449.378    -7.618    -1.33    3.14
 -11084.001    -7.716    -0.27    3.03
 -10718.716    -7.602     0.31    3.09
 -10353.523    -6.797     2.20    3.06
  -9988.422    -6.056     2.03    3.04
  -9623.412    -5.203     2.34    3.14
  -9258.495    -5.139     0.18    2.91
  -8893.669    -4.709     1.18    2.71
  -8528.935    -5.044    -0.92    2.45
  -8164.293    -6.086    -2.86    2.41
  -7799.742    -6.148    -0.17    3.20
  -7435.283    -5.332     2.24    4.35
  -7070.915    -5.086     0.67    4.36
  -6706.638    -5.619    -1.46    4.47
  -6342.453    -7.618    -5.49    3.61
  -5978.358    -8.715    -3.01    3.05
  -5614.355    -9.636    -2.53    2.25
  -5250.443    -8.725     2.50    2.87
  -4886.623    -8.090     1.75    2.74
  -4522.892    -6.759     3.66    2.73
  -4159.253    -6.626     0.37    2.60
  -3795.705    -5.204     3.91    4.05
  -3432.247    -1.689     9.67    7.32
  -3058.819     5.626    19.59   12.38
  -2676.099    13.407    20.33   10.63
  -2293.483    21.603    21.42    7.29
  -1910.971    28.144    17.10   10.50
  -1528.562    37.676    24.93   19.82
  -1146.257    42.955    13.81   18.90
   -764.055    38.200   -12.44   26.15
   -381.956    23.325   -38.93   30.68
      0.039     5.138   -47.61   20.97
    381.931    -3.238   -21.93   10.03
    763.720    -0.820     6.33   11.00
   1145.406     6.955    20.37   13.47
   1526.989    14.128    18.80   12.81
   1908.470    21.155    18.42    9.57
   2289.847    23.955     7.34    8.32
   2671.122    27.054     8.13    4.30
   3052.294    28.203     3.01    3.63
   3433.364    27.246    -2.51    4.39
   3814.331    23.464    -9.93    8.40
   4195.196    18.580   -12.82    9.35
   4575.959    14.291   -11.26    7.26
   4956.619    13.654    -1.67    6.60
   5337.178    17.054     8.93    9.54
   5717.634    23.603    17.21   11.46
   6097.989    29.778    16.23   10.48
   6478.241    32.780     7.90    8.15
   6858.392    34.540     4.63    8.60
   7238.441    36.998     6.47   10.35
   7618.389    39.923     7.70   12.66
   7998.235    39.373    -1.45   13.94
   8377.980    35.685    -9.71   13.52
   8757.623    29.738   -15.67    8.85
   9137.165    25.745   -10.52    6.00
   9516.606    21.776   -10.46    5.87
   9895.945    19.381    -6.31    4.74
  10275.184    20.341     2.53    5.72
  10654.322    21.614     3.36    6.54
  11033.358    21.660     0.12    9.15
  11412.294    20.877    -2.07   13.06
  11791.129    16.663   -11.12   14.27
  12169.864    13.073    -9.48   16.14
  12548.498     8.381   -12.39   16.38
  12927.032     0.968   -19.58   11.15
  13305.465    -1.880    -7.53   10.31
  13683.798    -5.274    -8.97    7.44
  14062.030    -7.448    -5.75    1.14
  14440.163    -4.832     6.92    7.69
  14818.195    -0.685    10.97   11.19
  15196.127     4.615    14.02   12.84
  15573.960     9.481    12.88   12.85
  15951.692    14.520    13.34   10.82
  16329.325    17.968     9.13    5.93
  16706.858    18.173     0.54    2.78
  17084.291    17.756    -1.10    2.47
  17461.625    17.940     0.49    2.64
  17838.860    19.642     4.51    3.43
  18215.995    22.857     8.52    4.96
  18593.031    26.691    10.17    5.84
  18969.967    30.084     9.00    5.26
  19346.805    32.048     5.21    4.52
  19723.543    32.474     1.13    4.57
  20100.182    33.200     1.93    5.92
  20476.723    34.723     4.05    7.63
  20853.165    40.109    14.31   10.22
  21229.507    43.653     9.42   10.48
  21605.752    45.740     5.55    8.94
  21981.897    46.621     2.34    7.57
  22357.944    44.783    -4.89    5.93
  22733.893    39.226   -14.78    8.42
  23109.743    32.321   -18.37   12.17
  23485.495    23.759   -22.79   12.76
  23861.149    18.216   -14.75    7.89
  24236.705    18.031    -0.49    7.47
  24612.162    19.562     4.08    6.93
  24987.522    21.206     4.38    6.01
  25362.783    16.513   -12.51    7.73
  25737.947    13.540    -7.92    7.02
  26113.013    12.289    -3.33    7.03
  26487.982    12.332     0.11    8.35
  26862.852    11.668    -1.77    9.62
  27237.626     8.123    -9.46   10.72
  27612.302     3.573   -12.14    8.86
  27986.880    -0.019    -9.59    3.60
  28361.361     1.315     3.56    6.37
  28735.745     5.273    10.57    9.53
  29110.032     8.092     7.53    8.94
  29484.221    10.655     6.85    6.95
  29858.314    11.790     3.03    3.94
  30232.310    11.824     0.09    2.44
  30606.209    12.338     1.37    2.52
  30980.011    13.770     3.83    3.74
  31353.716    17.119     8.96    4.96
  31727.325    21.448    11.59    5.56
  32100.837    24.810     9.00    4.67
  32474.253    27.964     8.45    3.07
  32847.573    30.523     6.86    3.82
  33220.796    32.016     4.00    4.07
  33593.923    33.140     3.01    3.52
  33966.953    33.439     0.80    3.13
  34339.888    32.627    -2.18    2.91
  34712.726    32.791     0.44    2.72
  35085.469    32.500    -0.78    2.75
  35458.115    32.952     1.21    3.41
  35830.666    34.781     4.91    4.36
  36203.121    37.529     7.38    5.71
  36575.481    40.087     6.87    6.29
  36947.745    41.586     4.03    5.68
  37319.913    40.915    -1.80    5.86
  37691.986    38.877    -5.48    5.66
  38063.964    37.007    -5.03    3.80
  38435.846    36.787    -0.59    2.60
  38807.633    37.381     1.60    2.07
  39179.325    37.667     0.77    1.95
  39550.922    38.472     2.17    2.00
  39922.424    39.732     3.39    2.57
  40293.831    40.056     0.87    2.77
  40665.143    39.760    -0.80    3.30
  41036.360    40.155     1.06    3.67
  41407.482    41.357     3.24    4.36
  41778.510    44.381     8.15    4.02
  42149.444    46.496     5.70    3.67
  42520.283    46.768     0.73    3.29
  42891.027    45.146    -4.37    4.19
  43261.677    42.864    -6.16    3.67
  43632.233    39.855    -8.12    3.24
  44002.694    37.572    -6.16    3.63
  44373.062    37.229    -0.93    3.86
  44743.335    38.398     3.16    4.57
  45113.515    41.167     7.48    4.37
  45483.600    42.051     2.39    3.73
  45853.592    38.770    -8.87    6.42
  46223.490    36.695    -5.61    5.95
  46593.294    37.177     1.30    6.41
  46963.005    40.291     8.42    7.01
  47332.622    43.743     9.34    4.58
  47702.145    44.153     1.11    3.58
  48071.575    41.844    -6.25    3.95
  48440.912    40.009    -4.97    3.61
  48810.155    40.541     1.44    4.41
  49179.305    43.146     7.06    6.50
  49548.363    48.536    14.61    8.52
  49917.327    52.142     9.77    8.42
  50286.198    53.584     3.91    8.04
  50654.976    50.948    -7.15    8.74
  51023.661    46.110   -13.12    8.02
  51392.253    41.309   -13.02    5.96
  51760.753    37.606   -10.05    4.06
  52129.160    35.399    -5.99    3.25
  52497.475    33.212    -5.94    3.82
  52865.697    30.171    -8.26    4.63
  53233.826    25.846   -11.75    5.66
  53601.864    20.762   -13.81    6.82
  53969.808    16.153   -12.53    7.79
  54337.661    10.708   -14.80    7.24
  54705.422     7.225    -9.47    5.92
  55073.090     4.279    -8.01    4.00
  55440.666     2.873    -3.82    2.32
  55808.151     3.054     0.49    1.89
  56175.544     3.363     0.84    1.87
  56542.844     4.070     1.93    2.00
  56910.053     4.860     2.15    1.58
  57277.171     5.689     2.26    0.95
  57644.196     6.129     1.20    0.71
  58011.131     6.493     0.99    0.40
  58377.973     6.754     0.71    0.68
  58744.725     7.506     2.05    1.91
  59111.385     8.346     2.29    2.52
  59477.953     9.148     2.19    2.98
  59844.431     9.237     0.24    2.90
  60210.817     8.540    -1.90    2.05
  60577.113     8.331    -0.57    1.59
  60943.317     9.536     3.29    3.00
  61309.430    12.484     8.05    5.79
  61675.453    15.815     9.10    7.73
  62041.385    18.981     8.65    8.35
  62407.226    20.962     5.42    9.16
  62772.976    22.198     3.38    9.47
  63138.636    23.855     4.53    9.10
  63504.205    25.121     3.46    8.34
  63869.684    25.347     0.62    7.81
  64235.073    24.638    -1.94    7.40
  64600.371    22.498    -5.86    7.17
  64965.579    19.890    -7.14    6.80
  65330.696    17.129    -7.56    5.57
  65695.724    15.010    -5.80    3.88
  66060.661    13.908    -3.02    2.33
  66425.509    14.096     0.51    1.93
  66790.267    15.186     2.99    2.96
  67154.934    16.956     4.85    4.11
  67519.512    18.615     4.55    5.09
  67884.001    19.555     2.58    5.56
  68248.399    19.729     0.48    5.76
  68612.708    18.568    -3.19    5.36
  68976.928    17.162    -3.86    4.86
  69341.058    15.190    -5.42    3.41
  69705.099    13.763    -3.92    2.17
  70069.050    13.021    -2.04    1.49
  70432.912    12.523    -1.37    1.08
  70796.685    12.330    -0.53    0.82
  71160.369    12.292    -0.10    0.53
  71527.217    12.473     0.49    0.50
  71909.777    12.372    -0.26    0.81
  72292.236    11.919    -1.18    1.37
  72674.593    11.602    -0.83    1.50
  73056.849    12.146     1.42    2.35
  73439.004    13.150     2.63    3.12
  73821.058    15.746     6.79    5.06
  74203.011    21.549    15.19    9.41
  74584.863    28.776    18.92   10.66
  74966.614    35.911    18.69    8.55
  75348.264    41.859    15.58    4.08
  75729.814    44.364     6.57    3.31
  76111.263    46.140     4.65    3.72
  76492.611    49.153     7.90    6.25
  76873.859    53.595    11.65    9.13
  77255.006    55.958     6.20    8.84
  77636.053    56.390     1.13    8.59
  78017.000    54.355    -5.34    7.60
  78397.846    49.163   -13.63    6.83
  78778.593    43.408   -15.11    9.75
  79159.239    35.256   -21.41   12.74
  79539.786    28.068   -18.89   11.63
  79920.233    23.484   -12.05    8.67
  80300.580    24.236     1.98    9.56
  80680.827    30.945    17.64   11.87
  81060.975    39.450    22.37   10.26
  81441.023    45.792    16.69   10.35
  81820.971    51.423    14.82   14.65
  82200.820    57.481    15.95   18.20
  82580.570    61.625    10.91   16.55
  82960.221    64.416     7.35   14.64
  83339.772    60.340   -10.74   14.58
  83719.225    56.527   -10.05   12.77
  84098.578    57.295     2.03   13.80
  84477.832    56.161    -2.99   15.77
  84856.988    60.772    12.16   15.45
  85236.045    63.096     6.13   15.19
  85615.003    64.508     3.73   13.59
  85993.862    62.839    -4.41   10.61
  86372.623    60.877    -5.18    8.77
  86751.286    63.398     6.66   11.91
  87129.850    68.608    13.76   15.29
  87508.316    72.694    10.80   14.06
  87886.683    74.045     3.57   10.79
  88264.952    73.999    -0.12    9.41
  88643.124    77.123     8.26   13.03
  89021.197    77.732     1.61   14.39
  89399.172    79.347     4.27   14.02
  89777.049    78.788    -1.48   12.59
  90154.829    77.071    -4.54   14.59
  90532.511    78.255     3.14   19.43
  90910.095    76.708    -4.10   20.64
  91287.582    72.695   -10.63   13.59
  91664.971    70.692    -5.31    8.46
  92042.263    66.281   -11.69    8.59
  92419.457    61.304   -13.20    7.06
  92796.554    58.795    -6.65    3.71
  93173.554    59.754     2.54    5.05
  93550.457    63.115     8.92    6.87
  93927.263    62.076    -2.76    7.87
  94303.972    56.372   -15.14   11.60
  94680.584    50.166   -16.48   11.40
  95057.099    45.287   -12.96    7.52
  95433.517    42.252    -8.06    5.23
  95809.839    41.873    -1.01    5.88
  96186.064    43.253     3.67    6.56
  96562.193    44.314     2.82    7.53
  96938.225    44.301    -0.03    8.38
  97314.161    45.321     2.71    8.10
  97690.000    46.157     2.22    6.86
  98065.743    46.089    -0.18    4.85
  98441.390    46.860     2.05    4.47
  98816.941    47.408     1.46    3.34
  99192.396    43.347   -10.82    6.89
  99567.755    39.881    -9.23    8.17
  99943.018    36.131    -9.99    7.25
 100318.186    34.638    -3.98    5.22
 100693.258    36.329     4.51    5.29
 101068.234    38.000     4.46    4.93
 101443.114    39.170     3.12    4.57
 101817.899    38.186    -2.62    4.70
 102192.588    36.599    -4.24    4.48
 102567.183    37.381     2.09    5.78
 102941.682    39.144     4.71    6.50
 103316.085    40.553     3.76    6.18
 103690.394    40.610     0.15    4.62
 104064.607    41.584     2.60    4.41
 104438.726    41.492    -0.25    3.64
 104812.749    42.079     1.57    3.45
 105186.678    43.337     3.36    3.94
 105560.512    45.312     5.28    5.23
 105934.251    48.872     9.52    5.07
 106307.896    51.680     7.52    4.43
 106681.446    52.242     1.50    4.27
 107054.901    53.381     3.05    3.61
 107428.262    53.962     1.56    3.64
 107801.529    54.904     2.52    3.88
 108174.702    58.441     9.48    6.18
 108547.780    62.584    11.11    8.54
 108920.764    67.390    12.88    7.98
 109293.654    72.157    12.78    5.92
 109666.450    75.783     9.72    4.70
 110039.152    76.729     2.54    5.19
 110411.761    78.006     3.43    4.80
 110784.275    77.014    -2.66    5.93
 111156.696    74.209    -7.53    6.21
 111529.023    73.195    -2.72    5.79
 111901.257    72.561    -1.70    4.66
 112273.397    71.252    -3.52    4.35
 112645.443    72.185     2.51    4.62
 113017.397    73.668     3.99    5.70
 113389.257    74.033     0.98    5.82
 113761.023    73.726    -0.83    5.99
 114132.697    72.663    -2.86    6.25
 114504.277    72.619    -0.12    5.15
 114875.765    71.735    -2.38    4.91
 115247.160    71.746     0.03    4.68
 115618.461    71.562    -0.50    4.79
 115989.670    70.990    -1.54    4.28
 116360.786    73.031     5.50    4.21
 116731.810    75.381     6.33    3.63
 117102.741    76.726     3.63    3.57
 117473.579    77.321     1.60    4.91
 117844.325    77.619     0.80    5.73
 118214.978    75.185    -6.57    6.56
 118585.540    72.294    -7.80    6.59
 118956.009    71.451    -2.28    5.74
 119326.385    69.651    -4.86    5.12
 119696.670    69.353    -0.80    4.94
 120066.863    66.868    -6.71    5.72
 120436.963    62.956   -10.57    5.60
 120806.972    59.847    -8.40    6.22
 121176.889    55.877   -10.73    6.91
 121546.714    51.008   -13.16    7.06
 121916.447    47.253   -10.16    6.97
 122286.089    44.311    -7.96    5.53
 122655.639    41.821    -6.74    3.82
 123025.098    41.287    -1.44    3.52
 123394.465    41.325     0.10    4.01
 123763.741    41.597     0.74    4.38
 124132.925    42.284     1.86    4.42
 124502.019    43.881     4.33    3.32
 124871.021    45.088     3.27    3.43
 125239.932    46.463     3.73    3.25
 125608.752    46.737     0.74    2.90
 125977.481    45.767    -2.63    3.67
 126346.119    42.485    -8.90    5.53
 126714.666    38.161   -11.73    6.55
 127083.123    33.244   -13.34    6.05
 127451.489    28.959   -11.63    4.89
 127819.764    26.000    -8.03    3.20
 128187.949    24.098    -5.17    1.65
 128556.043    23.623    -1.29    1.81
 128924.047    23.821     0.54    2.27
 129291.960    24.138     0.86    2.44
 129659.783    24.200     0.17    2.15
 130027.516    24.354     0.42    1.79
 130395.159    24.590     0.64    1.77
 130762.711    24.984     1.07    1.80
 131130.174    24.942    -0.11    1.74
 131497.546    24.642    -0.82    1.65
 131864.829    24.280    -0.99    1.63
 132232.022    24.390     0.30    1.44
 132599.125    24.934     1.48    1.53
 132966.138    26.872     5.28    3.84
 133333.062    30.717    10.48    7.22
 133699.896    35.956    14.28    8.72
 134066.641    41.655    15.54    7.85
 134433.296    45.959    11.74    4.26
 134799.862    47.859     5.18    1.54
 135166.339    48.599     2.02    1.98
 135532.726    49.516     2.50    2.89
 135899.024    51.285     4.83    3.66
 136265.233    53.912     7.17    4.34
 136631.353    57.693    10.33    5.31
 136997.384    61.999    11.76    6.32
 137363.326    66.399    12.02    6.68
 137729.179    69.776     9.23    5.95
 138094.943    71.269     4.08    5.51
 138460.619    71.642     1.02    5.76
 138826.206    72.164     1.43    5.92
 139191.705    73.451     3.52    6.36
 139557.114    74.952     4.11    6.23
 139922.436    76.260     3.58    5.15
 140287.669    76.797     1.47    4.39
 140652.813    76.746    -0.14    3.73
 141017.870    77.068     0.88    3.59
 141382.838    77.195     0.35    3.46
 141747.718    76.285    -2.49    3.56
 142112.510    75.504    -2.14    3.30
 142477.214    74.201    -3.57    2.59
 142841.830    72.980    -3.35    2.43
 143206.358    71.593    -3.80    2.27
 143570.798    70.056    -4.22    1.74
 143935.151    69.210    -2.32    1.25
 144299.415    68.763    -1.23    1.48
 144663.592    68.036    -1.99    2.00
 145027.682    66.969    -2.93    2.19
 145391.684    65.983    -2.71    1.79
 145755.598    65.746    -0.65    2.11
 146119.426    65.818     0.20    3.03
 146498.688    65.112    -1.86    3.69
 146880.983    64.153    -2.51    3.31
 147263.179    63.486    -1.74    1.96
 147645.277    64.268     2.05    2.25
 148027.275    66.390     5.55    2.86
 148409.175    68.407     5.28    3.29
 148790.976    70.029     4.25    3.02
 149172.678    70.907     2.30    2.20
 149554.282    71.608     1.84    1.42
 149935.787    73.207     4.19    2.75
 150317.194    75.019     4.75    3.59
 150698.503    77.799     7.29    3.77
 151079.713    80.310     6.59    3.77
 151460.825    83.442     8.22    4.87
 151841.839    86.741     8.66    5.83
 152222.755    91.146    11.56    6.84
 152603.573    95.416    11.21    7.79
 152984.293   100.890    14.38    8.60
 153364.916   106.520    14.79   10.82
 153745.440   113.619    18.65   12.89
 154125.867   122.790    24.10   16.36
 154506.197   129.637    18.00   14.84
 154886.429   131.153     3.99   12.96
 155266.563   132.310     3.04   10.50
 155646.600   137.390    13.36   12.43
 156026.540   145.062    20.19   15.55
 156406.382   154.259    24.21   15.16
 156786.128   159.459    13.69   12.89
 157165.776   161.702     5.91   10.24
 157545.327   162.512     2.13    7.89
 157924.782   167.281    12.57   10.25
 158304.139   178.146    28.64   19.06
 158683.400   189.549    30.06   21.97
 159062.564   203.181    35.95   21.65
 159441.632   214.756    30.53   18.71
 159820.603   228.206    35.49   19.33
 160199.477   238.329    26.72   20.58
 160578.255   244.890    17.32   19.38
 160956.937   243.741    -3.03   20.06
 161335.522   241.541    -5.81   18.32
 161714.012   246.285    12.53   19.10
 162092.405   261.803    41.00   23.26
 162470.702   283.633    57.70   25.14
 162848.903   301.131    46.26   19.01
 163227.008   312.433    29.89   11.45
 163605.018   315.381     7.80   10.32
 163982.931   314.219    -3.08   15.67
 164360.749   310.723    -9.25   22.73
 164738.471   309.564    -3.07   30.01
 165116.098   316.399    18.10   37.38
 165493.630   326.757    27.43   40.14
 165871.065   335.972    24.41   42.64
 166248.406   340.768    12.71   40.46
 166625.651   344.885    10.91   35.43
 167002.802   341.107   -10.02   31.51
 167379.857   337.584    -9.34   29.49
 167756.817   333.723   -10.24   29.01
 168133.682   330.004    -9.87   29.20
 168510.452   327.972    -5.39   28.70
 168887.127   326.890    -2.87   26.65
 169263.708   328.033     3.04   22.07
 169640.193   333.505    14.53   18.61
 170016.585   345.039    30.64   19.68
 170392.881   357.223    32.38   19.07
 170769.084   369.572    32.82   19.82
 171145.191   371.846     6.05   23.10
 171521.205   367.757   -10.87   28.19
 171897.124   356.859   -28.99   26.69
 172272.949   346.963   -26.33   19.05
 172648.680   349.399     6.48   20.61
 173024.317   359.744    27.54   24.62
 173399.860   378.308    49.43   29.73
 173775.309   398.163    52.88   34.65
 174150.664   422.697    65.35   32.39
 174525.925   444.427    57.90   29.93
 174901.093   458.898    38.57   18.64
