# NaN NaN NaN ;Mean Elev.(m), Avg Gradient(m/km), RMS Gradient(m/km) - SRTM1     
#   12.158  -1.413   2.233 ;Mean Elev.(m), Avg Gradient(m/km), RMS Gradient(m/km) - ASTER GDEM
#    0.064  -1.760   5.796 ;Mean Elev.(m), Avg Gradient(m/km), RMS Gradient(m/km) - GMTED2010 
  7    -7.728 52447.54170487 24.06 105.951627  72.886917 14.929
  7    -7.791 52447.54170552 25.31 105.945737  72.889777 14.929
  7    -7.719 52447.54170616 25.44 105.939847  72.892647 14.929
  7    -7.473 52447.54170681 25.46 105.933947  72.895507 14.929
  7    -7.311 52447.54170745 31.59 105.928057  72.898367 14.929
  7    -7.268 52447.54170809 35.65 105.922157  72.901227 14.929
  7    -7.306 52447.54170874 35.87 105.916257  72.904097 14.929
  7    -7.311 52447.54170938 27.98 105.910357  72.906957 14.929
  7    -7.691 52447.54171003 27.36 105.904457  72.909817 14.929
  7    -7.584 52447.54171067 25.93 105.898547  72.912677 14.929
  7    -7.146 52447.54171132 24.76 105.892647  72.915547 14.929
  7    -6.768 52447.54171196 25.12 105.886737  72.918407 14.929
  8     1.785 52482.54169367 16.65 105.969491  72.886522 21.427
  8     0.135 52482.54169431 17.59 105.963601  72.889392 21.427
  8    -0.620 52482.54169496 18.76 105.957711  72.892252 21.427
  8    -0.532 52482.54169560 17.97 105.951816  72.895110 22.303
  8    -0.610 52482.54169625 17.49 105.945926  72.897980 22.303
  8    -0.419 52482.54169689 16.77 105.940026  72.900840 22.303
  8    -0.429 52482.54169753 16.72 105.934136  72.903710 22.303
  8    -0.389 52482.54169818 17.12 105.928236  72.906570 22.303
  8    -0.452 52482.54169882 18.08 105.922336  72.909430 22.303
  8    -0.408 52482.54169947 19.01 105.916426  72.912290 22.303
  8    -0.141 52482.54170011 21.52 105.910526  72.915160 22.303
  8     0.094 52482.54170076 32.31 105.904616  72.918020 22.303
  8     0.168 52482.54170140 37.03 105.898716  72.920880 22.303
  8     0.058 52482.54170205 44.07 105.892796  72.923740 22.303
  8     0.015 52482.54170269 50.50 105.886886  72.926600 22.303
  9     0.339 52517.54165012 30.55 105.976882  72.891592  8.822
  9     0.300 52517.54165076 21.84 105.970982  72.894462  8.822
  9     9.578 52517.54165141 17.22 105.965092  72.897322  8.822
  9     4.141 52517.54165205 16.14 105.959202  72.900182  8.822
  9    -0.271 52517.54165270 15.95 105.953312  72.903052  8.822
  9    -0.437 52517.54165334 16.82 105.947412  72.905912  8.822
  9    -0.770 52517.54165399 17.20 105.941512  72.908772  8.822
  9    -1.183 52517.54165463 18.06 105.935612  72.911642  8.822
  9    -0.275 52517.54165528 15.66 105.929712  72.914502  8.822
  9    -0.284 52517.54165592 16.46 105.923812  72.917362  8.822
  9    -0.183 52517.54165657 15.99 105.917902  72.920222  8.822
  9    -0.094 52517.54165721 17.02 105.911992  72.923092  8.822
  9    -0.040 52517.54165786 19.07 105.906083  72.925951 23.417
  9     0.183 52517.54165850 20.78 105.900173  72.928811 23.417
  9     0.223 52517.54165914 23.93 105.894263  72.931671 23.417
 10    -0.204 52552.54170375 36.53 105.902952  72.905395 18.881
 10    -0.337 52552.54170440 32.12 105.897042  72.908255 18.881
 10    -0.366 52552.54170504 30.60 105.891142  72.911115 18.881
 10    -0.371 52552.54170569 28.19 105.885232  72.913985 18.881
 11    -0.568 52587.54167656 19.06 105.975862  72.886748  2.889
 11    -0.259 52587.54167721 18.85 105.969982  72.889608  2.889
 11    -0.361 52587.54167785 20.31 105.964093  72.892476  3.356
 11    -0.419 52587.54167850 20.81 105.958193  72.895336  3.356
 11    -0.271 52587.54167914 20.85 105.952303  72.898196  3.356
 11    -0.171 52587.54167979 20.47 105.946403  72.901066  3.356
 11    -0.100 52587.54168043 19.97 105.940513  72.903926  3.356
 11     0.053 52587.54168108 20.38 105.934613  72.906786  3.356
 11     0.006 52587.54168172 20.53 105.928713  72.909646  3.356
 11    -0.009 52587.54168237 20.06 105.922803  72.912516  3.356
 11    -0.219 52587.54168301 20.10 105.916903  72.915376  3.356
 11    -0.205 52587.54168366 19.43 105.910993  72.918236  3.356
 11    -0.234 52587.54168430 19.56 105.905083  72.921096  3.356
 11    -0.174 52587.54168494 19.02 105.899173  72.923956  3.356
 11    -0.055 52587.54168559 18.73 105.893263  72.926816  3.356
 12    -0.202 52622.54164014 16.36 105.973748  72.891798  3.724
 12     0.016 52622.54164078 16.94 105.967858  72.894668  3.724
 12     0.149 52622.54164143 16.98 105.961968  72.897528  3.724
 12     0.230 52622.54164207 17.08 105.956078  72.900388  3.724
 12     0.067 52622.54164272 17.47 105.950178  72.903258  3.724
 12     0.093 52622.54164336 18.63 105.944288  72.906118  3.724
 12     0.108 52622.54164401 18.27 105.938388  72.908978  3.724
 12     0.164 52622.54164465 18.34 105.932488  72.911838  3.724
 12     0.114 52622.54164529 17.80 105.926588  72.914708  3.724
 12     0.095 52622.54164594 17.56 105.920678  72.917568  3.724
 12     0.255 52622.54164658 17.37 105.914778  72.920428  3.724
 12     0.415 52622.54164723 17.72 105.908868  72.923288  3.724
 12     0.203 52622.54164787 17.69 105.902958  72.926158  3.724
 12     0.075 52622.54164852 16.97 105.897048  72.929018  3.724
 13    18.528 52657.54164889 13.49 105.973339  72.882915  3.000
 13    -0.259 52657.54164953 14.36 105.967449  72.885785  3.000
 13    -0.062 52657.54165018 13.91 105.961559  72.888645  3.000
 13    -0.021 52657.54165082 14.50 105.955669  72.891505  3.000
 13     0.022 52657.54165147 14.84 105.949779  72.894365  3.000
 13     0.067 52657.54165211 14.81 105.943879  72.897235  3.000
 13    -0.000 52657.54165276 15.67 105.937989  72.900095  3.000
 13     0.038 52657.54165340 15.75 105.932089  72.902955  3.000
 13     0.125 52657.54165404 14.96 105.926189  72.905825  3.000
 13     0.072 52657.54165469 14.60 105.920279  72.908685  3.000
 13    -0.021 52657.54165533 14.83 105.914380  72.911547  2.646
 13    -0.129 52657.54165598 15.08 105.908470  72.914407  2.646
 13    -0.020 52657.54165662 14.70 105.902570  72.917267  2.646
 13    -0.047 52657.54165727 14.53 105.896660  72.920127  2.646
 13     0.043 52657.54165791 13.94 105.890740  72.922987  2.646
 13    -0.004 52657.54165856 13.92 105.884830  72.925857  2.646
 15    18.551 52727.54167336 11.87 105.973570  72.883723  2.689
 15     0.044 52727.54167400 12.04 105.967680  72.886593  2.689
 15     0.168 52727.54167465 12.17 105.961790  72.889453  2.689
 15     0.131 52727.54167529 12.58 105.955900  72.892313  2.689
 15     0.245 52727.54167594 12.92 105.950010  72.895183  2.689
 15     0.261 52727.54167658 12.27 105.944110  72.898043  2.689
 15     0.263 52727.54167722 12.01 105.938220  72.900903  2.689
 15     0.333 52727.54167787 12.25 105.932320  72.903765  1.951
 15     0.372 52727.54167851 12.36 105.926420  72.906635  1.951
 15     0.347 52727.54167916 12.82 105.920520  72.909495  1.951
 15     0.263 52727.54167980 13.06 105.914610  72.912355  1.951
 15     0.229 52727.54168045 12.77 105.908710  72.915215  1.951
 15     0.229 52727.54168109 12.23 105.902800  72.918075  1.951
 15     0.213 52727.54168174 12.38 105.896890  72.920945  1.951
 15     0.329 52727.54168238 11.91 105.890980  72.923805  1.951
 15     0.471 52727.54168303 11.88 105.885060  72.926665  1.951
 16     0.374 52762.54168804  9.39 105.975631  72.887970  2.352
 16     0.283 52762.54168869  9.33 105.969751  72.890840  2.352
 16     0.100 52762.54168933  9.59 105.963861  72.893700  2.352
 16    -0.022 52762.54168998 10.09 105.957971  72.896570  2.352
 16     0.056 52762.54169062  9.90 105.952081  72.899430  2.352
 16    -0.108 52762.54169127  9.97 105.946181  72.902290  2.352
 16    -0.100 52762.54169191  9.84 105.940291  72.905160  2.352
 16     0.006 52762.54169256  9.92 105.934391  72.908020  2.352
 16     0.012 52762.54169320 10.03 105.928491  72.910880  2.352
 16     0.061 52762.54169385 10.00 105.922591  72.913740  2.352
 16    -0.059 52762.54169449 10.13 105.916691  72.916610  2.352
 16     0.149 52762.54169514  9.97 105.910781  72.919470  2.352
 16     0.329 52762.54169578 10.00 105.904881  72.922330  2.352
 16     0.103 52762.54169642  9.95 105.898971  72.925190  2.352
 16     0.259 52762.54169707  9.94 105.893061  72.928060  2.352
 17    21.899 52797.54165311  6.15 105.956453  72.884960  3.958
 17    21.909 52797.54165375  6.93 105.950553  72.887820  3.958
 17    21.335 52797.54165633  7.32 105.926973  72.899280  3.958
 17    21.083 52797.54165698  7.63 105.921073  72.902140  3.958
 17    20.319 52797.54165762  7.92 105.915173  72.905000  3.958
 17    19.528 52797.54165827  7.79 105.909263  72.907860  3.958
 17    18.212 52797.54165891  7.79 105.903363  72.910720  3.958
 17    16.480 52797.54165956  8.21 105.897451  72.913581  2.077
 17    14.961 52797.54166020  7.50 105.891541  72.916441  2.077
 17    13.424 52797.54166085  7.31 105.885631  72.919311  2.077
 18     0.978 52832.54172477 14.11 105.953781  72.885782 23.576
 18     1.079 52832.54172541 11.51 105.947891  72.888642 23.576
 18     0.373 52832.54172606 11.07 105.941991  72.891502 23.576
 18     0.261 52832.54172670 11.13 105.936101  72.894372 23.576
 18     0.295 52832.54172735 11.67 105.930201  72.897232 23.576
 18     0.321 52832.54172799 12.09 105.924301  72.900092 23.576
 18     0.285 52832.54172864 12.88 105.918401  72.902952 23.576
 18     0.186 52832.54172928 14.80 105.912501  72.905822 23.576
 18     0.036 52832.54172993 16.37 105.906591  72.908679 25.322
 18     0.353 52832.54173057 17.20 105.900681  72.911539 25.322
 18     0.689 52832.54173121 18.11 105.894771  72.914399 25.322
 18     1.106 52832.54173186 18.98 105.888861  72.917269 25.322
 18     1.333 52832.54173250 21.85 105.882951  72.920129 25.322
 19    -1.647 52867.54176678 22.20 105.973260  72.884180 29.381
 19    -0.870 52867.54176742 22.39 105.967368  72.887049 10.034
 19    -0.435 52867.54176807 23.36 105.961478  72.889909 10.034
 19    -0.178 52867.54176871 25.36 105.955588  72.892769 10.034
 19     0.041 52867.54176935 27.33 105.949698  72.895629 10.034
 19     0.175 52867.54177000 32.60 105.943798  72.898499 10.034
 19     0.173 52867.54177064 32.63 105.937898  72.901359 10.034
 19     0.173 52867.54177129 34.02 105.931998  72.904219 10.034
 19     0.022 52867.54177193 32.51 105.926098  72.907089 10.034
 19    -0.259 52867.54177258 28.77 105.920198  72.909949 10.034
 19    -0.487 52867.54177322 26.66 105.914288  72.912809 10.034
 19    -0.755 52867.54177387 25.93 105.908388  72.915669 10.034
 19    -0.435 52867.54177451 25.99 105.902478  72.918529 10.034
 19    -0.202 52867.54177516 25.96 105.896568  72.921389 10.034
 19     0.201 52867.54177580 25.38 105.890648  72.924249 10.034
 19     0.298 52867.54177645 26.96 105.884738  72.927119 10.034
 20    15.783 52902.54178684 13.80 105.970596  72.888083  7.826
 20    15.385 52902.54178748 12.91 105.964706  72.890943  7.826
 20    15.204 52902.54178812 11.50 105.958816  72.893813  7.826
 20    15.078 52902.54178877 11.37 105.952926  72.896673  7.826
 20    13.420 52902.54178941 11.82 105.947026  72.899533  7.826
 20    11.605 52902.54179006 11.70 105.941136  72.902403  7.826
 20     0.945 52902.54179070 12.12 105.935236  72.905263  7.826
 20     0.892 52902.54179135 12.17 105.929336  72.908123  7.826
 20     0.793 52902.54179199 12.74 105.923436  72.910983  7.826
 20     0.800 52902.54179264 13.49 105.917536  72.913853  7.826
 20     0.718 52902.54179328 13.27 105.911626  72.916713  7.826
 20     0.787 52902.54179393 13.68 105.905716  72.919573  7.826
 20     0.936 52902.54179457 15.55 105.899806  72.922433  7.826
 20     1.113 52902.54179522 18.00 105.893896  72.925293  7.826
 21     0.040 52937.54172614 23.81 105.978513  72.892790  4.291
 21     0.066 52937.54172679 24.56 105.972623  72.895650  4.291
 21    -0.007 52937.54172743 25.08 105.966733  72.898510  4.291
 21    -0.029 52937.54172808 25.56 105.960843  72.901380  4.291
 21    -0.030 52937.54172872 25.88 105.954943  72.904240  4.291
 21     0.008 52937.54172936 26.07 105.949053  72.907100  4.291
 21    -0.009 52937.54173001 26.94 105.943153  72.909970  4.291
 21     0.013 52937.54173065 26.73 105.937253  72.912830  4.291
 21     0.062 52937.54173130 26.05 105.931353  72.915690  4.291
 21     0.038 52937.54173194 27.00 105.925443  72.918550  4.291
 21     0.002 52937.54173259 25.58 105.919543  72.921420  4.291
 21     0.087 52937.54173323 26.12 105.913633  72.924280  4.291
 21     0.142 52937.54173388 25.39 105.907723  72.927140  4.291
 21     0.070 52937.54173452 25.28 105.901813  72.930000  4.291
 21     0.052 52937.54173517 24.67 105.895903  72.932860  4.291
 22     1.705 52972.54175535 16.51 105.967735  72.880447  3.366
 22     0.382 52972.54175599 17.34 105.961845  72.883307  3.366
 22     0.125 52972.54175664 18.47 105.955965  72.886177  3.366
 22     0.118 52972.54175728 19.17 105.950075  72.889037  3.366
 22     0.094 52972.54175793 19.78 105.944175  72.891897  3.366
 22    -0.035 52972.54175857 20.36 105.938285  72.894757  3.366
 22     0.083 52972.54175922 20.74 105.932385  72.897627  3.366
 22     0.075 52972.54175986 21.08 105.926495  72.900487  3.366
 22     0.196 52972.54176051 19.40 105.920595  72.903347  3.366
 22     0.089 52972.54176115 20.57 105.914685  72.906207  3.366
 22     0.198 52972.54176180 19.37 105.908785  72.909077  3.366
 22     0.196 52972.54176244 18.84 105.902885  72.911937  3.366
 22     0.205 52972.54176309 18.67 105.896975  72.914797  3.366
 22     0.154 52972.54176373 18.40 105.891065  72.917657  3.366
 22     0.166 52972.54176438 18.22 105.885151  72.920525  2.015
 23     2.636 53007.54176588 13.97 105.972199  72.882373  2.734
 23     0.583 53007.54176652 14.13 105.966309  72.885233  2.734
 23     0.218 53007.54176717 15.14 105.960429  72.888103  2.734
 23     0.050 53007.54176781 15.35 105.954539  72.890963  2.734
 23    -0.076 53007.54176846 15.91 105.948649  72.893823  2.734
 23     0.016 53007.54176910 16.07 105.942749  72.896693  2.734
 23    -0.044 53007.54176974 16.24 105.936859  72.899553  2.734
 23     0.040 53007.54177039 16.31 105.930959  72.902413  2.734
 23     0.057 53007.54177103 15.92 105.925059  72.905273  2.734
 23     0.160 53007.54177168 15.93 105.919159  72.908143  2.734
 23     0.079 53007.54177232 15.75 105.913259  72.911003  2.734
 23     0.155 53007.54177297 15.89 105.907349  72.913863  2.734
 23     0.189 53007.54177361 15.51 105.901449  72.916723  2.734
 23     0.100 53007.54177426 15.20 105.895539  72.919583  2.734
 23     0.195 53007.54177490 15.70 105.889629  72.922453  2.734
 23     0.231 53007.54177555 15.34 105.883719  72.925313  2.734
 24     0.259 53042.54172647 14.99 105.908121  72.903273  3.131
 24     0.171 53042.54172712 15.45 105.902211  72.906133  3.131
 24     0.256 53042.54172776 15.44 105.896311  72.908993  3.131
 24     0.346 53042.54172841 14.55 105.890401  72.911863  3.131
 24     0.415 53042.54172905 14.52 105.884491  72.914723  3.131
 25     0.525 53077.54175496 12.57 105.970257  72.886417  2.776
 25     0.280 53077.54175560 13.16 105.964377  72.889287  2.776
 25     0.431 53077.54175625 13.06 105.958487  72.892147  2.776
 25     0.210 53077.54175689 13.93 105.952597  72.895007  2.776
 25     0.270 53077.54175754 13.84 105.946697  72.897867  2.776
 25     0.220 53077.54175818 14.37 105.940807  72.900737  2.776
 25     0.279 53077.54175883 15.15 105.934907  72.903597  2.776
 25     0.295 53077.54175947 14.27 105.929007  72.906457  2.776
 25     0.331 53077.54176012 14.04 105.923107  72.909327  2.776
 25     0.324 53077.54176076 13.82 105.917207  72.912187  2.776
 25     0.279 53077.54176141 14.17 105.911297  72.915047  2.776
 25     0.184 53077.54176205 13.97 105.905397  72.917907  2.776
 25     0.100 53077.54176270 13.99 105.899487  72.920777  2.776
 25     0.174 53077.54176334 13.54 105.893574  72.923632  2.188
 25     0.282 53077.54176399 13.29 105.887664  72.926492  2.188
 26     0.321 53112.54173091 11.97 105.897405  72.907182  2.338
 26     0.554 53112.54173155 11.93 105.891505  72.910042  2.338
 26     0.776 53112.54173220 11.58 105.885595  72.912902  2.338
 26     0.720 53112.54173284 11.76 105.879685  72.915762  2.338
 27     1.056 53147.54176893  9.10 105.966948  72.882502  2.297
 27     0.386 53147.54176957  9.15 105.961058  72.885362  2.297
 27     0.204 53147.54177021  9.50 105.955178  72.888222  2.297
 27     0.061 53147.54177086 10.37 105.949278  72.891082  2.297
 27     0.030 53147.54177150 10.21 105.943388  72.893952  2.297
 27    -0.014 53147.54177215 10.31 105.937498  72.896812  2.297
 27     0.002 53147.54177279 10.88 105.931598  72.899672  2.297
 27     0.045 53147.54177344 10.67 105.925698  72.902542  2.297
 27     0.036 53147.54177408 10.90 105.919798  72.905402  2.297
 27     0.111 53147.54177473 10.59 105.913898  72.908262  2.297
 27     0.189 53147.54177537 10.81 105.907998  72.911122  2.297
 27     0.261 53147.54177602 10.66 105.902088  72.913992  2.297
 27     0.324 53147.54177666 10.61 105.896177  72.916850  1.951
 27     0.460 53147.54177731 10.34 105.890267  72.919710  1.951
 27     0.447 53147.54177795 10.07 105.884357  72.922570  1.951
 28     2.641 53182.54177107 48.76 105.972986  72.885657 30.462
 28     2.192 53182.54177171 41.17 105.967096  72.888517 30.462
 28     2.628 53182.54177236 28.59 105.961206  72.891387 30.462
 28     2.571 53182.54177300 26.74 105.955316  72.894247 30.462
 28     2.482 53182.54177365 25.09 105.949416  72.897107 30.462
 28     2.604 53182.54177429 25.03 105.943526  72.899977 30.462
 28     2.546 53182.54177494 25.12 105.937626  72.902837 30.462
 28     2.619 53182.54177558 25.46 105.931726  72.905697 30.462
 28     2.602 53182.54177623 30.13 105.925826  72.908557 30.462
 28     2.483 53182.54177687 32.54 105.919916  72.911427 30.462
 28     2.695 53182.54177751 43.57 105.914016  72.914287 30.462
 28     2.616 53182.54177816 53.52 105.908106  72.917147 30.462
 28     2.575 53182.54177880 54.85 105.902196  72.920007 30.462
 28     2.566 53182.54177945 52.86 105.896286  72.922867 30.462
 28     2.568 53182.54178009 52.73 105.890376  72.925737 30.462
 29     0.017 53217.54179469 47.28 105.972151  72.884560 25.057
 29    -0.143 53217.54179534 35.24 105.966271  72.887430 25.057
 29    -0.528 53217.54179598 22.66 105.960381  72.890290 25.057
 29    -0.819 53217.54179663 24.69 105.954491  72.893150 25.057
 29    -0.820 53217.54179727 23.63 105.948591  72.896020 25.057
 29    -0.655 53217.54179792 23.38 105.942701  72.898880 25.057
 29    -0.523 53217.54179856 22.90 105.936801  72.901740 25.057
 29    -0.581 53217.54179921 23.80 105.930901  72.904600 25.057
 29    -0.179 53217.54179985 24.01 105.925001  72.907470 25.057
 29    -0.071 53217.54180050 26.14 105.919101  72.910330 25.057
 29    -0.221 53217.54180114 31.53 105.913201  72.913190 25.057
 29     0.072 53217.54180179 42.15 105.907291  72.916050 25.057
 29     0.097 53217.54180243 51.85 105.901381  72.918920 25.057
 29    -0.023 53217.54180308 49.71 105.895471  72.921780 25.057
 29    -0.075 53217.54180372 51.69 105.889561  72.924640 25.057
 30     0.020 53252.54177339 16.18 105.977744  72.889794  8.175
 30    -5.969 53252.54177404 17.97 105.971854  72.892664  8.175
 30    -0.584 53252.54177468 16.87 105.965974  72.895524  8.175
 30    -0.314 53252.54177533 15.48 105.960074  72.898394  8.175
 30    -4.047 53252.54177597 17.98 105.954184  72.901254  8.175
 30    -4.468 53252.54177662 21.26 105.948288  72.904120 14.949
 30    -0.561 53252.54177726 16.33 105.942398  72.906980 14.949
 30    -0.386 53252.54177790 14.90 105.936498  72.909840 14.949
 30    -0.374 53252.54177855 15.72 105.930598  72.912710 14.949
 30    -0.423 53252.54177919 16.33 105.924688  72.915570 14.949
 30    -0.447 53252.54177984 16.59 105.918788  72.918430 14.949
 30    -0.396 53252.54178048 17.56 105.912888  72.921290 14.949
 30    -0.328 53252.54178113 19.59 105.906978  72.924160 14.949
 30    -0.160 53252.54178177 21.80 105.901068  72.927020 14.949
 30     0.107 53252.54178242 25.46 105.895158  72.929880 14.949
 31     0.230 53287.54177725 32.65 105.896085  72.907642 17.973
 31     0.261 53287.54177789 31.06 105.890182  72.910505  7.021
 31     0.301 53287.54177854 28.87 105.884272  72.913365  7.021
 32     0.165 53322.54174751 17.40 105.973598  72.886397  3.201
 32     0.083 53322.54174816 18.09 105.967708  72.889257  3.201
 32     0.199 53322.54174880 18.33 105.961818  72.892117  3.201
 32     0.139 53322.54174945 18.79 105.955928  72.894977  3.201
 32     0.090 53322.54175009 19.20 105.950038  72.897847  3.201
 32     0.143 53322.54175074 19.29 105.944138  72.900707  3.201
 32     0.243 53322.54175138 19.23 105.938238  72.903567  3.201
 32     0.131 53322.54175202 19.45 105.932338  72.906427  3.201
 32     0.131 53322.54175267 19.26 105.926438  72.909297  3.201
 32     0.080 53322.54175331 19.42 105.920538  72.912157  3.201
 32     0.097 53322.54175396 19.28 105.914628  72.915017  3.201
 32     0.076 53322.54175460 18.75 105.908718  72.917877  3.201
 32     0.063 53322.54175525 18.24 105.902811  72.920740  2.823
 32     0.131 53322.54175589 17.91 105.896901  72.923600  2.823
 32     0.009 53322.54175654 17.78 105.890991  72.926460  2.823
 33    -0.196 53357.54171452 14.36 105.975927  72.893177  2.661
 33    -0.233 53357.54171517 14.92 105.970027  72.896037  2.661
 33    -0.228 53357.54171581 14.91 105.964137  72.898907  2.661
 33    -0.185 53357.54171646 15.28 105.958247  72.901767  2.661
 33    -0.104 53357.54171710 16.08 105.952347  72.904627  2.661
 33    -0.262 53357.54171775 16.49 105.946457  72.907497  2.661
 33    -0.233 53357.54171839 15.80 105.940557  72.910357  2.661
 33    -0.213 53357.54171904 16.51 105.934657  72.913217  2.661
 33    -0.266 53357.54171968 16.23 105.928747  72.916087  2.661
 33    -0.263 53357.54172033 15.45 105.922847  72.918947  2.661
 33    -0.308 53357.54172097 15.56 105.916939  72.921810  2.499
 33    -0.062 53357.54172162 15.02 105.911029  72.924670  2.499
 33    -0.015 53357.54172226 14.93 105.905119  72.927530  2.499
 33     0.006 53357.54172291 14.31 105.899209  72.930390  2.499
 34    -0.271 53392.54173126 14.24 105.926632  72.895970  2.586
 34    -0.127 53392.54173190 14.22 105.920732  72.898830  2.586
 34    -0.044 53392.54173255 13.94 105.914832  72.901700  2.586
 34     0.041 53392.54173319 13.77 105.908932  72.904560  2.586
 34     0.063 53392.54173384 13.13 105.903022  72.907420  2.586
 34     0.078 53392.54173448 12.77 105.897122  72.910280  2.586
 34     0.140 53392.54173513 13.18 105.891208  72.913142  2.122
 34     0.115 53392.54173577 12.42 105.885298  72.916002  2.122
 35    -0.263 53427.54172381 10.89 105.976859  72.889455  2.409
 35    -0.031 53427.54172445 11.18 105.970979  72.892315  2.409
 35    -0.044 53427.54172510 11.38 105.965079  72.895185  2.409
 35     0.044 53427.54172574 11.46 105.959189  72.898045  2.409
 35     0.024 53427.54172639 11.74 105.953299  72.900905  2.409
 35     0.078 53427.54172703 11.98 105.947399  72.903765  2.409
 35    -0.005 53427.54172768 12.10 105.941499  72.906635  2.409
 35    -0.016 53427.54172832 12.00 105.935599  72.909495  2.409
 35    -0.048 53427.54172897 12.01 105.929699  72.912355  2.409
 35    -0.038 53427.54172961 12.29 105.923799  72.915215  2.409
 35     0.006 53427.54173026 11.89 105.917889  72.918085  2.409
 35     0.255 53427.54173090 11.46 105.911984  72.920946  2.145
 35     0.164 53427.54173154 11.60 105.906074  72.923806  2.145
 35     0.146 53427.54173219 11.55 105.900164  72.926666  2.145
 35     0.193 53427.54173283 11.02 105.894254  72.929526  2.145
 36     0.189 53462.54174071 10.47 105.950937  72.886816  2.405
 36     0.181 53462.54174136 10.93 105.945047  72.889676  2.405
 36     0.046 53462.54174200 12.01 105.939147  72.892546  2.405
 36     0.120 53462.54174265 11.25 105.933257  72.895406  2.405
 36     0.171 53462.54174329 11.56 105.927357  72.898266  2.405
 36     0.168 53462.54174394 11.40 105.921457  72.901126  2.405
 36     0.235 53462.54174458 11.19 105.915557  72.903996  2.405
 36     0.228 53462.54174523 11.12 105.909649  72.906854  2.010
 36     0.183 53462.54174587 11.21 105.903749  72.909714  2.010
 36     0.234 53462.54174652 11.23 105.897839  72.912574  2.010
 36     0.188 53462.54174716 10.91 105.891929  72.915434  2.010
 36     0.210 53462.54174781 10.90 105.886019  72.918304  2.010
 37     4.663 53497.54181236  7.77 105.969538  72.879673  2.521
 37     1.718 53497.54181301  8.38 105.963648  72.882543  2.521
 37     0.508 53497.54181365  8.90 105.957768  72.885403  2.521
 37     0.139 53497.54181430  9.00 105.951878  72.888263  2.521
 37    -0.074 53497.54181494  9.38 105.945988  72.891133  2.521
 37    -0.352 53497.54181559  9.91 105.940088  72.893993  2.521
 37    -0.284 53497.54181623  9.51 105.934198  72.896853  2.521
 37    -0.255 53497.54181687  9.21 105.928298  72.899723  2.521
 37    -0.144 53497.54181752  9.27 105.922398  72.902583  2.521
 37    -0.056 53497.54181816  9.75 105.916498  72.905443  2.521
 37     0.288 53497.54181881  9.49 105.910598  72.908303  2.521
 37     0.538 53497.54181945  9.77 105.904698  72.911173  2.521
 37     1.054 53497.54182010  9.67 105.898795  72.914034  2.225
 37     1.298 53497.54182074  9.57 105.892885  72.916894  2.225
 37     1.389 53497.54182139  9.81 105.886975  72.919754  2.225
 37     1.586 53497.54182203 10.34 105.881065  72.922614  2.225
 38     2.990 53532.54179454 46.88 105.973876  72.888150 22.229
 38     3.117 53532.54179518 46.24 105.967986  72.891020 22.229
 38     3.001 53532.54179583 40.36 105.962096  72.893880 22.229
 38     2.918 53532.54179647 35.33 105.956206  72.896750 22.229
 38     2.858 53532.54179712 31.46 105.950306  72.899610 22.229
 38     2.815 53532.54179776 27.58 105.944416  72.902470 22.229
 38     2.794 53532.54179840 23.06 105.938516  72.905330 22.229
 38     2.808 53532.54179905 20.67 105.932616  72.908200 22.229
 38     2.947 53532.54179969 20.76 105.926716  72.911060 22.229
 38     3.094 53532.54180034 22.57 105.920809  72.913927 18.369
 38     3.063 53532.54180098 20.31 105.914899  72.916787 18.369
 38     2.772 53532.54180163 20.30 105.908989  72.919647 18.369
 38     2.486 53532.54180227 20.00 105.903089  72.922507 18.369
 38     1.972 53532.54180292 22.83 105.897169  72.925367 18.369
 38     1.826 53532.54180356 25.11 105.891259  72.928227 18.369
 39     0.656 53567.54181464 43.34 105.972175  72.884825 23.932
 39     0.402 53567.54181528 26.40 105.966285  72.887685 23.932
 39     0.311 53567.54181593 17.66 105.960405  72.890545 23.932
 39     0.207 53567.54181657 17.21 105.954515  72.893415 23.932
 39    -0.042 53567.54181722 18.52 105.948615  72.896275 23.932
 39    -0.676 53567.54181786 22.64 105.942725  72.899135 23.932
 39     0.242 53567.54181851 15.11 105.936825  72.902005 23.932
 39     0.289 53567.54181915 16.24 105.930935  72.904865 23.932
 39     0.226 53567.54181980 15.33 105.925035  72.907725 23.932
 39     6.136 53567.54182044 15.69 105.919135  72.910585 23.932
 39     0.146 53567.54182109 16.06 105.913225  72.913455 23.932
 39     2.851 53567.54182173 17.03 105.907325  72.916315 23.932
 39     0.444 53567.54182238 19.51 105.901418  72.919177 27.947
 39     0.502 53567.54182302 21.32 105.895508  72.922037 27.947
 39     0.481 53567.54182367 20.97 105.889598  72.924897 27.947
 40    13.363 53602.54176126 12.57 105.970392  72.894720  6.326
 40    24.821 53602.54176191 12.08 105.964502  72.897590  6.326
 40     3.514 53602.54176255 11.73 105.958602  72.900450  6.326
 40     0.402 53602.54176320 12.81 105.952712  72.903310  6.326
 40     0.280 53602.54176384 13.03 105.946812  72.906180  6.326
 40     0.235 53602.54176449 12.83 105.940912  72.909040  6.326
 40    -0.050 53602.54176513 13.64 105.935012  72.911900  6.326
 40    -0.242 53602.54176578 15.06 105.929112  72.914770  6.326
 40    -0.401 53602.54176642 16.38 105.923212  72.917630  6.326
 40    -0.173 53602.54176706 15.68 105.917305  72.920495 17.350
 40     0.082 53602.54176771 14.86 105.911395  72.923355 17.350
 40     0.200 53602.54176835 15.92 105.905485  72.926215 17.350
 40     0.509 53602.54176900 18.31 105.899575  72.929075 17.350
 40     0.467 53602.54176964 19.42 105.893665  72.931935 17.350
 41    -1.995 53637.54176077 19.70 105.924754  72.896959 21.230
 41    -1.337 53637.54176142 19.36 105.918854  72.899819 21.230
 41    -0.851 53637.54176206 19.97 105.912954  72.902689 21.230
 41    -0.360 53637.54176271 20.85 105.907054  72.905549 21.230
 41     0.010 53637.54176335 21.44 105.901144  72.908409 21.230
 41     0.348 53637.54176400 24.09 105.895244  72.911269 21.230
 41     0.306 53637.54176464 27.04 105.889334  72.914131 26.803
 41     0.496 53637.54176529 28.85 105.883424  72.916991 26.803
 42    -0.307 53672.54177726 20.68 105.971264  72.880041  5.791
 42    -0.034 53672.54177790 21.49 105.965374  72.882911  5.791
 42     0.101 53672.54177855 23.08 105.959484  72.885771  5.791
 42     0.048 53672.54177919 24.50 105.953604  72.888631  5.791
 42    -0.008 53672.54177984 26.38 105.947704  72.891501  5.791
 42     0.186 53672.54178048 27.42 105.941814  72.894361  5.791
 42     0.235 53672.54178113 28.55 105.935924  72.897221  5.791
 42     0.047 53672.54178177 29.08 105.930024  72.900081  5.791
 42     0.033 53672.54178242 28.23 105.924124  72.902951  5.791
 42     0.120 53672.54178306 27.94 105.918224  72.905811  5.791
 42     0.084 53672.54178370 25.97 105.912324  72.908671  5.791
 42     0.002 53672.54178435 25.86 105.906424  72.911531  5.791
 42    -0.104 53672.54178499 25.51 105.900514  72.914401  5.791
 42    -0.192 53672.54178564 25.53 105.894604  72.917257  2.990
 42    -0.197 53672.54178628 24.39 105.888694  72.920117  2.990
 42    -0.088 53672.54178693 23.52 105.882784  72.922977  2.990
 43    -0.678 53707.54171101 17.59 105.976233  72.893249  3.325
 43    -0.452 53707.54171166 17.99 105.970343  72.896109  3.325
 43    -0.453 53707.54171230 18.83 105.964443  72.898979  3.325
 43    -0.390 53707.54171295 19.28 105.958553  72.901839  3.325
 43    -0.399 53707.54171359 20.03 105.952653  72.904699  3.325
 43    -0.381 53707.54171424 20.10 105.946753  72.907569  3.325
 43    -0.382 53707.54171488 20.11 105.940863  72.910429  3.325
 43    -0.381 53707.54171553 20.68 105.934953  72.913289  3.325
 43    -0.304 53707.54171617 19.39 105.929053  72.916159  3.325
 43    -0.139 53707.54171681 19.56 105.923153  72.919019  3.325
 43    -0.103 53707.54171746 18.77 105.917244  72.921882  2.519
 43     0.015 53707.54171810 18.06 105.911334  72.924742  2.519
 43    -0.145 53707.54171875 18.31 105.905424  72.927602  2.519
 43    -0.113 53707.54171939 17.68 105.899514  72.930462  2.519
 44    -0.005 53742.54162300 15.89 105.983991  72.896733  2.891
 44     0.147 53742.54162364 16.10 105.978101  72.899603  2.891
 44     0.135 53742.54162428 16.41 105.972211  72.902463  2.891
 44     0.223 53742.54162493 17.48 105.966311  72.905323  2.891
 44     0.195 53742.54162557 17.58 105.960421  72.908193  2.891
 44     0.247 53742.54162622 18.17 105.954521  72.911053  2.891
 44     0.213 53742.54162686 18.74 105.948621  72.913913  2.891
 44     0.142 53742.54162751 19.74 105.942721  72.916783  2.891
 44     0.120 53742.54162815 19.05 105.936821  72.919643  2.891
 44     0.156 53742.54162880 19.09 105.930911  72.922503  2.891
 44     0.049 53742.54162944 19.34 105.925006  72.925362  4.933
 44     0.019 53742.54163009 19.30 105.919096  72.928232  4.933
 44     0.011 53742.54163073 19.41 105.913186  72.931092  4.933
 44     0.110 53742.54163138 18.27 105.907276  72.933952  4.933
 44     0.204 53742.54163202 18.08 105.901366  72.936812  4.933
 45    -0.520 53777.54164670 12.53 105.974550  72.883341  2.948
 45    -0.185 53777.54164735 12.49 105.968660  72.886201  2.948
 45    -0.254 53777.54164799 14.03 105.962780  72.889061  2.948
 45    -0.214 53777.54164864 14.35 105.956880  72.891921  2.948
 45    -0.057 53777.54164928 14.35 105.950990  72.894791  2.948
 45    -0.148 53777.54164992 15.06 105.945100  72.897651  2.948
 45    -0.055 53777.54165057 15.22 105.939200  72.900511  2.948
 45     0.062 53777.54165121 15.04 105.933300  72.903381  2.948
 45     0.044 53777.54165186 14.79 105.927400  72.906241  2.948
 45     0.145 53777.54165250 15.24 105.921500  72.909101  2.948
 45     0.257 53777.54165315 14.46 105.915590  72.911961  2.948
 45     0.262 53777.54165379 14.49 105.909690  72.914821  2.948
 45     0.477 53777.54165444 13.91 105.903781  72.917686  2.644
 45     0.320 53777.54165508 13.99 105.897871  72.920546  2.644
 45     0.417 53777.54165573 13.61 105.891961  72.923416  2.644
 45     0.310 53777.54165637 13.03 105.886041  72.926276  2.644
 46    -0.205 53812.54162493 13.08 105.982535  72.894314  3.007
 46    -0.302 53812.54162558 13.48 105.976645  72.897174  3.007
 46    -0.099 53812.54162622 13.42 105.970755  72.900044  3.007
 46    -0.058 53812.54162687 14.37 105.964865  72.902904  3.007
 46    -0.054 53812.54162751 14.12 105.958965  72.905764  3.007
 46    -0.102 53812.54162816 14.48 105.953075  72.908624  3.007
 46    -0.023 53812.54162880 14.41 105.947175  72.911494  3.007
 46    -0.031 53812.54162944 14.35 105.941275  72.914354  3.007
 46     0.062 53812.54163009 14.58 105.935375  72.917214  3.007
 46     0.175 53812.54163073 14.69 105.929465  72.920084  3.007
 46     0.036 53812.54163138 14.40 105.923565  72.922944  3.007
 46     0.038 53812.54163202 13.81 105.917655  72.925804  3.007
 46     0.008 53812.54163267 14.72 105.911745  72.928664  3.007
 46     0.079 53812.54163331 14.15 105.905835  72.931534  3.007
 46     0.125 53812.54163396 14.29 105.899924  72.934390  2.847
 47    -0.014 53847.54167968 16.89 105.934641  72.893244  3.936
 47    -0.023 53847.54168032 16.96 105.928741  72.896104  3.936
 47    -0.137 53847.54168097 16.31 105.922841  72.898964  3.936
 47    -0.075 53847.54168161 15.52 105.916941  72.901834  3.936
 47     0.144 53847.54168226 15.63 105.911041  72.904694  3.936
 47     0.137 53847.54168290 16.16 105.905141  72.907554  3.936
 47     0.467 53847.54168355 14.36 105.899231  72.910414  3.936
 47     0.481 53847.54168419 14.00 105.893331  72.913274  3.936
 47     0.569 53847.54168484 13.43 105.887421  72.916144  3.936
 49     2.667 53917.54175860 20.63 105.972364  72.880238 21.240
 49     1.624 53917.54175925 16.26 105.966474  72.883108 21.240
 49     1.524 53917.54175989 13.57 105.960584  72.885968 21.240
 49     0.704 53917.54176054 13.73 105.954704  72.888838 21.240
 49     0.422 53917.54176118 15.43 105.948814  72.891698 21.240
 49     0.134 53917.54176183 15.49 105.942914  72.894558 21.240
 49     0.067 53917.54176247 15.78 105.937024  72.897428 21.240
 49    -0.288 53917.54176312 16.89 105.931124  72.900288 21.240
 49    -0.458 53917.54176376 18.83 105.925234  72.903148 21.240
 49    -0.144 53917.54176441 20.72 105.919324  72.906008 21.240
 49     0.307 53917.54176505 23.70 105.913424  72.908878 21.240
 49     0.587 53917.54176569 27.11 105.907524  72.911738 21.240
 49     0.733 53917.54176634 29.13 105.901614  72.914598 21.240
 49     0.700 53917.54176698 35.43 105.895714  72.917458 21.240
 49     0.679 53917.54176763 38.41 105.889804  72.920318 21.240
 49     0.700 53917.54176827 39.72 105.883886  72.923182 29.021
 50     2.177 53952.54176306 16.73 105.971849  72.881693 10.427
 50     2.084 53952.54176371 12.67 105.965969  72.884563 10.427
 50    13.664 53952.54176435 12.19 105.960079  72.887423 10.427
 50    13.354 53952.54176500 10.82 105.954189  72.890283 10.427
 50    12.861 53952.54176564 10.27 105.948299  72.893153 10.427
 50     0.907 53952.54176628  9.85 105.942409  72.896013 10.427
 50     0.945 53952.54176693  9.92 105.936509  72.898873 10.427
 50     0.971 53952.54176757 10.10 105.930619  72.901733 10.427
 50     0.844 53952.54176822 10.03 105.924719  72.904603 10.427
 50     0.910 53952.54176886 10.44 105.918819  72.907463 10.427
 50     0.792 53952.54176951 10.92 105.912919  72.910323 10.427
 50     0.865 53952.54177015 11.52 105.907009  72.913183 10.427
 50     1.043 53952.54177080 12.07 105.901109  72.916053 10.427
 50     0.966 53952.54177144 13.22 105.895199  72.918913 10.427
 50     1.044 53952.54177209 14.80 105.889289  72.921773 10.427
 50     0.976 53952.54177273 18.44 105.883379  72.924633 10.427
 52     0.069 54022.54174354 37.03 105.949164  72.887900 25.118
 52     0.018 54022.54174419 35.38 105.943264  72.890770 25.118
 52     0.073 54022.54174483 33.24 105.937374  72.893630 25.118
 52     0.053 54022.54174548 31.16 105.931474  72.896490 25.118
 52     0.284 54022.54174612 31.88 105.925574  72.899350 25.118
 52     0.428 54022.54174677 40.37 105.919674  72.902220 25.118
 52     0.387 54022.54174741 39.76 105.913774  72.905080 25.118
 52     0.262 54022.54174806 38.72 105.907874  72.907940 25.118
 52     0.196 54022.54174870 38.12 105.901964  72.910800 25.118
 52     0.280 54022.54174935 43.63 105.896064  72.913660 25.118
 52     0.273 54022.54174999 44.22 105.890154  72.916530 25.118
 52     0.325 54022.54175064 44.54 105.884244  72.919390 25.118
 53     0.348 54057.54173465 15.05 105.973139  72.885808  4.764
 53     0.276 54057.54173530 14.95 105.967259  72.888668  4.764
 53     0.139 54057.54173594 15.34 105.961359  72.891528  4.764
 53     0.001 54057.54173659 16.49 105.955469  72.894398  4.764
 53    -0.127 54057.54173723 16.58 105.949579  72.897258  4.764
 53    -0.442 54057.54173788 17.02 105.943679  72.900118  4.764
 53    -0.328 54057.54173852 16.81 105.937779  72.902978  4.764
 53    -0.083 54057.54173917 16.88 105.931879  72.905848  4.764
 53     0.092 54057.54173981 16.23 105.925979  72.908708  4.764
 53     0.254 54057.54174045 17.11 105.920079  72.911568  4.764
 53     0.392 54057.54174110 18.91 105.914169  72.914428  4.764
 53     0.500 54057.54174174 21.32 105.908259  72.917298  4.764
 53     0.588 54057.54174239 22.25 105.902359  72.920158  4.764
 53     0.552 54057.54174303 22.46 105.896439  72.923018  4.764
 53     0.603 54057.54174368 21.79 105.890529  72.925878  4.764
 54    -0.141 54092.54171754 11.89 105.976947  72.891251  3.839
 54    -0.162 54092.54171818 12.49 105.971057  72.894111  3.839
 54    -0.261 54092.54171883 12.72 105.965167  72.896971  3.839
 54    -0.595 54092.54171947 13.14 105.959277  72.899841  3.839
 54    -0.807 54092.54172012 13.83 105.953387  72.902701  3.839
 54    -0.785 54092.54172076 13.72 105.947487  72.905561  3.839
 54    -0.630 54092.54172141 14.76 105.941587  72.908421  3.839
 54    -0.132 54092.54172205 13.81 105.935687  72.911291  3.839
 54     0.114 54092.54172270 14.16 105.929787  72.914151  3.839
 54     0.314 54092.54172334 14.60 105.923887  72.917011  3.839
 54     0.491 54092.54172399 15.11 105.917977  72.919881  3.839
 54     0.517 54092.54172463 14.84 105.912077  72.922741  3.839
 54     0.509 54092.54172528 17.68 105.906167  72.925601  3.839
 54     0.406 54092.54172592 17.53 105.900257  72.928461  3.839
 54     0.421 54092.54172656 16.62 105.894347  72.931321  3.839
 55    -0.208 54127.54165563 12.40 105.920476  72.898686  2.660
 55    -0.097 54127.54165628 12.34 105.914566  72.901546  2.660
 55     0.176 54127.54165692 11.88 105.908666  72.904406  2.660
 55     0.363 54127.54165757 11.20 105.902766  72.907266  2.660
 55     0.456 54127.54165821 11.22 105.896856  72.910126  2.660
 55     0.445 54127.54165886 11.38 105.890946  72.912996  2.660
 55     0.661 54127.54165950 10.92 105.885036  72.915856  2.660
 56    -0.492 54162.54168564  9.78 105.973701  72.885428  2.276
 56    -0.421 54162.54168629 10.11 105.967811  72.888288  2.276
 56    -0.425 54162.54168693 10.45 105.961921  72.891158  2.276
 56    -0.456 54162.54168758 10.92 105.956031  72.894018  2.276
 56    -1.011 54162.54168822 11.51 105.950134  72.896882  2.212
 56    -0.964 54162.54168887 11.41 105.944244  72.899742  2.212
 56    -0.835 54162.54168951 11.37 105.938344  72.902602  2.212
 56    -0.556 54162.54169015 10.82 105.932444  72.905472  2.212
 56    -0.387 54162.54169080 10.78 105.926544  72.908332  2.212
 56    -0.102 54162.54169144 10.47 105.920644  72.911192  2.212
 56     0.009 54162.54169209 10.23 105.914744  72.914052  2.212
 56     0.376 54162.54169273 10.13 105.908834  72.916922  2.212
 56     0.433 54162.54169338 10.20 105.902924  72.919782  2.212
 56     0.418 54162.54169402 10.27 105.897024  72.922642  2.212
 56     0.529 54162.54169467  9.92 105.891104  72.925502  2.212
 57    -0.086 54197.54165524 10.22 105.949672  72.887707  2.368
 57    -0.302 54197.54165588 10.63 105.943782  72.890567  2.368
 57    -0.549 54197.54165653 11.08 105.937882  72.893427  2.368
 57    -0.793 54197.54165717 11.80 105.931992  72.896297  2.368
 57    -0.343 54197.54165782 11.09 105.926092  72.899157  2.368
 57    -0.341 54197.54165846 10.87 105.920192  72.902017  2.368
 57     0.002 54197.54165911 10.18 105.914292  72.904877  2.368
 57     0.199 54197.54165975 10.11 105.908392  72.907747  2.368
 57     0.356 54197.54166040 10.05 105.902482  72.910607  2.368
 57     0.531 54197.54166104  9.24 105.896572  72.913467  2.368
 57     0.714 54197.54166169  9.43 105.890662  72.916327  2.368
 57     0.900 54197.54166233  9.30 105.884752  72.919187  2.368
 58     2.390 54232.54169855  8.62 105.971982  72.881912  2.061
 58     0.590 54232.54169920  9.10 105.966092  72.884772  2.061
 58     0.438 54232.54169984  9.37 105.960202  72.887632  2.061
 58     0.331 54232.54170048  9.36 105.954312  72.890502  2.061
 58     0.059 54232.54170113 10.01 105.948420  72.893365  2.122
 58    -0.269 54232.54170177 10.62 105.942530  72.896225  2.122
 58    -0.314 54232.54170242 10.52 105.936630  72.899085  2.122
 58    -0.092 54232.54170306  9.89 105.930730  72.901955  2.122
 58     0.027 54232.54170371 10.09 105.924830  72.904815  2.122
 58     0.161 54232.54170435  9.51 105.918930  72.907675  2.122
 58     0.353 54232.54170500  9.55 105.913030  72.910535  2.122
 58     0.588 54232.54170564  9.57 105.907120  72.913405  2.122
 58     0.879 54232.54170629  9.68 105.901210  72.916265  2.122
 58     1.238 54232.54170693  9.41 105.895310  72.919125  2.122
 58     1.407 54232.54170758  9.47 105.889390  72.921985  2.122
 58     1.424 54232.54170822  9.65 105.883480  72.924845  2.122
 59     3.227 54267.54171716 47.19 105.973988  72.883772 33.232
 59     3.135 54267.54171781 40.68 105.968098  72.886632 33.232
 59     2.897 54267.54171845 29.56 105.962208  72.889492 33.232
 59     2.823 54267.54171910 29.75 105.956318  72.892362 33.232
 59     3.095 54267.54171974 34.55 105.950420  72.895227 43.867
 59     3.249 54267.54172039 35.18 105.944530  72.898087 43.867
 59     3.093 54267.54172103 31.81 105.938630  72.900947 43.867
 59     2.815 54267.54172168 29.59 105.932730  72.903817 43.867
 59     2.600 54267.54172232 28.97 105.926830  72.906677 43.867
 59     2.995 54267.54172296 28.35 105.920930  72.909537 43.867
 59     3.174 54267.54172361 41.67 105.915030  72.912397 43.867
 59     3.264 54267.54172425 50.66 105.909120  72.915267 43.867
 59     3.082 54267.54172490 56.06 105.903210  72.918127 43.867
 59     2.989 54267.54172554 53.03 105.897310  72.920987 43.867
 59     3.008 54267.54172619 52.76 105.891390  72.923847 43.867
 59     3.045 54267.54172683 53.10 105.885480  72.926707 43.867
 60     1.277 54302.54172155 18.91 105.971774  72.885336 27.734
 60     0.488 54302.54172220 17.96 105.965884  72.888196 27.734
 60     0.324 54302.54172284 16.25 105.959994  72.891066 27.734
 60     0.306 54302.54172349 15.52 105.954097  72.893930 13.965
 60     0.068 54302.54172413 15.30 105.948207  72.896790 13.965
 60    12.424 54302.54172478 15.24 105.942307  72.899650 13.965
 60    -0.117 54302.54172542 16.65 105.936417  72.902520 13.965
 60    -0.168 54302.54172607 17.45 105.930517  72.905380 13.965
 60     0.127 54302.54172671 16.40 105.924617  72.908240 13.965
 60     6.791 54302.54172735 17.24 105.918707  72.911100 13.965
 60    -0.163 54302.54172800 17.68 105.912807  72.913970 13.965
 60     0.038 54302.54172864 18.60 105.906897  72.916830 13.965
 60     0.332 54302.54172929 18.85 105.900997  72.919690 13.965
 60     0.335 54302.54172993 20.70 105.895077  72.922550 13.965
 60     0.527 54302.54173058 20.47 105.889167  72.925410 13.965
 61     3.917 54337.54170822 16.57 105.973973  72.888115 15.202
 61     0.418 54337.54170886 18.05 105.968093  72.890985 15.202
 61     0.075 54337.54170951 18.53 105.962203  72.893845 15.202
 61     0.092 54337.54171015 17.51 105.956309  72.896712 14.897
 61    -3.348 54337.54171079 19.22 105.950409  72.899572 14.897
 61    -0.202 54337.54171144 18.85 105.944519  72.902432 14.897
 61    -0.056 54337.54171208 18.07 105.938619  72.905292 14.897
 61    -0.130 54337.54171273 18.21 105.932719  72.908162 14.897
 61    -0.380 54337.54171337 18.44 105.926819  72.911022 14.897
 61     0.005 54337.54171402 18.55 105.920919  72.913882 14.897
 61    -0.139 54337.54171466 19.77 105.915009  72.916752 14.897
 61     0.153 54337.54171531 19.22 105.909099  72.919612 14.897
 61     0.212 54337.54171595 20.59 105.903199  72.922472 14.897
 61     0.313 54337.54171660 21.87 105.897279  72.925332 14.897
 61     0.637 54337.54171724 22.22 105.891369  72.928192 14.897
 62     1.440 54372.54165360 23.92 105.971234  72.879866 31.360
 62     0.985 54372.54165425 19.57 105.965354  72.882726 31.360
 62    -0.251 54372.54165489 21.35 105.959464  72.885586 31.360
 62    -3.937 54372.54165554 23.35 105.953574  72.888456 31.360
 62    -3.334 54372.54165618 25.50 105.947674  72.891316 31.360
 62    -2.533 54372.54165683 28.55 105.941784  72.894176 31.360
 62    -2.129 54372.54165747 31.76 105.935886  72.897041 27.119
 62    -1.639 54372.54165812 34.96 105.929996  72.899901 27.119
 62    -1.280 54372.54165876 36.73 105.924086  72.902771 27.119
 62    -0.840 54372.54165941 34.05 105.918186  72.905631 27.119
 62    -0.356 54372.54166005 32.24 105.912286  72.908491 27.119
 62    -0.241 54372.54166069 30.82 105.906386  72.911351 27.119
 62     0.033 54372.54166134 27.63 105.900476  72.914221 27.119
 62     0.228 54372.54166198 27.43 105.894566  72.917081 27.119
 62     0.303 54372.54166263 44.36 105.888656  72.919941 27.119
 62     0.534 54372.54166327 49.35 105.882746  72.922801 27.119
 63     0.438 54407.54165317 19.27 105.971772  72.886276  3.504
 63     0.432 54407.54165381 19.76 105.965882  72.889146  3.504
 63     0.563 54407.54165446 20.99 105.959992  72.892006  3.504
 63     0.515 54407.54165510 21.77 105.954102  72.894866  3.504
 63     0.424 54407.54165575 22.36 105.948212  72.897736  3.504
 63     0.497 54407.54165639 23.49 105.942313  72.900595  5.348
 63     0.480 54407.54165703 24.88 105.936413  72.903455  5.348
 63     0.476 54407.54165768 24.44 105.930513  72.906315  5.348
 63     0.459 54407.54165832 24.95 105.924613  72.909185  5.348
 63     0.402 54407.54165897 25.56 105.918713  72.912045  5.348
 63     0.537 54407.54165961 24.86 105.912803  72.914905  5.348
 63     0.478 54407.54166026 24.90 105.906903  72.917765  5.348
 63     0.491 54407.54166090 23.75 105.900993  72.920635  5.348
 63     0.593 54407.54166155 23.27 105.895083  72.923495  5.348
 63     0.498 54407.54166219 22.48 105.889173  72.926355  5.348
 64    -0.100 54442.54161914 15.25 105.909604  72.902801  2.707
 64    -0.014 54442.54161979 15.06 105.903694  72.905661  2.707
 64     0.068 54442.54162043 15.06 105.897794  72.908521  2.707
 64     0.211 54442.54162108 15.10 105.891884  72.911391  2.707
 64     0.240 54442.54162172 14.60 105.885974  72.914251  2.707
 64     0.274 54442.54162237 14.25 105.880064  72.917111  2.707
 65    -0.212 54477.54164150  9.70 105.974171  72.883828  2.694
 65    -0.015 54477.54164214  9.93 105.968291  72.886688  2.694
 65    -0.018 54477.54164279 10.56 105.962401  72.889558  2.694
 65    -0.137 54477.54164343 11.21 105.956511  72.892418  2.694
 65    -0.125 54477.54164408 11.20 105.950611  72.895278  2.694
 65    -0.068 54477.54164472 11.32 105.944721  72.898138  2.694
 65    -0.122 54477.54164537 11.63 105.938821  72.901008  2.694
 65    -0.121 54477.54164601 12.27 105.932921  72.903868  2.694
 65    -0.138 54477.54164665 12.28 105.927021  72.906728  2.694
 65    -0.063 54477.54164730 12.40 105.921121  72.909598  2.694
 65    -0.134 54477.54164794 12.86 105.915221  72.912458  2.694
 65     0.031 54477.54164859 12.16 105.909311  72.915318  2.694
 65     0.205 54477.54164923 11.78 105.903401  72.918178  2.694
 65     0.195 54477.54164988 11.47 105.897501  72.921038  2.694
 65     0.206 54477.54165052 11.31 105.891586  72.923899  1.868
 65     0.269 54477.54165117 11.11 105.885676  72.926759  1.868
 66     0.281 54512.54163249 10.06 105.931013  72.894615  2.559
 66     0.224 54512.54163313 10.20 105.925113  72.897475  2.559
 66     0.211 54512.54163378  9.94 105.919223  72.900345  2.559
 66     0.223 54512.54163442 10.26 105.913313  72.903205  2.559
 66     0.275 54512.54163507  9.92 105.907413  72.906065  2.559
 66     0.352 54512.54163571  9.84 105.901513  72.908925  2.559
 66     0.413 54512.54163636  9.65 105.895603  72.911785  2.559
 66     0.585 54512.54163700  9.88 105.889693  72.914645  2.559
 66     0.619 54512.54163765  9.46 105.883783  72.917515  2.559
 67    -0.387 54547.54165602  8.55 105.974320  72.887327  2.441
 67    19.103 54547.54165666  8.65 105.968430  72.890197  2.441
 67    -0.067 54547.54165731  8.89 105.962540  72.893057  2.441
 67    -0.150 54547.54165795  9.38 105.956650  72.895917  2.441
 67    -0.222 54547.54165860  9.54 105.950750  72.898787  2.441
 67    -0.240 54547.54165924  9.65 105.944860  72.901647  2.441
 67    -0.116 54547.54165989  9.24 105.938960  72.904507  2.441
 67    -0.197 54547.54166053  9.61 105.933060  72.907367  2.441
 67    -0.089 54547.54166118  9.68 105.927160  72.910237  2.441
 67    -0.046 54547.54166182  9.93 105.921260  72.913097  2.441
 67     0.010 54547.54166247 10.02 105.915350  72.915957  2.441
 67     0.290 54547.54166311  9.95 105.909450  72.918817  2.441
 67     0.432 54547.54166375  9.46 105.903540  72.921677  2.441
 67     0.451 54547.54166440  9.60 105.897630  72.924547  2.441
 67     0.384 54547.54166504  9.38 105.891720  72.927407  2.441
 68    18.424 54582.54162568  7.28 105.968124  72.885340  2.349
 68     0.057 54582.54162633  7.89 105.962234  72.888200  2.349
 68     0.126 54582.54162697  7.83 105.956344  72.891060  2.349
 68     0.133 54582.54162762  8.48 105.950444  72.893930  2.349
 68    -0.109 54582.54162826  8.85 105.944554  72.896790  2.349
 68    -0.075 54582.54162891  8.50 105.938654  72.899650  2.349
 68    -0.056 54582.54162955  8.73 105.932754  72.902510  2.349
 68     0.000 54582.54163019  8.55 105.926854  72.905380  2.349
 68     0.031 54582.54163084  8.67 105.920954  72.908240  2.349
 68     0.179 54582.54163148  8.42 105.915054  72.911100  2.349
 68     0.259 54582.54163213  8.88 105.909144  72.913960  2.349
 68     0.405 54582.54163277  8.34 105.903244  72.916830  2.349
 68     0.479 54582.54163342  8.47 105.897334  72.919690  2.349
 68     0.390 54582.54163406  8.56 105.891424  72.922550  2.349
 68     0.605 54582.54163471  8.37 105.885504  72.925410  2.349
 69    18.475 54617.54164645  3.69 105.968844  72.885935  2.307
 69     3.125 54617.54164710  3.82 105.962954  72.888805  2.307
 69     1.976 54617.54164774  4.23 105.957064  72.891665  2.307
 69     0.746 54617.54164839  4.19 105.951174  72.894525  2.307
 69     0.343 54617.54164903  4.78 105.945284  72.897395  2.307
 69     0.264 54617.54164968  5.14 105.939384  72.900255  2.307
 69     0.163 54617.54165032  4.53 105.933484  72.903115  2.307
 69     0.229 54617.54165097  4.72 105.927586  72.905976  2.213
 69     0.373 54617.54165161  4.51 105.921686  72.908846  2.213
 69     0.397 54617.54165226  4.88 105.915786  72.911706  2.213
 69     0.745 54617.54165290  4.92 105.909876  72.914566  2.213
 69     0.748 54617.54165354  4.78 105.903966  72.917426  2.213
 69     1.214 54617.54165419  5.00 105.898056  72.920286  2.213
 69     1.303 54617.54165483  4.98 105.892146  72.923156  2.213
 69     1.546 54617.54165548  5.16 105.886236  72.926016  2.213
 70     2.324 54652.54165817 18.21 105.972187  72.883434 12.053
 70     3.597 54652.54165881 12.63 105.966307  72.886304 12.053
 70     2.158 54652.54165946 14.06 105.960417  72.889164 12.053
 70     3.273 54652.54166010 12.24 105.954527  72.892024 12.053
 70     0.389 54652.54166075 12.66 105.948627  72.894894 12.053
 70     0.440 54652.54166139 12.64 105.942737  72.897754 12.053
 70     0.303 54652.54166204 13.22 105.936837  72.900614 12.053
 70     0.282 54652.54166268 13.70 105.930937  72.903474 12.053
 70     0.006 54652.54166333 15.60 105.925037  72.906344 12.053
 70    -0.094 54652.54166397 16.32 105.919137  72.909204 12.053
 70    -0.187 54652.54166462 17.89 105.913237  72.912064 12.053
 70     0.090 54652.54166526 18.59 105.907327  72.914924 12.053
 70     0.319 54652.54166591 20.15 105.901427  72.917794 12.053
 70     0.644 54652.54166655 20.93 105.895517  72.920654 12.053
 70     1.015 54652.54166719 21.64 105.889607  72.923514 12.053
 70     1.312 54652.54166784 22.71 105.883687  72.926374 12.053
 71     0.618 54687.54164953 34.31 105.971381  72.889363 17.717
 71     0.548 54687.54165017 31.71 105.965491  72.892223 17.717
 71     0.486 54687.54165082 33.73 105.959601  72.895093 17.717
 71     0.491 54687.54165146 30.73 105.953711  72.897953 17.717
 71     0.268 54687.54165211 28.26 105.947811  72.900813 17.717
 71    -0.037 54687.54165275 28.01 105.941921  72.903683 17.717
 71    -0.188 54687.54165340 26.70 105.936021  72.906543 17.717
 71    -0.255 54687.54165404 25.82 105.930121  72.909403 17.717
 71    -0.003 54687.54165469 25.19 105.924221  72.912263 17.717
 71     0.548 54687.54165533 36.40 105.918311  72.915133 17.717
 71     0.542 54687.54165598 42.54 105.912411  72.917993 17.717
 71     0.559 54687.54165662 42.41 105.906501  72.920853 17.717
 71     0.465 54687.54165727 37.10 105.900591  72.923713 17.717
 71     0.574 54687.54165791 41.83 105.894681  72.926573 17.717
 72    -2.313 54722.54160826 27.16 105.928773  72.895356 23.009
 72    -1.593 54722.54160890 26.64 105.922873  72.898216 23.009
 72    -0.957 54722.54160955 27.48 105.916973  72.901086 23.009
 72    -0.621 54722.54161019 29.48 105.911073  72.903946 23.009
 72    -0.312 54722.54161084 29.59 105.905173  72.906806 23.009
 72     0.065 54722.54161148 25.17 105.899263  72.909666 23.009
 72     0.284 54722.54161213 24.90 105.893353  72.912526 23.009
 72     0.495 54722.54161277 24.02 105.887443  72.915396 23.009
 72     0.355 54722.54161342 38.81 105.881533  72.918256 23.009
 73     0.094 54757.54162427 29.78 105.971139  72.885931  7.608
 73     0.209 54757.54162491 30.07 105.965259  72.888791  7.608
 73     0.039 54757.54162556 30.64 105.959369  72.891661  7.608
 73     0.162 54757.54162620 31.27 105.953469  72.894521  7.608
 73     0.108 54757.54162685 31.31 105.947579  72.897381  7.608
 73     0.063 54757.54162749 31.14 105.941689  72.900251  7.608
 73     0.113 54757.54162814 30.52 105.935789  72.903111  7.608
 73     0.106 54757.54162878 30.59 105.929889  72.905971  7.608
 73     0.030 54757.54162943 29.29 105.923989  72.908831  7.608
 73     0.051 54757.54163007 28.99 105.918089  72.911701  7.608
 73     0.000 54757.54163072 28.39 105.912179  72.914561  7.608
 73    -0.064 54757.54163136 27.03 105.906269  72.917421  7.608
 73    -0.170 54757.54163201 26.25 105.900369  72.920281  7.608
 73    -0.140 54757.54163265 25.56 105.894459  72.923141  7.608
 73    -0.086 54757.54163330 24.47 105.888539  72.926001  7.608
 74     0.142 54792.54160321 19.35 105.911371  72.902049  3.696
 74     0.067 54792.54160386 19.17 105.905461  72.904909  3.696
 74     0.016 54792.54160450 18.38 105.899561  72.907769  3.696
 74     0.053 54792.54160515 18.31 105.893651  72.910629  3.696
 74    -0.022 54792.54160579 17.81 105.887741  72.913489  3.696
 74    -0.200 54792.54160644 17.80 105.881831  72.916359  3.696
 75     0.018 54827.54162170 12.87 105.970744  72.882963  2.944
 75     0.166 54827.54162234 13.26 105.964854  72.885823  2.944
 75     0.050 54827.54162299 14.14 105.958964  72.888683  2.944
 75    -0.013 54827.54162363 14.88 105.953074  72.891553  2.944
 75     0.037 54827.54162428 15.59 105.947184  72.894413  2.944
 75     0.069 54827.54162492 15.03 105.941294  72.897273  2.944
 75     0.000 54827.54162557 15.20 105.935394  72.900143  2.944
 75     0.036 54827.54162621 15.02 105.929494  72.903003  2.944
 75     0.023 54827.54162686 15.60 105.923594  72.905863  2.944
 75     0.005 54827.54162750 15.00 105.917694  72.908723  2.944
 75     0.020 54827.54162815 14.71 105.911784  72.911593  2.944
 75     0.103 54827.54162879 14.03 105.905884  72.914453  2.944
 75     0.094 54827.54162943 14.22 105.899974  72.917313  2.944
 75     0.102 54827.54163008 14.04 105.894064  72.920173  2.944
 75     0.069 54827.54163072 13.64 105.888154  72.923033  2.944
 75     0.145 54827.54163137 13.74 105.882244  72.925893  2.944
 76    -0.300 54862.54159365 13.59 105.949675  72.887297  3.685
 76    -0.437 54862.54159429 13.95 105.943775  72.890167  3.685
 76    -0.232 54862.54159494 13.88 105.937885  72.893027  3.685
 76    -0.094 54862.54159558 12.91 105.931985  72.895887  3.685
 76    -0.180 54862.54159623 12.47 105.926085  72.898747  3.685
 76    -0.052 54862.54159687 11.55 105.920185  72.901617  3.685
 76    -0.045 54862.54159752 11.43 105.914285  72.904477  3.685
 76    -0.036 54862.54159816 11.58 105.908385  72.907337  3.685
 76    -0.021 54862.54159881 10.99 105.902475  72.910197  3.685
 76     0.245 54862.54159945 11.28 105.896575  72.913057  3.685
 76     0.266 54862.54160010 11.04 105.890665  72.915917  3.685
 76     0.221 54862.54160074 10.81 105.884755  72.918787  3.685
 77    -0.478 54897.54162261 11.14 105.970010  72.887811  3.129
 77    -0.237 54897.54162325 11.17 105.964120  72.890681  3.129
 77    -0.166 54897.54162390 11.33 105.958230  72.893541  3.129
 77    -0.419 54897.54162454 12.52 105.952340  72.896401  3.129
 77    -0.275 54897.54162519 11.35 105.946450  72.899271  3.129
 77    -0.172 54897.54162583 11.23 105.940550  72.902131  3.129
 77    -0.226 54897.54162648 11.37 105.934650  72.904991  3.129
 77    -0.123 54897.54162712 10.75 105.928750  72.907851  3.129
 77    -0.215 54897.54162777 11.06 105.922850  72.910721  3.129
 77    -0.120 54897.54162841 10.86 105.916950  72.913581  3.129
 77    -0.023 54897.54162906  9.95 105.911040  72.916441  3.129
 77     0.028 54897.54162970 10.10 105.905140  72.919301  3.129
 77     0.253 54897.54163034  9.99 105.899230  72.922161  3.129
 77     0.119 54897.54163099  9.94 105.893320  72.925031  3.129
 77     0.319 54897.54163163 10.02 105.887400  72.927891  3.129
 78     0.449 54932.54158825  9.10 105.961831  72.882833  2.419
 78     0.117 54932.54158889  9.70 105.955941  72.885693  2.419
 78    -0.018 54932.54158954  9.97 105.950051  72.888563  2.419
 78    -0.098 54932.54159018 10.58 105.944161  72.891423  2.419
 78    -0.149 54932.54159082 11.09 105.938261  72.894283  2.419
 78    -0.222 54932.54159147 11.00 105.932371  72.897143  2.419
 78    -0.023 54932.54159211 10.70 105.926471  72.900013  2.419
 78    -0.081 54932.54159276 10.94 105.920571  72.902873  2.419
 78    -0.072 54932.54159340 10.23 105.914671  72.905733  2.419
 78     0.039 54932.54159405 10.25 105.908761  72.908593  2.419
 78     0.224 54932.54159469 10.01 105.902861  72.911453  2.419
 78     0.205 54932.54159534 10.49 105.896951  72.914323  2.419
 78     0.346 54932.54159598 10.42 105.891041  72.917183  2.419
 78     0.251 54932.54159663  9.89 105.885131  72.920043  2.419
 79     1.572 54967.54162312 10.66 105.970910  72.884685  2.394
 79     0.261 54967.54162377 11.14 105.965030  72.887545  2.394
 79     0.140 54967.54162441 10.97 105.959140  72.890415  2.394
 79     0.132 54967.54162506 11.38 105.953240  72.893275  2.394
 79     0.084 54967.54162570 11.31 105.947350  72.896135  2.394
 79     0.080 54967.54162635 11.51 105.941460  72.899005  2.394
 79     0.152 54967.54162699 11.00 105.935560  72.901865  2.394
 79     0.181 54967.54162764 10.86 105.929660  72.904725  2.394
 79     0.189 54967.54162828 10.72 105.923760  72.907585  2.394
 79     0.213 54967.54162893 10.71 105.917860  72.910455  2.394
 79     0.364 54967.54162957 10.93 105.911950  72.913315  2.394
 79     0.524 54967.54163022 10.83 105.906040  72.916175  2.394
 79     0.675 54967.54163086 10.71 105.900140  72.919035  2.394
 79     0.842 54967.54163150 10.19 105.894230  72.921895  2.394
 79     0.980 54967.54163215 10.35 105.888310  72.924765  2.394
 80     2.344 55002.54164271 20.89 105.970429  72.883358 19.401
 80     1.766 55002.54164336 21.06 105.964539  72.886218 19.401
 80     1.439 55002.54164400 21.47 105.958649  72.889078 19.401
 80     1.568 55002.54164465 19.82 105.952759  72.891948 19.401
 80     1.494 55002.54164529 21.30 105.946869  72.894808 19.401
 80     1.765 55002.54164594 22.68 105.940969  72.897668 19.401
 80     1.405 55002.54164658 23.34 105.935079  72.900528 19.401
 80     1.578 55002.54164723 23.56 105.929179  72.903398 19.401
 80     1.718 55002.54164787 25.34 105.923279  72.906258 19.401
 80     1.858 55002.54164851 28.02 105.917379  72.909118 19.401
 80     1.920 55002.54164916 33.62 105.911469  72.911978 19.401
 80     1.901 55002.54164980 35.05 105.905569  72.914848 19.401
 80     1.938 55002.54165045 34.89 105.899659  72.917708 19.401
 80     1.948 55002.54165109 32.86 105.893749  72.920568 19.401
 80     1.911 55002.54165174 33.16 105.887839  72.923428 19.401
 80     1.957 55002.54165238 37.80 105.881921  72.926287 30.934
 81     0.114 55037.54162941 50.51 105.972676  72.884747 41.377
 81     0.157 55037.54163005 53.31 105.966786  72.887617 41.377
 81     0.153 55037.54163070 52.78 105.960896  72.890477 41.377
 81     0.064 55037.54163134 52.80 105.955006  72.893337 41.377
 81     0.205 55037.54163199 51.32 105.949106  72.896207 41.377
 81     0.092 55037.54163263 52.27 105.943216  72.899067 41.377
 81     0.092 55037.54163327 51.61 105.937316  72.901927 41.377
 81     0.199 55037.54163392 50.57 105.931416  72.904787 41.377
 81     0.168 55037.54163456 50.97 105.925516  72.907657 41.377
 81     0.126 55037.54163521 51.29 105.919616  72.910517 41.377
 81     0.087 55037.54163585 52.32 105.913706  72.913377 41.377
 81     0.064 55037.54163650 52.74 105.907806  72.916237 41.377
 81     0.020 55037.54163714 53.30 105.901896  72.919097 41.377
 81     0.175 55037.54163779 52.04 105.895986  72.921967 41.377
 81     0.106 55037.54163843 52.85 105.890076  72.924827 41.377
 82     0.610 55072.54161660 14.92 105.974196  72.889151  8.015
 82     0.727 55072.54161724 13.72 105.968306  72.892011  8.015
 82     0.396 55072.54161789 14.31 105.962416  72.894871  8.015
 82    -0.298 55072.54161853 15.22 105.956526  72.897741  8.015
 82    17.447 55072.54161918 13.74 105.950626  72.900601  8.015
 82    -0.196 55072.54161982 13.60 105.944736  72.903461  8.015
 82    -0.146 55072.54162047 13.78 105.938836  72.906331  8.015
 82    -0.402 55072.54162111 15.09 105.932936  72.909191  8.015
 82    -0.392 55072.54162176 16.04 105.927036  72.912051  8.015
 82    -0.513 55072.54162240 16.61 105.921126  72.914911  8.015
 82    -0.432 55072.54162304 17.20 105.915226  72.917781  8.015
 82    -0.219 55072.54162369 16.58 105.909316  72.920641  8.015
 82    -0.041 55072.54162433 16.82 105.903406  72.923501  8.015
 82     0.031 55072.54162498 20.98 105.897496  72.926361  8.015
 82     0.273 55072.54162562 25.15 105.891586  72.929221  8.015
 83    -2.870 55107.54156369 27.16 105.938712  72.891726 26.316
 83    -1.965 55107.54156433 27.88 105.932822  72.894596 26.316
 83    -1.285 55107.54156498 29.81 105.926922  72.897456 26.316
 83    -0.881 55107.54156562 32.48 105.921022  72.900316 26.316
 83    -0.627 55107.54156627 36.04 105.915122  72.903176 26.316
 83    -0.449 55107.54156691 42.46 105.909222  72.906046 26.316
 83    -0.175 55107.54156756 48.28 105.903312  72.908906 26.316
 83    -0.084 55107.54156820 48.54 105.897412  72.911766 26.316
 83    -0.093 55107.54156885 48.26 105.891502  72.914626 26.316
 83    -0.164 55107.54156949 46.84 105.885592  72.917486 26.316
 84     0.514 55142.54156659 29.39 105.975301  72.884698  7.165
 84     0.525 55142.54156723 31.02 105.969411  72.887558  7.165
 84     0.506 55142.54156788 30.22 105.963521  72.890428  7.165
 84     0.363 55142.54156852 30.68 105.957631  72.893288  7.165
 84     0.421 55142.54156917 30.74 105.951741  72.896148  7.165
 84     0.436 55142.54156981 31.21 105.945841  72.899018  7.165
 84     0.379 55142.54157046 29.72 105.939951  72.901878  7.165
 84     0.329 55142.54157110 30.52 105.934051  72.904738  7.165
 84     0.419 55142.54157175 30.44 105.928151  72.907598  7.165
 84     0.349 55142.54157239 30.57 105.922251  72.910468  7.165
 84     0.325 55142.54157304 30.93 105.916351  72.913328  7.165
 84     0.367 55142.54157368 30.06 105.910441  72.916188  7.165
 84     0.303 55142.54157433 30.85 105.904531  72.919048  7.165
 84     0.362 55142.54157497 30.87 105.898621  72.921908  7.165
 84     0.252 55142.54157561 29.35 105.892711  72.924778  7.165
 84     0.331 55142.54157626 29.24 105.886801  72.927638  7.165
 85     0.080 55177.54153690 22.71 105.917618  72.899568  3.745
 85     0.027 55177.54153755 22.01 105.911718  72.902428  3.745
 85     0.248 55177.54153819 21.98 105.905808  72.905288  3.745
 85     0.508 55177.54153884 21.33 105.899908  72.908148  3.745
 85     0.711 55177.54153948 21.03 105.893998  72.911018  3.745
 85     0.731 55177.54154013 19.99 105.888088  72.913878  3.745
 85     0.652 55177.54154077 20.35 105.882178  72.916738  3.745
 86    -0.032 55212.54156143 17.60 105.970820  72.885128  4.077
 86     0.064 55212.54156207 18.23 105.964940  72.887988  4.077
 86     0.159 55212.54156272 18.70 105.959050  72.890858  4.077
 86    -0.013 55212.54156336 19.98 105.953150  72.893718  4.077
 86    -0.137 55212.54156401 20.43 105.947260  72.896578  4.077
 86     0.007 55212.54156465 20.87 105.941370  72.899448  4.077
 86     0.109 55212.54156530 20.43 105.935470  72.902308  4.077
 86    -0.006 55212.54156594 21.07 105.929570  72.905168  4.077
 86     0.120 55212.54156659 22.37 105.923670  72.908028  4.077
 86     0.291 55212.54156723 21.49 105.917770  72.910898  4.077
 86     0.379 55212.54156787 23.01 105.911860  72.913758  4.077
 86     0.513 55212.54156852 21.00 105.905950  72.916618  4.077
 86     0.521 55212.54156916 20.49 105.900050  72.919478  4.077
 86     0.464 55212.54156981 20.83 105.894140  72.922338  4.077
 86     0.231 55212.54157045 20.39 105.888220  72.925208  4.077
 87     2.619 55247.54153398 14.90 105.968972  72.879875  3.695
 87     2.123 55247.54153462 15.41 105.963082  72.882735  3.695
 87     0.311 55247.54153527 16.00 105.957202  72.885595  3.695
 87    -0.177 55247.54153591 16.68 105.951312  72.888455  3.695
 87    -0.362 55247.54153656 17.11 105.945412  72.891325  3.695
 87    -0.492 55247.54153720 17.67 105.939522  72.894185  3.695
 87    -0.341 55247.54153785 17.27 105.933622  72.897045  3.695
 87    -0.252 55247.54153849 17.46 105.927722  72.899915  3.695
 87    -0.194 55247.54153914 17.64 105.921832  72.902775  3.695
 87    -0.045 55247.54153978 18.08 105.915922  72.905635  3.695
 87     0.153 55247.54154042 18.25 105.910022  72.908495  3.695
 87     0.570 55247.54154107 17.77 105.904122  72.911355  3.695
 87     0.647 55247.54154171 17.15 105.898211  72.914218  3.698
 87     0.654 55247.54154236 17.41 105.892301  72.917078  3.698
 87     0.566 55247.54154300 17.53 105.886391  72.919948  3.698
 88    18.872 55282.54155571 13.71 105.971531  72.887972  3.128
 88    -0.115 55282.54155635 13.91 105.965641  72.890842  3.128
 88    -0.241 55282.54155699 14.55 105.959751  72.893702  3.128
 88    -0.333 55282.54155764 14.63 105.953861  72.896562  3.128
 88    -0.302 55282.54155828 15.40 105.947961  72.899432  3.128
 88    -0.274 55282.54155893 15.37 105.942071  72.902292  3.128
 88    -0.081 55282.54155957 15.49 105.936171  72.905152  3.128
 88    -0.074 55282.54156022 16.10 105.930271  72.908012  3.128
 88     0.073 55282.54156086 15.70 105.924371  72.910882  3.128
 88     0.266 55282.54156151 15.39 105.918471  72.913742  3.128
 88     0.309 55282.54156215 15.29 105.912561  72.916602  3.128
 88     0.375 55282.54156280 15.42 105.906651  72.919462  3.128
 88     0.397 55282.54156344 14.61 105.900751  72.922322  3.128
 88     0.320 55282.54156409 14.82 105.894841  72.925192  3.128
 88     0.308 55282.54156473 15.37 105.888921  72.928052  3.128
 89     3.005 55317.54152396 11.76 105.973733  72.883348  2.658
 89     0.060 55317.54152460 12.16 105.967843  72.886218  2.658
 89    -0.139 55317.54152525 12.78 105.961953  72.889078  2.658
 89    -0.023 55317.54152589 12.60 105.956073  72.891938  2.658
 89    -0.028 55317.54152654 12.59 105.950173  72.894808  2.658
 89    -0.089 55317.54152718 13.19 105.944283  72.897668  2.658
 89    -0.117 55317.54152783 13.02 105.938383  72.900528  2.658
 89    -0.071 55317.54152847 13.33 105.932483  72.903388  2.658
 89    -0.045 55317.54152912 12.88 105.926583  72.906258  2.658
 89     0.167 55317.54152976 12.93 105.920683  72.909118  2.658
 89     0.203 55317.54153041 12.73 105.914783  72.911978  2.658
 89     0.391 55317.54153105 12.86 105.908873  72.914838  2.658
 89     0.449 55317.54153169 12.57 105.902973  72.917708  2.658
 89     0.378 55317.54153234 12.40 105.897063  72.920568  2.658
 89     0.410 55317.54153298 12.42 105.891153  72.923428  2.658
 89     0.505 55317.54153363 12.09 105.885233  72.926288  2.658
 90     0.768 55352.54152792 39.38 105.972375  72.887323 16.470
 90     0.838 55352.54152857 26.18 105.966485  72.890193 16.470
 90     0.641 55352.54152921 21.83 105.960595  72.893053 16.470
 90     0.668 55352.54152986 18.42 105.954705  72.895913 16.470
 90     0.541 55352.54153050 18.19 105.948805  72.898783 16.470
 90     0.648 55352.54153114 17.95 105.942915  72.901643 16.470
 90     0.509 55352.54153179 18.71 105.937015  72.904503 16.470
 90     0.441 55352.54153243 19.50 105.931115  72.907363 16.470
 90     0.434 55352.54153308 21.17 105.925215  72.910233 16.470
 90     0.412 55352.54153372 24.18 105.919315  72.913093 16.470
 90     0.586 55352.54153437 25.56 105.913405  72.915953 16.470
 90     0.581 55352.54153501 26.66 105.907495  72.918813 16.470
 90     0.457 55352.54153566 27.38 105.901595  72.921683 16.470
 90     0.679 55352.54153630 28.89 105.895685  72.924543 16.470
 90     0.840 55352.54153695 36.44 105.889765  72.927403 16.470
 91     0.303 55387.54152570 12.12 105.942182  72.890181 15.650
 91     0.271 55387.54152635 12.16 105.936292  72.893041 15.650
 91     0.220 55387.54152699 12.68 105.930392  72.895901 15.650
 91     0.208 55387.54152764 13.03 105.924492  72.898761 15.650
 91     0.269 55387.54152828 13.52 105.918592  72.901631 15.650
 91     0.102 55387.54152892 15.10 105.912692  72.904491 15.650
 91     0.062 55387.54152957 16.93 105.906792  72.907351 15.650
 91     0.185 55387.54153021 18.11 105.900882  72.910211 15.650
 91     0.368 55387.54153086 21.72 105.894982  72.913071 15.650
 91     0.857 55387.54153150 20.79 105.889072  72.915941 15.650
 91     0.617 55387.54153215 28.49 105.883162  72.918801 15.650
 92     0.216 55422.54154551 26.45 105.972094  72.885453  9.992
 92     0.447 55422.54154616 18.27 105.966204  72.888313  9.992
 92     0.175 55422.54154680 15.82 105.960314  72.891183  9.992
 92    -0.321 55422.54154745 17.55 105.954424  72.894043  9.992
 92    -0.405 55422.54154809 17.58 105.948524  72.896903  9.992
 92    -0.593 55422.54154874 17.91 105.942634  72.899773  9.992
 92    -0.430 55422.54154938 17.46 105.936734  72.902633  9.992
 92    -1.950 55422.54155003 20.34 105.930834  72.905493  9.992
 92    -0.732 55422.54155067 19.31 105.924934  72.908353  9.992
 92    -0.912 55422.54155132 20.19 105.919034  72.911223  9.992
 92    -0.650 55422.54155196 22.38 105.913124  72.914083  9.992
 92    -0.257 55422.54155261 19.20 105.907224  72.916943  9.992
 92     0.018 55422.54155325 21.74 105.901314  72.919803  9.992
 92     0.170 55422.54155390 22.37 105.895404  72.922663  9.992
 92     0.149 55422.54155454 24.05 105.889484  72.925533  9.992
 93     2.799 55457.54151937 18.22 105.974400  72.890169  9.088
 93     1.507 55457.54152002 17.78 105.968510  72.893029  9.088
 93     0.124 55457.54152066 18.95 105.962620  72.895889  9.088
 93    -0.098 55457.54152131 18.76 105.956730  72.898759  9.088
 93    -0.411 55457.54152195 17.80 105.950840  72.901619  9.088
 93    -1.315 55457.54152260 20.47 105.944940  72.904479  9.088
 93    -1.225 55457.54152324 18.64 105.939040  72.907349  9.088
 93    -0.984 55457.54152388 18.12 105.933140  72.910209  9.088
 93    -0.235 55457.54152453 16.56 105.927240  72.913069  9.088
 93    -0.724 55457.54152517 17.29 105.921340  72.915929  9.088
 93    -0.233 55457.54152582 16.80 105.915430  72.918799  9.088
 93    -0.190 55457.54152646 18.81 105.909520  72.921659  9.088
 93    -0.130 55457.54152711 18.58 105.903610  72.924519  9.088
 93    -0.122 55457.54152775 22.51 105.897700  72.927379  9.088
 93     0.362 55457.54152840 26.17 105.891790  72.930239  9.088
