# NaN NaN NaN ;Mean Elev.(m), Avg Gradient(m/km), RMS Gradient(m/km) - SRTM1     
#  -13.271   0.930   8.667 ;Mean Elev.(m), Avg Gradient(m/km), RMS Gradient(m/km) - ASTER GDEM
#    1.000  -0.076   6.736 ;Mean Elev.(m), Avg Gradient(m/km), RMS Gradient(m/km) - GMTED2010 
  8 103.969975  72.453086     4.580     4.370  5 52488.54955989 20.404
  9 103.975887  72.453577     3.027     3.734  5 52523.54953406 25.214
 10 103.951416  72.451094     0.309     0.296  5 52558.54958443 33.773
 11 103.957902  72.453020     0.079     0.088  5 52593.54958503 18.590
 12 103.950586  72.451415     0.228     0.117  5 52628.54950952 13.715
 13 103.960627  72.453719     0.354     0.280  5 52663.54954715 12.438
 14 103.946254  72.450925     0.354     0.309  5 52698.54952239 11.166
 15 103.971350  72.454973     1.496     1.295  5 52733.54954501 10.551
 16 103.978343  72.454408     7.741     7.072  4 52768.54954828  6.794
 17 103.939139  72.452378     3.727     3.920  5 52803.54957076 45.907
 18 103.953475  72.450831     4.905     4.913  5 52838.54963346 21.983
 19 103.955735  72.452653     2.019     1.156  6 52873.54967350 31.255
 20 103.973019  72.453938     0.190     0.180  4 52908.54965470 33.629
 21 103.950105  72.450575     0.245     0.222  5 52943.54958365 26.788
 23 103.965587  72.453902     0.985     0.857  5 53013.54964040 16.192
 24 103.949296  72.450915     0.973     0.886  5 53048.54961066 14.462
 25 103.962982  72.452834     0.929     0.848  5 53083.54964598 14.067
 26 103.949701  72.450178     0.346     0.283  5 53118.54961627 12.939
 27 103.951004  72.452723     1.133     1.190  5 53153.54966741 11.386
 28 103.966580  72.452222     4.501     4.533  5 53188.54965539 27.808
 29 103.968301  72.454672     2.229     2.804  5 53223.54967246 22.071
 30 103.973633  72.453942     1.154     0.186  5 53258.54964762 30.624
 31 103.940864  72.451673     0.382     0.486  5 53293.54967058 24.345
 32 103.965211  72.453273     0.577     0.595  5 53328.54964373 16.804
 33 103.979763  72.453236     0.530     0.373  5 53363.54959613 13.024
 34 103.951157  72.452182     0.428     0.402  5 53398.54961963 11.146
 35 103.973661  72.455381     0.914     1.026  5 53433.54961029 11.779
 36 103.945165  72.452225     0.415     0.331  5 53468.54965047 10.566
 37 103.957042  72.453431     0.723     0.561  5 53503.54969727 10.112
 38 103.962587  72.453539     4.719     5.041  5 53538.54969327 27.701
 39 103.965443  72.453244     0.922     0.169  6 53573.54969292 27.509
 40 103.980472  72.454464     3.988     3.966  4 53608.54964233 18.364
 41 103.943592  72.451884     1.596     0.246  5 53643.54964477 25.754
 42 103.960030  72.452722     0.669     0.722  5 53678.54966263 21.072
 43 103.981120  72.453498     0.531     0.746  5 53713.54959066 15.966
 44 103.941799  72.452574     0.450     0.394  5 53748.54950566 15.303
 45 103.970414  72.452810     0.563     0.445  5 53783.54953561 15.815
 46 103.989610  72.454862     1.478     1.495  5 53818.54949807 14.751
 47 103.948449  72.450875     0.311     0.297  5 53853.54957623 14.890
 48 103.967054  72.452546     1.275     1.143  5 53888.54958371 12.315
 49 103.950346  72.451690     0.367     0.546  5 53923.54965257 27.777
 50 103.961934  72.453312     0.278     0.257  6 53958.54964457 34.832
 51 103.936160  72.451257     2.798     3.473  5 53993.54957377 21.614
 52 103.950379  72.451101     0.139     0.143  5 54028.54963367 36.815
 53 103.970570  72.452894     0.408     0.503  5 54063.54962702 16.300
 54 103.974236  72.455389     0.580     0.653  5 54098.54959524 13.429
 55 103.947839  72.451056     0.200     0.247  5 54133.54955105 12.047
 56 103.971036  72.454147     0.309     0.347  5 54168.54956926 11.958
 57 103.948642  72.451055     0.595     0.368  5 54203.54955488 11.779
 58 103.958772  72.453497     4.240     4.172  5 54238.54959002 10.984
 59 103.964116  72.452994     4.704     4.591  6 54273.54960769 36.300
 60 103.958443  72.453549     0.243     0.106  5 54308.54960977 26.177
 61 103.976749  72.454386     1.094     1.186  4 54343.54958753 33.514
 62 103.949271  72.453984     6.822     0.310  3 54378.54954567 26.916
 63 103.966260  72.453245     0.378     0.433  5 54413.54953534 17.504
 64 103.947656  72.451492     0.563     0.541  6 54448.54951167 12.855
 65 103.962090  72.453136     0.667     0.706  6 54483.54952908 12.239
 66 103.949175  72.453091     1.207     1.151  5 54518.54952561 10.289
 67 103.971249  72.455013     1.540     1.587  5 54553.54954120  9.519
 68 103.957277  72.452119     1.156     1.055  5 54588.54952111  8.830
 69 103.966198  72.452262     3.964     3.834  5 54623.54953847 19.458
 70 103.961964  72.451790     4.567     4.641  5 54658.54954746 25.590
 71 103.970866  72.452608     3.658     4.075  5 54693.54952863 16.526
 72 103.952943  72.451602     1.509     0.685  5 54728.54950153 23.889
 73 103.961067  72.453261     0.261    -0.152  6 54763.54950661 21.028
 74 103.944327  72.451818     0.444     0.380  5 54798.54949509 14.385
 75 103.963415  72.453312     0.582     0.428  5 54833.54949700 12.543
 76 103.949928  72.450518     0.288     0.197  5 54868.54949110 10.406
 77 103.970452  72.454799     0.965     0.784  5 54903.54950662  9.534
 78 103.952855  72.452839     0.929     0.866  5 54938.54948224  9.815
 79 103.960150  72.451496     9.225     9.637  5 54973.54951327  7.053
 80 103.964169  72.453626     4.556     4.415  5 55008.54952834 19.199
 81 103.959043  72.453850     0.349     0.369  5 55043.54951814 27.810
 82 103.973363  72.453766     0.516     0.302  5 55078.54949537 31.416
 83 103.952828  72.453189     1.263     0.467  5 55113.54945051 34.339
 84 103.961589  72.453057     0.302     0.346  5 55148.54945083 27.046
 85 103.947399  72.451391     0.200     0.166  5 55183.54943239 21.122
 86 103.963760  72.454592     0.502     0.435  5 55218.54944875 19.769
 87 103.952553  72.451861     0.267     0.147  5 55253.54942829 17.731
 88 103.975376  72.453499     0.410     0.458  5 55288.54943836 16.177
 89 103.960313  72.453078     0.530     0.350  5 55323.54941606 14.359
 90 103.965227  72.452660     3.641     3.361  5 55358.54941434 34.649
 91 103.951911  72.453144     4.241     4.619  5 55393.54941823 16.412
 92 103.961780  72.452644     1.511     1.580  6 55428.54943042 31.942
 93 103.979543  72.453713     1.865     0.612  5 55463.54939351 23.418
