# NaN NaN NaN ;Mean Elev.(m), Avg Gradient(m/km), RMS Gradient(m/km) - SRTM1     
#   12.158  -1.413   2.233 ;Mean Elev.(m), Avg Gradient(m/km), RMS Gradient(m/km) - ASTER GDEM
#    0.064  -1.760   5.796 ;Mean Elev.(m), Avg Gradient(m/km), RMS Gradient(m/km) - GMTED2010 
  7 105.919198  72.902662    -7.425    -7.400 12 52447.54170842 30.164
  8 105.928216  72.906566    -0.116    -0.309 15 52482.54169818 39.859
  9 105.935598  72.911637     0.748     0.061 15 52517.54165463 21.672
 10 105.894092  72.909687    -0.320    -0.352  4 52552.54170472 32.975
 11 105.934593  72.906785    -0.199    -0.239 15 52587.54168108 19.930
 12 105.935428  72.910410     0.127     0.116 14 52622.54164433 17.555
 13 105.929120  72.904388     1.146     0.001 16 52657.54165372 14.659
 15 105.929355  72.905198     1.403     0.274 16 52727.54167819 12.361
 16 105.934379  72.908018     0.096     0.071 15 52762.54169256  9.876
 17 105.912211  72.906428    18.915    18.906 10 52797.54165795  7.489
 18 105.918391  72.902954     0.561     0.329 13 52832.54172864 16.176
 19 105.929039  72.905651    -0.262    -0.144 16 52867.54177161 28.976
 20 105.932276  72.906691     6.676     7.357 14 52902.54179103 13.574
 21 105.937238  72.912827     0.034     0.025 15 52937.54173065 25.733
 22 105.926479  72.900485     0.250     0.142 15 52972.54175986 19.297
 23 105.927995  72.903844     0.287     0.109 16 53007.54177071 15.569
 24 105.896307  72.908997     0.289     0.256  5 53042.54172776 15.009
 25 105.928997  72.906459     0.279     0.279 15 53077.54175947 13.853
 26 105.888547  72.911472     0.593     0.637  4 53112.54173187 11.813
 27 105.925684  72.902537     0.240     0.161 15 53147.54177344 10.314
 28 105.931711  72.905697     2.559     2.596 15 53182.54177558 48.357
 29 105.930891  72.904603    -0.297    -0.299 15 53217.54179921 44.968
 30 105.936482  72.909842    -1.222    -0.488 15 53252.54177790 19.157
 31 105.890180  72.910504     0.264     0.261  3 53287.54177789 31.126
 32 105.932324  72.906429     0.119     0.108 15 53322.54175202 18.743
 33 105.937593  72.911787    -0.183    -0.214 14 53357.54171872 15.475
 34 105.905973  72.905987    -0.000     0.007  8 53392.54173352 13.505
 35 105.935587  72.909493     0.031     0.042 15 53427.54172832 11.655
 36 105.918499  72.902559     0.179     0.179 12 53462.54174426 11.197
 37 105.925340  72.901149     0.751     0.420 16 53497.54181720  9.398
 38 105.932599  72.908195     2.764     2.743 15 53532.54179905 38.594
 39 105.930920  72.904863     0.812     0.308 15 53567.54181915 31.850
 40 105.932053  72.913333     3.072     0.242 14 53602.54176545 15.242
 41 105.904095  72.906976    -0.423    -0.417  8 53637.54176303 24.128
 42 105.927059  72.901515    -0.005     0.021 16 53672.54178209 26.112
 43 105.937898  72.911859    -0.307    -0.320 14 53707.54171520 19.134
 44 105.942704  72.916778     0.131     0.128 15 53742.54162751 18.335
 45 105.930336  72.904806     0.054     0.054 16 53777.54165154 14.242
 46 105.941260  72.914353    -0.023    -0.015 15 53812.54162944 14.182
 47 105.911037  72.904692     0.172     0.217  9 53847.54168226 15.633
 49 105.928164  72.901716     0.622     0.511 16 53917.54176344 31.368
 50 105.927650  72.903167     3.400     1.462 16 53952.54176790 13.002
 52 105.916719  72.903647     0.221     0.197 12 54022.54174709 40.201
 53 105.931865  72.905844     0.184     0.220 15 54057.54173917 18.794
 54 105.935677  72.911288    -0.049     0.042 15 54092.54172205 14.802
 55 105.902758  72.907270     0.257     0.227  7 54127.54165757 11.655
 56 105.932433  72.905467    -0.259    -0.107 15 54162.54169015 10.591
 57 105.917234  72.903449     0.024    -0.050 12 54197.54165878 10.400
 58 105.927766  72.903381     0.576     0.476 16 54232.54170339  9.678
 59 105.929766  72.905243     3.031     3.079 16 54267.54172200 48.767
 60 105.930497  72.905378     1.506     0.325 15 54302.54172607 17.880
 61 105.932705  72.908159     0.105     0.118 15 54337.54171273 19.319
 62 105.927025  72.901335    -0.813    -1.183 16 54372.54165844 39.133
 63 105.930503  72.906319     0.486     0.473 15 54407.54165768 23.490
 64 105.894835  72.909956     0.113     0.112  6 54442.54162075 14.900
 65 105.929957  72.905297    -0.015     0.003 16 54477.54164633 11.528
 66 105.907409  72.906063     0.354     0.312  9 54512.54163507  9.919
 67 105.933050  72.907370     1.277    -0.009 15 54547.54166053  9.456
 68 105.926844  72.905376     1.390     0.218 15 54582.54163019  8.407
 69 105.927572  72.905978     2.110     0.747 15 54617.54165097  4.644
 70 105.927977  72.904908     0.992     0.445 16 54652.54166300 17.875
 71 105.933060  72.907971     0.330     0.517 14 54687.54165372 37.009
 72 105.905165  72.906806    -0.511    -0.337  9 54722.54161084 31.188
 73 105.929869  72.905970     0.034     0.049 15 54757.54162878 29.474
 74 105.896602  72.909199     0.009    -0.016  6 54792.54160483 18.512
 75 105.926528  72.904431     0.058     0.053 16 54827.54162653 14.506
 76 105.917230  72.903043    -0.055    -0.056 12 54862.54159719 12.276
 77 105.928740  72.907854    -0.116    -0.144 15 54897.54162712 10.911
 78 105.923511  72.901439     0.069     0.024 14 54932.54159244 10.344
 79 105.929640  72.904725     0.426     0.328 15 54967.54162764 10.899
 80 105.926214  72.904825     1.782     1.739 16 55002.54164755 31.147
 81 105.931406  72.904790     0.122     0.133 15 55037.54163392 52.139
 82 105.932921  72.909188     1.123     0.052 15 55072.54162111 17.793
 83 105.912166  72.904610    -0.859    -0.684 10 55107.54156659 44.464
 84 105.931086  72.906169     0.386     0.382 16 55142.54157142 30.405
 85 105.899902  72.908152     0.422     0.470  7 55177.54153884 21.435
 86 105.929550  72.905168     0.178     0.205 15 55212.54156594 20.671
 87 105.927717  72.899909     0.385     0.093 15 55247.54153849 17.180
 88 105.930257  72.908015     1.300     0.021 15 55282.54156022 15.096
 89 105.929523  72.904822     0.316     0.125 16 55317.54152879 12.663
 90 105.931101  72.907366     0.603     0.621 15 55352.54153243 30.425
 91 105.912686  72.904490     0.315     0.294 11 55387.54152892 20.432
 92 105.930823  72.905493    -0.338    -0.290 15 55422.54155003 21.046
 93 105.933127  72.910206    -0.058    -0.145 15 55457.54152388 19.932
