# NaN NaN NaN ;Mean Elev.(m), Avg Gradient(m/km), RMS Gradient(m/km) - SRTM1     
#  -12.844   0.930   8.667 ;Mean Elev.(m), Avg Gradient(m/km), RMS Gradient(m/km) - ASTER GDEM
#    1.000  -0.076   6.736 ;Mean Elev.(m), Avg Gradient(m/km), RMS Gradient(m/km) - GMTED2010 
  8     4.965 52488.54955860 25.62 103.981214  72.447311 16.793
  8     4.773 52488.54955924 17.20 103.975595  72.450200 17.337
  8     4.343 52488.54955989 14.37 103.969975  72.453090 17.337
  8     4.020 52488.54956053 15.84 103.964355  72.455970 17.337
  8     4.798 52488.54956118 18.18 103.958735  72.458860 17.337
  9     4.780 52523.54953278 28.88 103.987117  72.447804 24.154
  9     4.552 52523.54953342 20.72 103.981507  72.450694 24.154
  9     3.734 52523.54953406 21.47 103.975887  72.453574 24.154
  9     0.956 52523.54953471 24.72 103.970267  72.456464 24.154
  9     1.116 52523.54953535 25.23 103.964644  72.459349 22.823
 10     0.339 52558.54958314 30.35 103.962657  72.445321 10.522
 10     0.267 52558.54958379 35.27 103.957037  72.448211 10.522
 10     0.301 52558.54958443 33.89 103.951417  72.451091 10.522
 10     0.302 52558.54958508 34.15 103.945797  72.453981 10.522
 10     0.338 52558.54958572 33.84 103.940167  72.456861 10.522
 11    -0.319 52593.54958374 18.15 103.969142  72.447245  2.956
 11    -0.170 52593.54958439 18.54 103.963522  72.450135  2.956
 11     0.088 52593.54958503 18.63 103.957902  72.453025  2.956
 11    -0.108 52593.54958568 18.95 103.952292  72.455905  2.956
 11     0.903 52593.54958632 18.64 103.946662  72.458795  2.956
 12    -0.132 52628.54950823 13.78 103.961831  72.445645  3.441
 12     0.161 52628.54950887 14.01 103.956211  72.448525  3.441
 12     0.515 52628.54950952 13.30 103.950591  72.451415  3.441
 12     0.232 52628.54951016 13.59 103.944961  72.454295  3.441
 12     0.365 52628.54951081 13.86 103.939341  72.457185  3.441
 13    -0.166 52663.54954586 12.72 103.971868  72.447949  2.276
 13     0.118 52663.54954650 12.65 103.966248  72.450829  2.276
 13     0.222 52663.54954715 12.42 103.960628  72.453719  2.276
 13     0.502 52663.54954779 12.20 103.955008  72.456609  2.276
 13     1.093 52663.54954844 12.17 103.949378  72.459489  2.276
 14    -0.166 52698.54952110 11.08 103.957504  72.445155  2.372
 14     0.201 52698.54952175 11.27 103.951884  72.448035  2.372
 14     0.309 52698.54952239 11.29 103.946254  72.450925  2.372
 14     0.460 52698.54952304 11.24 103.940634  72.453805  2.372
 14     0.964 52698.54952368 10.94 103.935004  72.456695  2.372
 15     0.960 52733.54954372 10.71 103.982590  72.449203  2.070
 15     1.806 52733.54954436 10.36 103.976970  72.452083  2.070
 15     1.295 52733.54954501 11.20 103.971350  72.454973  2.070
 15     1.227 52733.54954565 10.23 103.965730  72.457863  2.070
 15     2.189 52733.54954629 10.17 103.960110  72.460743  2.070
 16    13.014 52768.54954731  6.38 103.986771  72.450080  2.757
 16    10.102 52768.54954796  6.69 103.981151  72.452960  2.757
 16     4.041 52768.54954860  7.16 103.975531  72.455850  2.757
 16     3.805 52768.54954925  6.91 103.969921  72.458740  2.757
 17     3.918 52803.54956947 47.30 103.950389  72.446611 31.187
 17     3.089 52803.54957011 45.58 103.944759  72.449491 31.187
 17     3.920 52803.54957076 26.13 103.939139  72.452381 31.187
 17     3.899 52803.54957140 34.32 103.933519  72.455261 31.187
 17     3.809 52803.54957205 50.08 103.927889  72.458151 31.187
 18     5.433 52838.54963217 26.95 103.964719  72.445064 22.879
 18     5.314 52838.54963281 21.92 103.959099  72.447944 22.879
 18     4.913 52838.54963346 17.73 103.953479  72.450834 22.879
 18     4.317 52838.54963410 15.35 103.947849  72.453714 22.879
 18     4.545 52838.54963475 16.50 103.942229  72.456604 22.879
 19     0.898 52873.54967189 32.93 103.969786  72.445441 27.845
 19     4.887 52873.54967253 24.84 103.964166  72.448321 27.845
 19     0.527 52873.54967318 23.53 103.958546  72.451211 27.845
 19     1.210 52873.54967382 22.68 103.952926  72.454091 27.845
 19     3.771 52873.54967447 23.33 103.947306  72.456981 27.845
 19     0.821 52873.54967511 37.09 103.941676  72.459871 27.845
 20     0.297 52908.54965373 33.83 103.981447  72.449612 16.316
 20     0.104 52908.54965438 33.38 103.975827  72.452492 16.316
 20     0.109 52908.54965502 33.79 103.970207  72.455382 16.316
 20     0.251 52908.54965567 33.50 103.964594  72.458265 26.914
 21     0.111 52943.54958236 25.80 103.961348  72.444799  5.707
 21     0.247 52943.54958301 26.02 103.955731  72.447691  4.632
 21     0.199 52943.54958365 27.97 103.950111  72.450581  4.632
 21     0.336 52943.54958430 26.90 103.944481  72.453461  4.632
 21     0.333 52943.54958494 26.90 103.938861  72.456351  4.632
 23     0.160 53013.54963911 15.43 103.976817  72.448128  3.638
 23     0.424 53013.54963975 16.20 103.971207  72.451018  3.638
 23     0.553 53013.54964040 16.32 103.965587  72.453898  3.638
 23     1.289 53013.54964104 16.28 103.959967  72.456788  3.638
 23     2.496 53013.54964168 16.64 103.954338  72.459677  2.950
 24    -0.301 53048.54960937 14.19 103.960534  72.445142  3.604
 24     0.094 53048.54961002 14.33 103.954916  72.448029  2.791
 24     0.886 53048.54961066 14.47 103.949296  72.450909  2.791
 24     1.604 53048.54961131 14.56 103.943676  72.453799  2.791
 24     2.583 53048.54961195 14.74 103.938046  72.456689  2.791
 25    -0.234 53083.54964469 14.00 103.974213  72.447059  2.655
 25     0.154 53083.54964534 14.04 103.968603  72.449949  2.655
 25     0.660 53083.54964598 13.98 103.962983  72.452829  2.655
 25     1.541 53083.54964663 14.04 103.957363  72.455719  2.655
 25     2.524 53083.54964727 14.27 103.951743  72.458609  2.655
 26    -0.390 53118.54961498 12.89 103.960942  72.444407  3.065
 26    -0.269 53118.54961563 12.95 103.955322  72.447297  3.065
 26     0.283 53118.54961627 12.75 103.949702  72.450177  3.065
 26     0.517 53118.54961691 13.20 103.944082  72.453067  3.065
 26     1.592 53118.54961756 12.89 103.938452  72.455957  3.065
 26     2.442 53118.54961820 12.43 103.932832  72.458837  3.065
 27     0.180 53153.54966612 11.81 103.962244  72.446948  4.128
 27     0.407 53153.54966677 11.54 103.956624  72.449838  4.128
 27     1.007 53153.54966741 11.16 103.951004  72.452728  4.128
 27     1.753 53153.54966806 11.16 103.945384  72.455608  4.128
 27     2.316 53153.54966870 11.22 103.939764  72.458498  4.128
 28     5.158 53188.54965410 33.67 103.977821  72.446447 21.577
 28     4.814 53188.54965475 24.63 103.972201  72.449337 21.577
 28     4.533 53188.54965539 20.88 103.966581  72.452227 21.577
 28     3.842 53188.54965603 20.79 103.960961  72.455107 21.577
 28     4.159 53188.54965668 21.97 103.955331  72.457997 21.577
 29     4.423 53223.54967117 15.36 103.979540  72.448902 11.683
 29     0.645 53223.54967182 16.70 103.973930  72.451782 11.683
 29     3.626 53223.54967246 16.15 103.968310  72.454672 11.683
 29     1.257 53223.54967311 22.06 103.962681  72.457564 23.989
 29     1.191 53223.54967375 27.18 103.957061  72.460444 23.989
 30     4.770 53258.54964633 27.77 103.984865  72.448168 20.191
 30    -0.009 53258.54964697 31.66 103.979255  72.451058 20.191
 30     0.185 53258.54964762 32.39 103.973635  72.453948 20.191
 30     0.181 53258.54964826 31.95 103.968015  72.456828 20.191
 30     0.641 53258.54964891 26.11 103.962396  72.459713 18.792
 31     0.191 53293.54966929 23.62 103.952109  72.445898  4.435
 31     0.342 53293.54966993 24.34 103.946489  72.448788  4.435
 31     0.530 53293.54967058 24.15 103.940869  72.451668  4.435
 31     0.332 53293.54967122 25.31 103.935239  72.454558  4.435
 31     0.513 53293.54967187 24.12 103.929619  72.457448  4.435
 32     0.230 53328.54964244 16.28 103.976442  72.447498  2.821
 32     0.308 53328.54964309 17.25 103.970832  72.450388  2.821
 32     0.696 53328.54964373 16.72 103.965212  72.453278  2.821
 32     0.860 53328.54964438 16.96 103.959592  72.456158  2.821
 32     0.789 53328.54964502 16.75 103.953962  72.459048  2.821
 33    -0.220 53363.54959484 13.50 103.991003  72.447465  2.403
 33     0.034 53363.54959548 13.02 103.985383  72.450345  2.403
 33     0.372 53363.54959613 13.12 103.979763  72.453235  2.403
 33     0.712 53363.54959677 12.83 103.974143  72.456125  2.403
 33     1.752 53363.54959742 12.60 103.968523  72.459015  2.403
 34    -0.055 53398.54961834 10.98 103.962402  72.446407  2.381
 34     0.134 53398.54961898 11.23 103.956782  72.449297  2.381
 34     0.402 53398.54961963 11.34 103.951162  72.452187  2.381
 34     0.638 53398.54962027 11.18 103.945532  72.455067  2.381
 34     1.020 53398.54962092 10.99 103.939912  72.457957  2.381
 35    -0.312 53433.54960900 12.66 103.984901  72.449611  2.292
 35     0.259 53433.54960964 12.02 103.979281  72.452491  2.292
 35     1.272 53433.54961029 11.83 103.973661  72.455381  2.292
 35     0.987 53433.54961093 11.34 103.968041  72.458271  2.292
 35     2.364 53433.54961158 10.82 103.962421  72.461151  2.292
 36     0.013 53468.54964918 10.58 103.956406  72.446458  2.722
 36     0.120 53468.54964983 10.62 103.950786  72.449338  2.722
 36     0.331 53468.54965047 10.86 103.945166  72.452228  2.722
 36     0.525 53468.54965111 10.39 103.939546  72.455108  2.722
 36     1.085 53468.54965176 10.36 103.933916  72.457998  2.722
 37     0.045 53503.54969598 10.43 103.968283  72.447656  2.414
 37     0.209 53503.54969663 10.05 103.962663  72.450546  2.414
 37     0.528 53503.54969727 10.22 103.957043  72.453436  2.414
 37     0.912 53503.54969792  9.93 103.951423  72.456316  2.414
 37     1.918 53503.54969856  9.91 103.945793  72.459206  2.414
 38     5.218 53538.54969198 33.06 103.973828  72.447769 22.521
 38     5.129 53538.54969263 24.97 103.968208  72.450659 22.521
 38     4.352 53538.54969327 22.61 103.962588  72.453539 22.521
 38     4.028 53538.54969392 22.33 103.956968  72.456429 22.521
 38     4.871 53538.54969456 24.05 103.951338  72.459309 22.521
 39     4.964 53573.54969131 22.85 103.979493  72.446028 24.380
 39    -0.882 53573.54969195 25.93 103.973873  72.448918 24.380
 39    -0.201 53573.54969260 24.45 103.968253  72.451798 24.380
 39     0.347 53573.54969324 24.15 103.962643  72.454688 24.380
 39     0.530 53573.54969389 23.80 103.957013  72.457578 24.380
 39     0.771 53573.54969453 33.05 103.951393  72.460458 24.380
 40     4.589 53608.54964136 19.30 103.988902  72.450131 21.228
 40     3.881 53608.54964201 18.92 103.983282  72.453021 21.228
 40     3.429 53608.54964265 17.71 103.977662  72.455911 21.228
 40     4.052 53608.54964330 17.19 103.972042  72.458791 21.228
 41     5.369 53643.54964348 24.09 103.954842  72.446114 13.834
 41    -0.016 53643.54964412 23.95 103.949212  72.448994 13.834
 41     0.001 53643.54964477 25.37 103.943592  72.451884 13.834
 41     0.507 53643.54964541 27.22 103.937972  72.454764 13.834
 41     2.122 53643.54964605 27.03 103.932342  72.457654 13.834
 42     0.402 53678.54966134 20.69 103.971270  72.446952  4.162
 42     0.716 53678.54966198 21.05 103.965650  72.449832  4.162
 42     0.722 53678.54966263 21.52 103.960030  72.452722  4.162
 42     0.758 53678.54966327 21.22 103.954410  72.455612  4.162
 42     0.744 53678.54966391 20.83 103.948790  72.458492  4.162
 43    -0.480 53713.54958937 16.05 103.992351  72.447727  2.379
 43     0.134 53713.54959002 15.98 103.986741  72.450607  2.379
 43     0.265 53713.54959066 15.92 103.981121  72.453497  2.379
 43     0.761 53713.54959131 16.27 103.975501  72.456387  2.379
 43     1.973 53713.54959195 15.58 103.969881  72.459277  2.379
 44    -0.063 53748.54950437 15.13 103.953044  72.446804  2.686
 44     0.071 53748.54950501 15.58 103.947424  72.449684  2.686
 44     0.280 53748.54950566 15.31 103.941804  72.452574  2.686
 44     1.114 53748.54950630 15.14 103.936174  72.455464  2.686
 44     0.850 53748.54950695 15.34 103.930554  72.458344  2.686
 45    -0.171 53783.54953432 14.95 103.981654  72.447040  3.013
 45     0.108 53783.54953497 15.74 103.976034  72.449920  3.013
 45     0.498 53783.54953561 15.87 103.970414  72.452810  3.013
 45     0.697 53783.54953626 16.00 103.964794  72.455700  3.013
 45     1.685 53783.54953690 16.39 103.959174  72.458580  3.013
 46     0.155 53818.54949678 14.40 104.000840  72.449084  4.113
 46     0.576 53818.54949743 14.85 103.995230  72.451974  4.113
 46     1.755 53818.54949807 15.04 103.989610  72.454864  4.113
 46     2.066 53818.54949872 14.65 103.983990  72.457744  4.113
 46     2.835 53818.54949936 14.79 103.978375  72.460634  2.654
 47    -0.387 53853.54957494 14.25 103.959695  72.445104  3.989
 47    -0.272 53853.54957558 15.15 103.954068  72.447994  3.165
 47     0.298 53853.54957623 15.00 103.948448  72.450874  3.165
 47     0.428 53853.54957687 15.05 103.942828  72.453764  3.165
 47     1.490 53853.54957752 14.94 103.937208  72.456644  3.165
 48     0.590 53888.54958242 12.17 103.978294  72.446776 11.254
 48     0.217 53888.54958307 11.65 103.972674  72.449666 11.254
 48     0.912 53888.54958371 12.55 103.967054  72.452546 11.254
 48     2.084 53888.54958436 11.81 103.961434  72.455436 11.254
 48     2.571 53888.54958500 13.21 103.955814  72.458316 11.254
 49     0.588 53923.54965128 30.34 103.961591  72.445914 11.927
 49     0.141 53923.54965192 27.74 103.955963  72.448800 24.291
 49    -0.273 53923.54965257 26.07 103.950353  72.451690 24.291
 49     0.642 53923.54965321 25.46 103.944723  72.454580 24.291
 49     0.737 53923.54965386 27.52 103.939103  72.457460 24.291
 50     0.672 53958.54964295 40.22 103.975982  72.446096 19.782
 50     0.077 53958.54964360 31.71 103.970362  72.448986 19.782
 50    -0.188 53958.54964424 27.53 103.964742  72.451866 19.782
 50    -0.043 53958.54964489 28.41 103.959126  72.454752 33.756
 50     0.438 53958.54964553 29.89 103.953506  72.457642 33.756
 51     5.859 53993.54957248 21.59 103.947409  72.445482 11.015
 51     5.376 53993.54957312 17.85 103.941789  72.448372 11.015
 51     0.530 53993.54957377 19.83 103.936159  72.451252 11.015
 51     1.133 53993.54957441 21.75 103.930539  72.454142 11.015
 51     1.095 53993.54957506 24.38 103.924909  72.457032 11.015
 52     0.169 54028.54963238 33.81 103.961622  72.445326  9.892
 52     0.064 54028.54963303 36.87 103.956002  72.448216  9.892
 52    -0.105 54028.54963367 38.26 103.950386  72.451101 10.415
 52     0.448 54028.54963431 37.56 103.944756  72.453981 10.415
 52     0.118 54028.54963496 36.38 103.939136  72.456871 10.415
 53    -0.203 54063.54962573 16.75 103.981808  72.447124  3.617
 53     0.225 54063.54962638 16.48 103.976188  72.450004  3.617
 53     0.557 54063.54962702 15.96 103.970568  72.452894  3.617
 53     0.402 54063.54962767 16.27 103.964952  72.455775  2.624
 53     1.058 54063.54962831 15.99 103.959332  72.458665  2.624
 54    -0.074 54098.54959395 13.96 103.985469  72.449619  3.890
 54     0.194 54098.54959460 13.39 103.979859  72.452499  3.890
 54     0.653 54098.54959524 13.30 103.974239  72.455389  3.890
 54     0.602 54098.54959589 13.29 103.968616  72.458275  2.132
 54     1.523 54098.54959653 13.16 103.962996  72.461165  2.132
 55    -0.239 54133.54954976 12.49 103.959085  72.445286  4.122
 55     0.051 54133.54955041 12.45 103.953459  72.448174  2.208
 55     0.254 54133.54955105 11.97 103.947839  72.451054  2.208
 55     0.444 54133.54955170 11.65 103.942219  72.453944  2.208
 55     0.490 54133.54955234 11.59 103.936589  72.456834  2.208
 56    -0.069 54168.54956797 12.75 103.982270  72.448371  2.968
 56     0.049 54168.54956862 11.93 103.976650  72.451261  2.968
 56     0.353 54168.54956926 11.89 103.971040  72.454151  2.968
 56     0.416 54168.54956991 11.86 103.965420  72.457031  2.968
 56     0.798 54168.54957055 11.22 103.959800  72.459921  2.968
 57    -0.169 54203.54955359 12.41 103.959891  72.445285  2.922
 57     0.020 54203.54955424 11.86 103.954261  72.448165  2.922
 57     0.332 54203.54955488 11.83 103.948641  72.451055  2.922
 57     0.715 54203.54955553 11.48 103.943021  72.453945  2.922
 57     2.073 54203.54955617 11.22 103.937401  72.456825  2.922
 58     5.542 54238.54958873 11.18 103.970013  72.447726  2.543
 58     5.053 54238.54958938 11.10 103.964393  72.450616  2.543
 58     2.949 54238.54959002 11.09 103.958773  72.453496  2.543
 58     3.386 54238.54959067 11.00 103.953153  72.456386  2.543
 58     4.271 54238.54959131 10.52 103.947523  72.459276  2.543
 59     5.159 54273.54960608 43.72 103.978158  72.445774 23.000
 59     5.244 54273.54960672 29.89 103.972548  72.448664 23.000
 59     4.704 54273.54960737 23.82 103.966928  72.451554 23.000
 59     4.179 54273.54960801 23.14 103.961308  72.454434 23.000
 59     3.969 54273.54960866 24.96 103.955688  72.457324 23.000
 59     4.969 54273.54960930 24.89 103.950058  72.460214 23.000
 60    -0.803 54308.54960848 24.91 103.969684  72.447778 22.495
 60     0.415 54308.54960912 24.26 103.964064  72.450668 22.495
 60     0.106 54308.54960977 24.54 103.958444  72.453548 22.495
 60     0.571 54308.54961041 25.23 103.952824  72.456438 22.495
 60     0.923 54308.54961106 29.44 103.947194  72.459328 22.495
 61     1.300 54343.54958656 38.06 103.985172  72.450054 34.461
 61     1.071 54343.54958721 33.38 103.979562  72.452944 34.461
 61     0.670 54343.54958785 21.01 103.973942  72.455834 34.461
 61     1.333 54343.54958850 24.51 103.968322  72.458714 34.461
 62    20.502 54378.54954459  8.26 103.958644  72.449174 18.440
 62    -0.346 54378.54954588 28.51 103.947394  72.454944 18.440
 62     0.310 54378.54954653 28.80 103.941774  72.457834 18.440
 63     0.223 54413.54953405 17.57 103.977500  72.447470  2.695
 63     0.384 54413.54953470 17.43 103.971880  72.450360  2.695
 63     0.442 54413.54953534 17.30 103.966260  72.453250  2.695
 63     0.507 54413.54953599 17.55 103.960640  72.456130  2.695
 63     0.336 54413.54953663 17.66 103.955020  72.459020  2.695
 64     0.170 54448.54951006 13.00 103.961707  72.444277  2.665
 64     0.375 54448.54951071 12.71 103.956087  72.447167  2.665
 64     0.471 54448.54951135 12.98 103.950467  72.450047  2.665
 64     0.759 54448.54951200 12.92 103.944847  72.452937  2.665
 64     0.751 54448.54951264 12.99 103.939227  72.455817  2.665
 64     0.853 54448.54951329 12.51 103.933597  72.458707  2.665
 65    -0.394 54483.54952747 12.58 103.976134  72.445917  3.513
 65     0.046 54483.54952811 12.07 103.970520  72.448802  2.228
 65     0.499 54483.54952876 12.09 103.964900  72.451692  2.228
 65     0.700 54483.54952940 12.10 103.959280  72.454582  2.228
 65     0.913 54483.54953005 12.48 103.953660  72.457462  2.228
 66     0.317 54518.54952432 10.35 103.960416  72.447321  2.780
 66     0.471 54518.54952497 10.20 103.954796  72.450201  2.780
 66     0.690 54518.54952561 10.40 103.949176  72.453091  2.780
 66     1.831 54518.54952626 10.53 103.943556  72.455981  2.780
 66     2.725 54518.54952690  9.94 103.937926  72.458861  2.780
 67     0.149 54553.54953991  9.91 103.982489  72.449234  2.217
 67     0.380 54553.54954055 10.33 103.976869  72.452124  2.217
 67     1.587 54553.54954120  9.19 103.971249  72.455014  2.217
 67     2.629 54553.54954184  9.11 103.965629  72.457904  2.217
 67     2.955 54553.54954249  8.88 103.960009  72.460784  2.217
 68    -0.102 54588.54951982  9.39 103.968517  72.446349  2.597
 68     0.332 54588.54952047  8.90 103.962897  72.449229  2.597
 68     0.905 54588.54952111  8.67 103.957277  72.452119  2.597
 68     1.778 54588.54952176  8.51 103.951657  72.455009  2.597
 68     2.863 54588.54952240  8.62 103.946037  72.457889  2.597
 69     5.422 54623.54953718 19.47 103.977438  72.446487 15.698
 69     3.587 54623.54953783 18.27 103.971818  72.449377 15.698
 69     3.528 54623.54953847 17.93 103.966198  72.452267 15.698
 69     3.706 54623.54953912 17.55 103.960578  72.455147 15.698
 69     3.577 54623.54953976 22.22 103.954958  72.458037 15.698
 70     5.044 54658.54954617 31.10 103.973204  72.446020 25.762
 70     5.086 54658.54954682 22.76 103.967584  72.448900 25.762
 70     4.641 54658.54954746 19.01 103.961964  72.451790 25.762
 70     4.466 54658.54954811 19.57 103.956344  72.454680 25.762
 70     3.596 54658.54954875 22.15 103.950724  72.457560 25.762
 71     5.250 54693.54952734 17.50 103.982103  72.446831 12.515
 71     4.611 54693.54952798 15.13 103.976487  72.449722 15.136
 71     0.780 54693.54952863 17.06 103.970867  72.452612 15.136
 71     3.535 54693.54952927 16.05 103.965247  72.455492 15.136
 71     4.112 54693.54952992 16.51 103.959627  72.458382 15.136
 72     0.365 54728.54950024 23.11 103.964183  72.445827 23.534
 72     5.030 54728.54950089 21.27 103.958573  72.448717 23.534
 72     0.380 54728.54950153 25.80 103.952943  72.451597 23.534
 72     0.749 54728.54950217 22.87 103.947323  72.454487 23.534
 72     1.017 54728.54950282 24.94 103.941703  72.457377 23.534
 73    -0.105 54763.54950500 20.06 103.975117  72.446043  4.878
 73    -0.275 54763.54950564 20.76 103.969497  72.448933  4.878
 73    -0.197 54763.54950629 22.22 103.963877  72.451823  4.878
 73    -0.111 54763.54950693 22.04 103.958257  72.454703  4.878
 73    -0.091 54763.54950758 21.07 103.952637  72.457593  4.878
 74     0.176 54798.54949380 14.84 103.955568  72.446048  2.583
 74     0.105 54798.54949444 14.56 103.949948  72.448928  2.583
 74     0.296 54798.54949509 14.20 103.944328  72.451818  2.583
 74     0.655 54798.54949573 14.57 103.938708  72.454708  2.583
 74     0.987 54798.54949638 13.66 103.933078  72.457588  2.583
 75    -0.019 54833.54949571 12.98 103.974646  72.447542  2.377
 75     0.356 54833.54949636 12.77 103.969036  72.450422  2.377
 75     0.428 54833.54949700 12.53 103.963416  72.453312  2.377
 75     0.637 54833.54949765 12.40 103.957796  72.456202  2.377
 75     1.510 54833.54949829 11.97 103.952166  72.459082  2.377
 76    -0.391 54868.54948981 11.21 103.961172  72.444751  2.686
 76    -0.246 54868.54949045 10.40 103.955552  72.447631  2.686
 76     0.066 54868.54949110 10.20 103.949932  72.450521  2.686
 76     0.640 54868.54949174  9.84 103.944302  72.453401  2.686
 76     1.374 54868.54949238 10.26 103.938682  72.456291  2.686
 77    -0.153 54903.54950533 10.18 103.981683  72.449029  2.305
 77     0.118 54903.54950597  9.70 103.976073  72.451909  2.305
 77     0.722 54903.54950662  9.39 103.970453  72.454799  2.305
 77     1.449 54903.54950726  9.18 103.964833  72.457689  2.305
 77     2.691 54903.54950791  9.13 103.959213  72.460569  2.305
 78     0.317 54938.54948095 10.12 103.964096  72.447065  2.937
 78     0.516 54938.54948160 10.40 103.958476  72.449955  2.937
 78     0.866 54938.54948224  9.81 103.952856  72.452835  2.937
 78     0.893 54938.54948289  9.47 103.947236  72.455725  2.937
 78     2.053 54938.54948353  9.16 103.941606  72.458615  2.937
 79    13.556 54973.54951198  7.06 103.971390  72.445726  2.234
 79    12.025 54973.54951262  7.00 103.965770  72.448616  2.234
 79     8.905 54973.54951327  7.16 103.960150  72.451496  2.234
 79     7.858 54973.54951391  6.91 103.954530  72.454386  2.234
 79     3.781 54973.54951456  7.13 103.948910  72.457266  2.234
 80     5.157 55008.54952705 19.98 103.975399  72.447847 12.763
 80     4.786 55008.54952770 17.74 103.969789  72.450737 12.763
 80     4.196 55008.54952834 17.81 103.964169  72.453627 12.763
 80     3.660 55008.54952898 18.97 103.958549  72.456517 12.763
 80     4.978 55008.54952963 20.70 103.952919  72.459397 12.763
 81     0.451 55043.54951685 23.36 103.970283  72.448080 27.404
 81     0.250 55043.54951749 24.69 103.964663  72.450960 27.404
 81    -0.143 55043.54951814 25.57 103.959043  72.453850 27.404
 81     0.488 55043.54951878 22.87 103.953423  72.456740 27.404
 81     0.698 55043.54951943 32.91 103.947803  72.459620 27.404
 82     0.557 55078.54949408 37.08 103.984598  72.447995 19.374
 82     0.026 55078.54949473 27.54 103.978984  72.450878 23.534
 82     0.010 55078.54949537 27.93 103.973364  72.453768 23.534
 82     0.576 55078.54949602 25.40 103.967744  72.456648 23.534
 82     1.408 55078.54949666 24.59 103.962124  72.459538 23.534
 83     4.882 55113.54944922 29.50 103.964073  72.447414 30.361
 83    -0.034 55113.54944987 27.97 103.958453  72.450304 30.361
 83     0.463 55113.54945051 33.14 103.952833  72.453194 30.361
 83     0.491 55113.54945116 32.36 103.947203  72.456074 30.361
 83     0.514 55113.54945180 39.18 103.941583  72.458964 30.361
 84     0.083 55148.54944954 26.43 103.972820  72.447287  4.139
 84     0.297 55148.54945018 26.32 103.967210  72.450167  4.139
 84     0.346 55148.54945083 27.28 103.961590  72.453057  4.139
 84     0.288 55148.54945147 27.51 103.955970  72.455947  4.139
 84     0.494 55148.54945212 27.53 103.950340  72.458827  4.139
 85    -0.208 55183.54943110 20.25 103.958640  72.445621  2.934
 85    -0.011 55183.54943174 20.88 103.953020  72.448501  2.934
 85     0.166 55183.54943239 21.38 103.947400  72.451391  2.934
 85     0.621 55183.54943303 21.23 103.941780  72.454281  2.934
 85     0.434 55183.54943368 21.73 103.936150  72.457161  2.934
 86    -0.058 55218.54944746 19.28 103.975000  72.448822  3.113
 86     0.188 55218.54944811 19.71 103.969380  72.451702  3.113
 86     0.664 55218.54944875 19.60 103.963760  72.454592  3.113
 86     0.796 55218.54944940 19.80 103.958140  72.457482  3.113
 86     0.919 55218.54945004 20.38 103.952520  72.460362  3.113
 87    -0.376 55253.54942701 17.29 103.963797  72.446091  2.774
 87    -0.133 55253.54942765 17.34 103.958177  72.448971  2.774
 87     0.134 55253.54942829 18.19 103.952557  72.451861  2.774
 87     0.427 55253.54942894 18.15 103.946927  72.454751  2.774
 87     1.284 55253.54942958 17.60 103.941307  72.457631  2.774
 88    -0.585 55288.54943707 16.14 103.986616  72.447728  2.738
 88     0.132 55288.54943771 15.80 103.980996  72.450608  2.738
 88     0.411 55288.54943836 16.46 103.975376  72.453498  2.738
 88     1.019 55288.54943900 15.93 103.969756  72.456388  2.738
 88     1.072 55288.54943965 16.51 103.964136  72.459278  2.738
 89    -0.130 55323.54941477 14.30 103.971554  72.447303  2.664
 89     0.056 55323.54941542 14.64 103.965934  72.450193  2.664
 89     0.336 55323.54941606 14.21 103.960314  72.453083  2.664
 89     0.594 55323.54941671 14.43 103.954694  72.455963  2.664
 89     1.794 55323.54941735 14.20 103.949064  72.458853  2.664
 90     5.135 55358.54941305 30.24 103.976467  72.446890 30.280
 90     3.274 55358.54941369 31.79 103.970847  72.449770 30.280
 90     3.361 55358.54941434 36.51 103.965227  72.452660 30.280
 90     3.155 55358.54941498 37.04 103.959607  72.455550 30.280
 90     3.282 55358.54941562 33.95 103.953987  72.458430 30.280
 91     5.487 55393.54941694 15.60 103.963152  72.447374 10.042
 91     5.021 55393.54941758 15.08 103.957532  72.450254 10.042
 91     1.395 55393.54941823 16.44 103.951912  72.453144 10.042
 91     4.213 55393.54941887 17.80 103.946292  72.456034 10.042
 91     5.092 55393.54941952 16.63 103.940662  72.458914 10.042
 92     1.715 55428.54942881 29.01 103.975830  72.445428 28.412
 92     2.089 55428.54942945 33.61 103.970210  72.448318 28.412
 92     1.414 55428.54943010 35.82 103.964600  72.451198 28.412
 92     0.841 55428.54943074 28.26 103.958970  72.454088 28.412
 92     1.565 55428.54943138 28.02 103.953350  72.456978 28.412
 92     1.445 55428.54943203 30.67 103.947730  72.459858 28.412
 93     4.573 55463.54939222 26.38 103.990780  72.447942 13.502
 93    -0.171 55463.54939287 25.41 103.985160  72.450832 13.502
 93     0.517 55463.54939351 21.53 103.979550  72.453712 13.502
 93     1.390 55463.54939416 19.91 103.973925  72.456600 13.363
 93     3.013 55463.54939480 18.82 103.968305  72.459490 13.363
