# NaN NaN NaN ;Mean Elev.(m), Avg Gradient(m/km), RMS Gradient(m/km) - SRTM1     
#  -19.490  -2.966   8.315 ;Mean Elev.(m), Avg Gradient(m/km), RMS Gradient(m/km) - ASTER GDEM
#    1.159  -3.244   7.218 ;Mean Elev.(m), Avg Gradient(m/km), RMS Gradient(m/km) - GMTED2010 
  6 103.081488  72.364171     5.635     5.648 13 52437.20829677 51.460
  7 103.080285  72.364293     3.380     3.448 12 52472.20829798 18.728
  8 103.078268  72.364288   -10.701   -10.502 12 52507.20827313 21.576
  9 103.070349  72.341738    -0.237    -0.384  7 52542.20825952 45.973
 10 103.079137  72.360460     3.179     3.096 13 52577.20830620 18.518
 11 103.080817  72.367869     3.472     3.511  9 52612.20826853 14.585
 12 103.071261  72.351507     2.365     2.443  9 52647.20825632 10.711
 13 103.079064  72.361046     3.073     3.090 13 52682.20822507  9.639
 14 103.072939  72.354136     2.986     2.893 10 52717.20828535  8.984
 15 103.069846  72.369280     3.390     3.493  5 52752.20830810  8.006
 16 103.068984  72.342048     2.200     2.359  7 52787.20825755 11.060
 17 103.071537  72.346968     3.717     3.714  7 52822.20832930 22.023
 18 103.071078  72.348386     1.775     2.162  8 52857.20837616 23.655
 19 103.068202  72.356068     2.590     2.669  8 52892.20840712 23.394
 21 103.068161  72.340665     1.262     1.327  7 52962.20833143 20.517
 22 103.083573  72.363083     3.003     2.931 13 52997.20836923 17.963
 23 103.071612  72.367656     4.272     4.350  6 53032.20832709 13.573
 24 103.069291  72.350530     2.460     2.503  9 53067.20834055 17.460
 25 103.070530  72.369411     4.071     3.977  5 53102.20833125 14.615
 26 103.068758  72.347662     2.230     2.186  8 53137.20834368 13.111
 27 103.078296  72.357551     3.738     3.860 12 53172.20838941 25.761
 28 103.081764  72.363845     2.531     2.754 13 53207.20840273 21.020
 29 103.079306  72.364464     2.132     2.618 13 53242.20837038 26.461
 30 103.070904  72.342426     1.757     1.640  7 53277.20834722 28.628
 31 103.081396  72.360690     1.690     1.636 14 53312.20837973 20.612
 32 103.083407  72.365056     2.708     2.683 13 53347.20834475 15.038
 33 103.072537  72.344207     1.294     1.282  7 53382.20831142 13.597
 34 103.073107  72.354170     2.890     2.819 10 53417.20832551 11.751
 35 103.068402  72.338492     2.071     2.194  7 53452.20832832 10.519
 36 103.081903  72.363099     3.468     3.452 13 53487.20840902 10.395
 37 103.083545  72.361638     2.005     2.092 13 53522.20840030 34.028
 38 103.058516  72.354916     3.518     3.645  4 53557.20842722 21.220
 39 103.077707  72.363597     2.663     2.967 12 53592.20836215 19.059
 40 103.071136  72.345077     2.293     2.308  7 53627.20835563 48.208
 41 103.082022  72.359674     1.421     1.293 12 53662.20837823 26.621
 42 103.077982  72.365168     3.094     3.107 11 53697.20834338 17.853
 43 103.075705  72.367937     4.505     4.568  7 53732.20826558 16.512
 44 103.069963  72.347566     2.497     2.527  8 53767.20824434 12.808
 45 103.079925  72.366817     4.197     4.097 11 53802.20824107 12.697
 46 103.069388  72.343612     1.819     1.763  7 53837.20825611 12.874
 47 103.072386  72.353640     3.101     3.148 10 53872.20830742 11.966
 48 103.057666  72.348079     5.274     5.020  5 53907.20834902 21.452
 49 103.078698  72.365290     1.251     1.230 12 53942.20837261 25.978
 50 103.073982  72.367728     1.558     1.176  6 53977.20832608 26.610
 51 103.070137  72.341139     3.553     3.446  7 54012.20833608 18.694
 52 103.070381  72.349968     0.381     0.411  8 54047.20834625 23.389
 54 103.069278  72.368630     3.487     3.427  5 54117.20826764 11.896
 55 103.079082  72.360327     2.535     2.547 13 54152.20828906 11.097
 56 103.074307  72.368855     2.350     2.386  7 54187.20826076  9.348
 57 103.071476  72.352208     4.509     4.622  9 54222.20830036 10.023
 58 103.068215  72.354959     4.112     4.011  9 54257.20832233 19.929
 59 103.075185  72.357199     3.543     3.693 10 54292.20832408 19.048
 60 103.079940  72.362813     4.433     4.346  6 54327.20831939 20.440
 62 103.052715  72.343062     0.316     0.316  2 54397.20826336 32.039
 63 103.081134  72.368945     2.778     2.854  9 54432.20821805 13.554
 64 103.068766  72.347671     1.743     1.694  8 54467.20824359 12.213
 65 103.080568  72.366387     3.595     3.568 11 54502.20823321 10.264
 66 103.081440  72.361480     3.289     3.225 13 54537.20825634  9.869
 67 103.077317  72.368145     4.112     4.069  7 54572.20823458  9.227
 68 103.082765  72.361296     4.083     4.149 13 54607.20824974  7.713
 69 103.052577  72.349207     3.622     3.622  2 54642.20826161 43.157
 70 103.081383  72.362324     2.256     2.532 12 54677.20826047 21.418
 71 103.072253  72.366206     3.567     3.559  6 54712.20821427 21.166
 72 103.076918  72.356466     2.443     2.405 11 54747.20823013 27.949
 73 103.081318  72.364302     2.725     2.891 12 54782.20820057 15.575
 74 103.072134  72.352627     2.527     2.408  9 54817.20822371 11.066
 75 103.078433  72.364362     3.291     3.316 12 54852.20819813  9.283
 76 103.081513  72.361066     2.668     2.757 13 54887.20822646  7.401
 77 103.067291  72.368116     3.707     3.796  5 54922.20819846  8.497
 78 103.072906  72.353161     4.649     4.541  9 54957.20822415  7.245
 79 103.109196  72.377196     5.868     5.821  3 54992.20824208 23.134
 80 103.081544  72.364654     0.886     0.891 12 55027.20823562 28.189
 81 103.082010  72.362994     0.505     0.346 13 55062.20822859 26.579
 84 103.081280  72.365722     2.860     2.947 12 55167.20813871 21.816
 85 103.076142  72.356202     2.581     2.576 11 55202.20816545 19.312
 86 103.079777  72.368654     3.693     3.868  8 55237.20814539 17.456
 87 103.083929  72.364055     3.364     3.325 13 55272.20815817 16.558
 88 103.074491  72.368650     3.803     3.686  6 55307.20812748 14.580
 89 103.058541  72.348902     2.123     2.210  4 55342.20813112 31.457
 90 103.080078  72.365127     3.335     3.574 12 55377.20812152 24.010
 91 103.072510  72.352917     0.467     0.212  9 55412.20814728 26.852
 92 103.105187  72.376381     4.286     4.162  5 55447.20813346 21.582
 93 103.069478  72.369383     1.515     1.542  5 55482.20806627 24.961
