# NaN NaN NaN ;Mean Elev.(m), Avg Gradient(m/km), RMS Gradient(m/km) - SRTM1     
#  -11.288  -2.755  12.886 ;Mean Elev.(m), Avg Gradient(m/km), RMS Gradient(m/km) - ASTER GDEM
#    1.106  -2.559   7.204 ;Mean Elev.(m), Avg Gradient(m/km), RMS Gradient(m/km) - GMTED2010 
  8     3.284 52488.20622742 20.85 104.273322  72.605087 15.743
  8     1.834 52488.20622807 21.03 104.267612  72.602207 15.743
  8     1.517 52488.20622871 26.30 104.261912  72.599327 15.743
  8     1.363 52488.20622936 24.33 104.256202  72.596447 15.743
  8     1.915 52488.20623000 18.69 104.250502  72.593567 15.743
  8     2.029 52488.20623065 15.98 104.244802  72.590690 19.562
  8     1.726 52488.20623129 16.70 104.239102  72.587810 19.562
  8     1.557 52488.20623193 16.21 104.233402  72.584930 19.562
  8     1.460 52488.20623258 22.83 104.227702  72.582050 19.562
  8     1.304 52488.20623322 23.38 104.222012  72.579170 19.562
  9     2.893 52523.20620418 19.17 104.233887  72.591476 15.921
  9     2.371 52523.20620482 19.43 104.228187  72.588596 15.921
  9     2.213 52523.20620547 18.51 104.222487  72.585716 15.921
  9     2.197 52523.20620611 17.87 104.216797  72.582836 15.921
  9     2.665 52523.20620676 17.66 104.211101  72.579952 24.301
  9     4.084 52523.20620740 17.78 104.205411  72.577072 24.301
  9     4.992 52523.20620805 21.03 104.199721  72.574192 24.301
 10     0.421 52558.20625132 31.10 104.278956  72.602984  8.865
 10     0.211 52558.20625197 33.35 104.273246  72.600104  8.865
 10     0.550 52558.20625261 33.55 104.267536  72.597224  8.865
 10     0.450 52558.20625326 33.19 104.261826  72.594344  8.865
 10     0.342 52558.20625390 33.60 104.256126  72.591464  8.865
 10     0.412 52558.20625455 30.01 104.250416  72.588584  8.865
 10     0.327 52558.20625519 28.74 104.244716  72.585704  8.865
 11     0.504 52593.20625063 15.54 104.266949  72.604044  3.178
 11     0.513 52593.20625128 15.32 104.261239  72.601164  3.178
 11     0.381 52593.20625192 16.20 104.255539  72.598284  3.178
 11     0.443 52593.20625257 16.33 104.249829  72.595404  3.178
 11     0.404 52593.20625321 16.39 104.244129  72.592524  3.178
 11     0.218 52593.20625386 16.72 104.238432  72.589640  2.463
 11     0.086 52593.20625450 16.87 104.232732  72.586760  2.463
 11     0.160 52593.20625515 16.91 104.227032  72.583880  2.463
 11     0.268 52593.20625579 16.93 104.221332  72.581000  2.463
 11    -0.112 52593.20625644 17.18 104.215642  72.578120  2.463
 12     0.431 52628.20617254 12.61 104.300644  72.603068  2.453
 12     0.281 52628.20617318 12.74 104.294934  72.600188  2.453
 12     0.237 52628.20617383 13.42 104.289224  72.597318  2.453
 12     0.285 52628.20617447 13.78 104.283514  72.594438  2.453
 12     0.601 52628.20617512 13.67 104.277814  72.591558  2.453
 13     1.103 52663.20621275 10.41 104.271954  72.604175  3.638
 13     0.864 52663.20621339 11.03 104.266244  72.601295  3.638
 13     1.075 52663.20621404 11.33 104.260534  72.598415  3.638
 13     0.670 52663.20621468 11.21 104.254834  72.595535  3.638
 13     0.676 52663.20621533 11.65 104.249134  72.592655  3.638
 13     0.599 52663.20621597 11.82 104.243424  72.589775  3.638
 13     0.741 52663.20621662 11.94 104.237728  72.586898  2.134
 13     0.676 52663.20621726 11.94 104.232028  72.584018  2.134
 13     0.200 52663.20621791 12.38 104.226338  72.581138  2.134
 14     0.628 52698.20618735 10.47 104.305917  72.604819  3.459
 14     0.713 52698.20618799 10.64 104.300197  72.601939  3.459
 14     0.739 52698.20618864 10.47 104.294487  72.599059  3.459
 14     0.661 52698.20618928 11.19 104.288777  72.596179  3.459
 14     0.879 52698.20618993 11.52 104.283067  72.593309  3.459
 15     2.740 52733.20620867  4.73 104.281831  72.605509  3.156
 15     4.813 52733.20620932  8.73 104.276131  72.602629  3.156
 15     2.146 52733.20620996 10.30 104.270421  72.599749  3.156
 15     2.066 52733.20621061 10.53 104.264711  72.596869  3.156
 15     1.906 52733.20621125  9.72 104.259011  72.593989  3.156
 15     1.643 52733.20621190 10.35 104.253311  72.591109  3.156
 15     1.793 52733.20621254 10.09 104.247611  72.588239  3.156
 15     2.054 52733.20621318 10.50 104.241911  72.585359  3.156
 15     0.989 52733.20621383 10.96 104.236211  72.582469  3.156
 16     2.329 52768.20622001  8.49 104.221914  72.590124  3.002
 16     1.299 52768.20622065  8.53 104.216214  72.587244  3.002
 16     2.095 52768.20622130  8.39 104.210524  72.584364  3.002
 16     1.914 52768.20622194  8.36 104.204824  72.581484  3.002
 16     1.717 52768.20622259  8.25 104.199134  72.578604  3.002
 16     1.475 52768.20622323  8.43 104.193450  72.575722  1.750
 18     3.752 52838.20629777 22.83 104.293285  72.604844 13.882
 18     1.231 52838.20629841 21.47 104.287575  72.601964 13.882
 18     1.056 52838.20629906 23.53 104.281865  72.599084 13.882
 18     0.899 52838.20629970 24.00 104.276155  72.596204 13.882
 18     0.764 52838.20630035 23.02 104.270455  72.593334 13.882
 18     0.805 52838.20630099 20.91 104.264747  72.590449 26.070
 19     0.998 52873.20633813 47.04 104.284011  72.604116 17.301
 19     1.259 52873.20633878 46.59 104.278301  72.601236 17.301
 19     1.153 52873.20633942 49.20 104.272591  72.598356 17.301
 19     1.151 52873.20634007 49.27 104.266891  72.595476 17.301
 19     1.160 52873.20634071 48.92 104.261183  72.592599 31.941
 19     1.045 52873.20634136 46.75 104.255483  72.589719 31.941
 19     1.054 52873.20634200 46.26 104.249773  72.586839 31.941
 20     0.352 52908.20632256 35.04 104.267101  72.602438 14.548
 20     0.793 52908.20632320 30.80 104.261401  72.599558 14.548
 20     0.691 52908.20632385 31.50 104.255691  72.596678 14.548
 20     0.461 52908.20632449 31.79 104.249991  72.593798 14.548
 20     0.341 52908.20632514 31.03 104.244291  72.590918 14.548
 20     0.098 52908.20632578 31.04 104.238591  72.588038 14.548
 20     0.626 52908.20632643 28.84 104.232891  72.585158 14.548
 20     0.799 52908.20632707 29.75 104.227192  72.582281 18.171
 20     1.423 52908.20632772 27.03 104.221502  72.579401 18.171
 21     0.459 52943.20624732 28.02 104.306423  72.603445  5.249
 21     0.433 52943.20624796 28.91 104.300703  72.600565  5.249
 21     0.531 52943.20624861 28.52 104.294993  72.597685  5.249
 21     0.375 52943.20624925 29.17 104.289283  72.594805  5.249
 23     1.457 53013.20630793 14.29 104.260989  72.602328  2.468
 23     1.413 53013.20630857 14.47 104.255279  72.599448  2.468
 23     0.749 53013.20630922 14.97 104.249579  72.596568  2.468
 23     0.623 53013.20630986 15.25 104.243869  72.593688  2.468
 23     0.620 53013.20631051 15.53 104.238169  72.590808  2.468
 23     0.469 53013.20631115 15.99 104.232469  72.587928  2.468
 23     0.545 53013.20631180 15.99 104.226769  72.585048  2.468
 23     1.272 53013.20631244 15.92 104.221079  72.582168  2.468
 23     0.802 53013.20631309 15.72 104.215384  72.579288  2.414
 23     0.823 53013.20631373 15.45 104.209694  72.576408  2.414
 24    11.453 53048.20627626 13.95 104.290853  72.603631  2.816
 24    10.134 53048.20627691 14.42 104.285143  72.600751  2.816
 24     0.538 53048.20627755 15.01 104.279433  72.597881  2.816
 24     0.510 53048.20627820 15.77 104.273723  72.595001  2.816
 24     0.475 53048.20627884 15.96 104.268023  72.592121  2.816
 24     0.331 53048.20627949 16.42 104.262313  72.589241  2.816
 25     1.011 53083.20631416 13.16 104.245145  72.596063  3.251
 25     1.237 53083.20631480 13.36 104.239445  72.593183  3.251
 25     0.836 53083.20631545 13.48 104.233745  72.590303  3.251
 25     0.449 53083.20631609 14.01 104.228041  72.587423  2.374
 25     0.945 53083.20631674 13.91 104.222351  72.584543  2.374
 25     0.154 53083.20631738 14.31 104.216651  72.581663  2.374
 25     3.327 53083.20631803 14.08 104.210961  72.578783  2.374
 25     3.658 53083.20631867 13.95 104.205271  72.575903  2.374
 26    12.006 53118.20628187 11.06 104.286376  72.604273  3.815
 26    10.449 53118.20628251 11.17 104.280666  72.601393  3.815
 26     8.703 53118.20628316 11.79 104.274950  72.598516  2.297
 26     1.085 53118.20628380 11.93 104.269250  72.595636  2.297
 26     0.805 53118.20628445 12.56 104.263540  72.592756  2.297
 26     0.660 53118.20628509 12.86 104.257840  72.589876  2.297
 26     0.531 53118.20628574 12.96 104.252130  72.586996  2.297
 27     0.779 53153.20633237 17.16 104.276002  72.604440  5.582
 27     1.035 53153.20633301 16.78 104.270292  72.601560  5.582
 27     1.389 53153.20633366 18.59 104.264582  72.598680  5.582
 27     1.107 53153.20633430 16.90 104.258882  72.595800  5.582
 27     1.023 53153.20633495 15.24 104.253172  72.592920  5.582
 27     1.053 53153.20633559 12.00 104.247472  72.590040  5.582
 27     1.028 53153.20633624 11.32 104.241774  72.587156  2.236
 27     0.639 53153.20633688 10.67 104.236074  72.584276  2.236
 27     0.959 53153.20633753 10.59 104.230374  72.581406  2.236
 28     4.160 53188.20632034 23.39 104.285848  72.603865 12.756
 28     2.734 53188.20632099 20.46 104.280148  72.600985 12.756
 28     2.878 53188.20632163 20.27 104.274438  72.598105 12.756
 28     2.941 53188.20632228 20.88 104.268728  72.595225 12.756
 28     3.245 53188.20632292 23.77 104.263028  72.592345 12.756
 28     3.180 53188.20632357 21.73 104.257328  72.589465 12.756
 28     2.950 53188.20632421 20.77 104.251623  72.586590 29.043
 29     1.078 53223.20633935 33.17 104.267183  72.602904 20.296
 29     1.041 53223.20634000 34.09 104.261473  72.600024 20.296
 29     0.927 53223.20634064 30.68 104.255763  72.597144 20.296
 29     0.871 53223.20634129 22.44 104.250063  72.594264 20.296
 29     0.773 53223.20634193 22.05 104.244363  72.591384 20.296
 29     0.686 53223.20634258 22.53 104.238663  72.588504 20.296
 29     0.697 53223.20634322 24.12 104.232963  72.585624 20.296
 29     0.874 53223.20634387 23.46 104.227263  72.582744 20.296
 29     1.464 53223.20634451 21.03 104.221570  72.579866 23.684
 30     3.020 53258.20631837 15.94 104.224195  72.589776 17.035
 30     2.832 53258.20631902 17.18 104.218495  72.586896 17.035
 30     2.529 53258.20631966 16.20 104.212795  72.584016 17.035
 30     2.275 53258.20632031 16.47 104.207104  72.581132 18.985
 30     3.064 53258.20632095 16.22 104.201414  72.578252 18.985
 30     3.835 53258.20632160 17.43 104.195724  72.575372 18.985
 31     0.459 53293.20633532 21.28 104.284052  72.604281  3.533
 31     0.430 53293.20633597 22.13 104.278342  72.601401  3.533
 31     0.442 53293.20633661 21.41 104.272632  72.598521  3.533
 31     0.201 53293.20633726 21.57 104.266922  72.595641  3.533
 31     0.037 53293.20633790 21.97 104.261222  72.592761  3.533
 31     0.430 53293.20633855 21.36 104.255512  72.589881  3.533
 31     0.058 53293.20633919 21.58 104.249812  72.587004  3.162
 32     1.022 53328.20630944 13.33 104.274124  72.603822  3.322
 32     0.751 53328.20631009 13.27 104.268414  72.600952  3.322
 32     0.908 53328.20631073 13.76 104.262714  72.598072  3.322
 32     0.674 53328.20631137 13.86 104.257004  72.595192  3.322
 32     0.244 53328.20631202 14.06 104.251304  72.592312  3.322
 32     0.665 53328.20631266 14.03 104.245604  72.589432  3.322
 32     0.520 53328.20631331 13.94 104.239905  72.586554  2.132
 32     0.714 53328.20631395 14.05 104.234205  72.583674  2.132
 32     0.578 53328.20631460 13.98 104.228505  72.580794  2.132
 35     2.201 53433.20627699  8.88 104.260142  72.602281  3.080
 35     2.209 53433.20627763  8.98 104.254442  72.599401  3.080
 35     1.023 53433.20627828  9.11 104.248732  72.596521  3.080
 35     0.612 53433.20627892  9.32 104.243032  72.593641  3.080
 35     0.658 53433.20627957  9.39 104.237332  72.590761  3.080
 35     1.012 53433.20628021  9.29 104.231632  72.587881  3.080
 35     0.894 53433.20628086  9.53 104.225941  72.585004  1.818
 35     1.017 53433.20628150  9.51 104.220241  72.582124  1.818
 35     0.647 53433.20628215  9.48 104.214551  72.579244  1.818
 35     0.641 53433.20628279  9.52 104.208861  72.576364  1.818
 36     1.476 53468.20631434  8.80 104.292267  72.604358  2.990
 36     0.638 53468.20631498  8.96 104.286557  72.601478  2.990
 36     1.293 53468.20631563  8.85 104.280847  72.598598  2.990
 36     0.889 53468.20631627  8.87 104.275137  72.595718  2.990
 36     0.983 53468.20631692  9.13 104.269427  72.592848  2.990
 36     0.902 53468.20631756  9.39 104.263727  72.589965  1.890
 37     9.886 53503.20636335  7.75 104.269212  72.604158  2.799
 37     3.259 53503.20636399  7.91 104.263502  72.601278  2.799
 37     2.533 53503.20636464  7.89 104.257792  72.598398  2.799
 37     2.290 53503.20636528  8.33 104.252092  72.595528  2.799
 37     1.782 53503.20636593  8.11 104.246392  72.592638  2.799
 37     2.208 53503.20636657  7.83 104.240682  72.589768  2.799
 37     1.755 53503.20636722  8.63 104.234982  72.586888  2.799
 37     2.117 53503.20636786  7.99 104.229282  72.583998  2.799
 37     2.180 53503.20636851  8.00 104.223589  72.581124  1.598
 37     2.203 53503.20636915  7.73 104.217899  72.578244  1.598
 38     3.954 53538.20635845 28.71 104.272032  72.604252 14.984
 38     3.271 53538.20635910 24.08 104.266322  72.601382 14.984
 38     2.564 53538.20636296 23.91 104.232106  72.584103 24.159
 38     3.218 53538.20636361 24.07 104.226416  72.581223 24.159
 39     0.495 53573.20635986 39.36 104.263295  72.604016 16.294
 39     0.525 53573.20636050 35.67 104.257595  72.601136 16.294
 39     0.838 53573.20636115 35.33 104.251885  72.598256 16.294
 39     0.711 53573.20636179 31.67 104.246185  72.595376 16.294
 39     0.105 53573.20636244 26.59 104.240475  72.592496 16.294
 39     0.244 53573.20636308 26.46 104.234775  72.589616 16.294
 39     0.272 53573.20636373 25.98 104.229075  72.586736 16.294
 39     0.282 53573.20636437 25.22 104.223385  72.583856 16.294
 39     0.382 53573.20636502 25.81 104.217689  72.580978 17.426
 39    -0.328 53573.20636566 26.55 104.211989  72.578098 17.426
 39     3.877 53573.20636631 27.04 104.206299  72.575218 17.426
 40     1.209 53608.20631294 33.55 104.221642  72.588992 14.820
 40     1.471 53608.20631359 31.01 104.215952  72.586112 14.820
 40     1.318 53608.20631423 38.21 104.210260  72.583228 18.922
 40     2.087 53608.20631488 32.89 104.204560  72.580348 18.922
 40     1.241 53608.20631552 27.51 104.198870  72.577468 18.922
 40     1.229 53608.20631617 34.15 104.193180  72.574588 18.922
 41     0.492 53643.20630990 24.56 104.293632  72.604049 10.171
 41     0.278 53643.20631054 26.85 104.287922  72.601169 10.171
 41     0.452 53643.20631119 27.95 104.282212  72.598299 10.171
 41     0.055 53643.20631183 29.34 104.276502  72.595419 10.171
 41     0.236 53643.20631248 27.08 104.270792  72.592539 10.171
 41     0.642 53643.20631312 28.83 104.265092  72.589659 10.171
 42     1.025 53678.20632945 19.53 104.264691  72.602592  3.549
 42     0.825 53678.20633010 18.99 104.258981  72.599712  3.549
 42     0.744 53678.20633074 20.07 104.253281  72.596842  3.549
 42     0.622 53678.20633139 19.87 104.247571  72.593962  3.549
 42     0.519 53678.20633203 20.50 104.241871  72.591082  3.549
 42     0.450 53678.20633268 20.86 104.236171  72.588202  3.549
 42     0.649 53678.20633332 20.51 104.230471  72.585322  3.549
 42     0.556 53678.20633396 21.88 104.224771  72.582440  3.253
 42     0.627 53678.20633461 21.39 104.219081  72.579560  3.253
 42     0.585 53678.20633525 21.16 104.213391  72.576680  3.253
 43     0.930 53713.20625820 13.34 104.259084  72.602818  2.695
 43     0.504 53713.20625949 14.26 104.247674  72.597058  2.695
 43     0.673 53713.20626013 14.13 104.241974  72.594178  2.695
 43     0.320 53713.20626078 14.44 104.236274  72.591298  2.695
 43     0.421 53713.20626142 14.61 104.230574  72.588418  2.695
 43     0.480 53713.20626207 14.70 104.224874  72.585538  2.695
 43     0.361 53713.20626271 14.81 104.219181  72.582657  2.329
 43     0.289 53713.20626336 14.57 104.213491  72.579777  2.329
 43     0.157 53713.20626400 14.78 104.207801  72.576897  2.329
 43     0.514 53713.20626465 15.00 104.202111  72.574017  2.329
 44     0.174 53748.20617022 15.23 104.305664  72.603831  3.371
 44     0.327 53748.20617086 15.53 104.299950  72.600955  2.996
 44     0.141 53748.20617151 16.30 104.294240  72.598075  2.996
 44     0.163 53748.20617215 16.86 104.288530  72.595195  2.996
 44     0.125 53748.20617279 17.59 104.282820  72.592325  2.996
 45     0.560 53783.20620214 11.81 104.272784  72.602698  2.946
 45     0.866 53783.20620279 12.28 104.267074  72.599818  2.946
 45     0.844 53783.20620343 12.65 104.261374  72.596948  2.946
 45     0.577 53783.20620408 12.94 104.255664  72.594058  2.946
 45     0.759 53783.20620472 13.46 104.249964  72.591188  2.946
 45     0.502 53783.20620537 13.82 104.244264  72.588308  2.946
 45     0.453 53783.20620601 14.21 104.238564  72.585428  2.946
 45     0.761 53783.20620666 14.59 104.232868  72.582544  2.286
 46     0.755 53818.20616923 11.28 104.221080  72.589479  2.061
 46     0.611 53818.20616988 11.33 104.215390  72.586599  2.061
 46     0.453 53818.20617052 11.79 104.209690  72.583719  2.061
 46     0.328 53818.20617117 11.69 104.204000  72.580839  2.061
 46     2.238 53818.20617181 11.80 104.198310  72.577959  2.061
 46     3.630 53818.20617246 11.74 104.192620  72.575079  2.061
 47    11.284 53853.20624138 10.79 104.283585  72.603431  2.325
 47     0.983 53853.20624203 11.36 104.277865  72.600551  2.325
 47     0.910 53853.20624267 11.64 104.272165  72.597671  2.325
 47     0.573 53853.20624332 12.16 104.266455  72.594791  2.325
 47     0.386 53853.20624396 12.86 104.260745  72.591911  2.325
 47     0.340 53853.20624461 13.36 104.255045  72.589031  2.325
 47     0.185 53853.20624525 13.65 104.249345  72.586151  2.325
 48     1.051 53888.20624844 13.60 104.286426  72.603976  3.948
 48     2.786 53888.20624908 12.07 104.280716  72.601096  3.948
 48     1.625 53888.20624973 15.19 104.275006  72.598216  3.948
 48     1.874 53888.20625037 12.03 104.269296  72.595336  3.948
 48     1.785 53888.20625102 11.88 104.263596  72.592456  3.948
 48     1.955 53888.20625166 10.73 104.257898  72.589573  3.089
 48     1.530 53888.20625231 10.39 104.252188  72.586693  3.089
 49     0.811 53923.20631791 30.10 104.271071  72.604967 17.018
 49     0.952 53923.20631855 30.54 104.265361  72.602087 17.018
 49     1.053 53923.20631920 36.16 104.259651  72.599207 17.018
 49     0.806 53923.20631984 32.20 104.253951  72.596327 17.018
 49     1.857 53923.20632049 22.50 104.248241  72.593447 17.018
 49     2.218 53923.20632113 22.11 104.242541  72.590567 17.018
 49     2.164 53923.20632178 22.69 104.236841  72.587687 17.018
 49     1.951 53923.20632242 23.16 104.231141  72.584807 17.018
 49     1.850 53923.20632307 23.96 104.225441  72.581927 17.018
 49     1.994 53923.20632371 23.90 104.219741  72.579047 17.018
 50     0.375 53958.20631373 31.20 104.238146  72.593036 16.118
 50     0.114 53958.20631437 27.86 104.232446  72.590156 16.118
 50     0.166 53958.20631502 27.05 104.226746  72.587276 16.118
 50     0.197 53958.20631566 27.86 104.221046  72.584396 16.118
 50     0.066 53958.20631631 27.74 104.215356  72.581516 16.118
 50    -0.267 53958.20631695 26.36 104.209656  72.578636 16.118
 50    -0.214 53958.20631760 26.94 104.203966  72.575756 16.118
 51     0.752 53993.20623745 19.22 104.308130  72.602741 10.415
 51     0.731 53993.20623809 23.88 104.302420  72.599861 10.415
 51     1.216 53993.20623874 23.80 104.296710  72.596981 10.415
 51     1.127 53993.20623938 27.50 104.291000  72.594111 10.415
 52     0.566 54028.20629875 34.28 104.295288  72.604443 10.040
 52     0.673 54028.20629939 37.90 104.289578  72.601563 10.040
 52     0.373 54028.20630003 37.07 104.283868  72.598683 10.040
 52     0.231 54028.20630068 37.49 104.278158  72.595803 10.040
 52     0.121 54028.20630132 37.79 104.272458  72.592923 10.040
 52     0.179 54028.20630197 35.02 104.266748  72.590043 10.040
 53     1.055 54063.20629285 14.38 104.278508  72.605369  2.576
 53     1.254 54063.20629350 13.97 104.272798  72.602489  2.576
 53     0.886 54063.20629414 14.46 104.267088  72.599609  2.576
 53     0.556 54063.20629479 14.77 104.261388  72.596729  2.576
 53     0.249 54063.20629543 15.56 104.255678  72.593849  2.576
 53     0.201 54063.20629608 15.64 104.249978  72.590969  2.576
 53     0.361 54063.20629672 14.88 104.244278  72.588089  2.576
 53     0.356 54063.20629737 15.15 104.238578  72.585209  2.576
 53     0.283 54063.20629801 14.82 104.232888  72.582329  2.576
 54     0.757 54098.20626522 12.33 104.231229  72.590827  2.348
 54     0.453 54098.20626586 12.67 104.225529  72.587947  2.348
 54     0.760 54098.20626651 12.34 104.219839  72.585067  2.348
 54     0.497 54098.20626715 12.41 104.214139  72.582187  2.348
 54     0.499 54098.20626780 12.38 104.208449  72.579307  2.348
 54     0.799 54098.20626844 12.32 104.202759  72.576427  2.348
 54     0.419 54098.20626909 12.42 104.197069  72.573547  2.348
 55     0.613 54133.20621547 10.25 104.297040  72.604980  2.405
 55     0.508 54133.20621611 10.72 104.291330  72.602110  2.405
 55     0.589 54133.20621676 11.01 104.285620  72.599230  2.405
 55     0.604 54133.20621740 11.15 104.279910  72.596350  2.405
 55     0.504 54133.20621805 11.47 104.274200  72.593470  2.405
 55     0.510 54133.20621869 11.11 104.268500  72.590590  2.405
 56     0.893 54168.20623614  9.10 104.260461  72.603440  3.021
 56     0.935 54168.20623679  9.10 104.254754  72.600561  1.947
 56     0.634 54168.20623743  9.58 104.249054  72.597681  1.947
 56     0.541 54168.20623808  9.83 104.243354  72.594801  1.947
 56     0.907 54168.20623872  9.50 104.237644  72.591921  1.947
 56     0.873 54168.20623937  9.68 104.231954  72.589041  1.947
 56     0.614 54168.20624001 10.12 104.226254  72.586161  1.947
 56     0.405 54168.20624066 10.11 104.220554  72.583281  1.947
 56     0.293 54168.20624130  9.84 104.214864  72.580401  1.947
 56     0.414 54168.20624194  9.68 104.209174  72.577521  1.947
 56     0.284 54168.20624259 10.11 104.203484  72.574641  1.947
 57     0.898 54203.20621983 10.99 104.289692  72.603130  3.265
 57     0.794 54203.20622047 10.71 104.283982  72.600250  3.265
 57     1.083 54203.20622112 10.79 104.278274  72.597374  2.030
 57     0.962 54203.20622176 11.00 104.272564  72.594494  2.030
 57     1.011 54203.20622241 11.13 104.266864  72.591614  2.030
 57     1.079 54203.20622305 11.00 104.261154  72.588734  2.030
 58     1.916 54238.20625497 10.83 104.279599  72.603974  3.143
 58     3.020 54238.20625562 10.73 104.273889  72.601094  3.143
 58     2.446 54238.20625626 10.85 104.268179  72.598214  3.143
 58     1.862 54238.20625691 10.95 104.262477  72.595336  1.953
 58     1.684 54238.20625755 10.93 104.256777  72.592456  1.953
 58     1.418 54238.20625820 11.38 104.251067  72.589576  1.953
 58     1.487 54238.20625884 11.26 104.245367  72.586696  1.953
 58     1.646 54238.20625949 10.93 104.239667  72.583816  1.953
 59     4.218 54273.20627361 26.73 104.273072  72.603398 15.223
 59     3.205 54273.20627425 25.09 104.267362  72.600518 15.223
 59     2.566 54273.20627747 22.92 104.238852  72.586120 21.453
 59     2.708 54273.20627812 22.98 104.233152  72.583240 21.453
 60     0.911 54308.20627536 23.74 104.278939  72.604076 13.009
 60     0.685 54308.20627601 26.42 104.273229  72.601206 13.009
 60     0.713 54308.20627665 27.28 104.267527  72.598323 24.888
 60     0.622 54308.20627729 26.68 104.261817  72.595443 24.888
 60     0.543 54308.20627794 24.33 104.256117  72.592563 24.888
 60     0.182 54308.20627858 24.40 104.250407  72.589683 24.888
 60     0.806 54308.20627923 23.29 104.244707  72.586803 24.888
 60     0.848 54308.20627987 29.40 104.239007  72.583923 24.888
 61     1.740 54343.20625667 22.29 104.241640  72.594386 18.901
 61     2.914 54343.20625731 18.15 104.235940  72.591506 18.901
 61     2.421 54343.20625796 18.04 104.230240  72.588626 18.901
 61     2.306 54343.20625860 18.23 104.224540  72.585746 18.901
 61     1.929 54343.20625925 19.55 104.218850  72.582866 18.901
 61     2.596 54343.20625989 17.42 104.213160  72.579986 18.901
 61     4.069 54343.20626054 17.53 104.207460  72.577106 18.901
 61     5.069 54343.20626118 19.25 104.201780  72.574226 18.901
 62     1.351 54378.20621025 23.90 104.289258  72.605572  5.531
 62    -0.065 54378.20621090 27.12 104.283545  72.602698 12.780
 62     0.206 54378.20621154 24.93 104.277835  72.599818 12.780
 62     0.048 54378.20621219 24.73 104.272125  72.596938 12.780
 62    -0.205 54378.20621283 26.26 104.266425  72.594058 12.780
 62    -0.090 54378.20621348 28.51 104.260715  72.591178 12.780
 62    -0.137 54378.20621412 30.14 104.255015  72.588298 12.780
 62    -0.188 54378.20621477 28.15 104.249315  72.585418 12.780
 63     1.010 54413.20620163 15.55 104.273096  72.605189  2.952
 63     0.777 54413.20620228 16.55 104.267386  72.602309  2.952
 63     0.704 54413.20620292 16.58 104.261686  72.599429  2.952
 63     0.597 54413.20620357 17.00 104.255976  72.596549  2.952
 63     0.375 54413.20620421 17.47 104.250276  72.593669  2.952
 63     0.631 54413.20620486 17.13 104.244576  72.590789  2.952
 63     0.577 54413.20620550 17.17 104.238876  72.587909  2.952
 63     0.421 54413.20620615 17.54 104.233176  72.585029  2.952
 63     0.466 54413.20620679 16.97 104.227476  72.582149  2.952
 63     0.455 54413.20620744 17.03 104.221786  72.579269  2.952
 64    11.975 54448.20617637 12.27 104.294436  72.604628  3.654
 64     0.735 54448.20617701 12.82 104.288720  72.601748  2.460
 64     0.796 54448.20617766 12.88 104.283010  72.598868  2.460
 64     0.673 54448.20617830 13.46 104.277300  72.595998  2.460
 64     0.628 54448.20617895 13.65 104.271590  72.593118  2.460
 64     0.796 54448.20617959 13.78 104.265890  72.590238  2.460
 65    11.745 54483.20619474  9.47 104.280904  72.605125  2.822
 65     9.781 54483.20619539  9.69 104.275194  72.602245  2.822
 65     0.902 54483.20619603 10.28 104.269484  72.599365  2.822
 65     0.716 54483.20619667 10.61 104.263774  72.596485  2.822
 65     0.605 54483.20619732 11.09 104.258074  72.593605  2.822
 65     0.780 54483.20619796 11.32 104.252374  72.590725  2.822
 65     0.730 54483.20619861 11.20 104.246664  72.587845  2.822
 65     0.482 54483.20619925 11.93 104.240974  72.584965  2.822
 66    11.274 54518.20619056  8.94 104.289856  72.603193  3.329
 66     0.967 54518.20619121  8.76 104.284146  72.600313  3.329
 66     0.436 54518.20619185  9.35 104.278436  72.597433  3.329
 66     0.916 54518.20619250  8.91 104.272726  72.594563  3.329
 66     1.175 54518.20619314  9.15 104.267025  72.591681  2.097
 66     1.137 54518.20619379  9.90 104.261315  72.588801  2.097
 68    11.536 54588.20618606  7.20 104.283946  72.604899  3.122
 68     9.286 54588.20618671  6.93 104.278236  72.602019  3.122
 68     1.795 54588.20618735  7.53 104.272526  72.599139  3.122
 68     1.839 54588.20618800  7.65 104.266816  72.596259  3.122
 68     1.336 54588.20618864  7.41 104.261116  72.593379  3.122
 68     1.314 54588.20618928  7.45 104.255413  72.590498  1.823
 68     1.007 54588.20618993  7.71 104.249713  72.587618  1.823
 68     0.970 54588.20619057  7.75 104.244003  72.584738  1.823
 69     2.958 54623.20620471 19.97 104.270554  72.602968  7.667
 69     3.135 54623.20620535 20.49 104.264844  72.600088  7.667
 70     4.033 54658.20621370 20.70 104.272411  72.603365 15.932
 70     2.139 54658.20621434 21.25 104.266701  72.600485 15.932
 70     1.719 54658.20621499 23.74 104.261001  72.597605 15.932
 70     1.850 54658.20621563 22.25 104.255291  72.594725 15.932
 70     2.186 54658.20621628 19.53 104.249591  72.591845 15.932
 70     1.998 54658.20621692 18.82 104.243892  72.588970 22.981
 70     1.873 54658.20621757 18.44 104.238192  72.586080 22.981
 70     1.474 54658.20621821 28.03 104.232492  72.583200 22.981
 70     1.848 54658.20621886 29.94 104.226792  72.580330 22.981
 71     1.042 54693.20619551 33.40 104.267071  72.603733 17.216
 71     1.014 54693.20619615 33.79 104.261371  72.600853 17.216
 71     0.864 54693.20619680 33.73 104.255661  72.597973 17.216
 71     1.040 54693.20619744 23.24 104.249961  72.595093 17.216
 71     0.637 54693.20619873 22.29 104.238551  72.589333 17.216
 71     0.674 54693.20619938 26.50 104.232858  72.586450 18.333
 71     0.882 54693.20620002 25.80 104.227158  72.583570 18.333
 71     1.111 54693.20620067 22.44 104.221468  72.580690 18.333
 71     3.296 54693.20620131 20.11 104.215768  72.577810 18.333
 72     0.326 54728.20616648 28.76 104.290012  72.604616 11.342
 72     0.353 54728.20616712 30.76 104.284302  72.601736 11.342
 72     0.117 54728.20616777 32.75 104.278592  72.598856 11.342
 72     0.341 54728.20616841 31.44 104.272892  72.595976 11.342
 72     0.138 54728.20616906 31.06 104.267182  72.593096 11.342
 72     0.127 54728.20616970 31.58 104.261483  72.590219 23.633
 72     0.249 54728.20617035 32.84 104.255773  72.587339 23.633
 73     0.560 54763.20617317 24.67 104.272537  72.603170  5.269
 73     0.590 54763.20617381 25.08 104.266837  72.600290  5.269
 73     0.441 54763.20617446 25.92 104.261127  72.597410  5.269
 73     0.396 54763.20617510 25.45 104.255417  72.594530  5.269
 73     0.347 54763.20617575 26.30 104.249717  72.591650  5.269
 73     0.466 54763.20617639 26.30 104.244016  72.588776  4.439
 73     0.317 54763.20617704 27.29 104.238316  72.585896  4.439
 73     0.305 54763.20617768 26.03 104.232626  72.583016  4.439
 74     0.465 54798.20616003 12.71 104.292506  72.603035  3.712
 74     0.494 54798.20616068 13.44 104.286796  72.600165  3.712
 74     0.322 54798.20616132 13.76 104.281086  72.597285  3.712
 74     0.549 54798.20616197 13.91 104.275376  72.594405  3.712
 74     0.444 54798.20616261 14.27 104.269670  72.591525  2.402
 75     1.047 54833.20616324 11.49 104.271127  72.603202  3.744
 75     1.122 54833.20616388 11.40 104.265417  72.600322  3.744
 75     1.174 54833.20616453 11.67 104.259707  72.597442  3.744
 75     1.025 54833.20616517 11.81 104.254007  72.594562  3.744
 75     0.789 54833.20616582 11.92 104.248297  72.591682  3.744
 75     0.929 54833.20616646 12.02 104.242598  72.588806  2.090
 75     0.716 54833.20616711 12.03 104.236898  72.585926  2.090
 75     0.647 54833.20616775 12.42 104.231208  72.583046  2.090
 75     0.630 54833.20616840 12.02 104.225508  72.580156  2.090
 76     0.314 54868.20615604  8.90 104.293873  72.603731  3.226
 76     0.608 54868.20615669  9.04 104.288163  72.600851  3.226
 76     0.751 54868.20615733  9.09 104.282453  72.597981  3.226
 76     0.615 54868.20615798  8.93 104.276743  72.595101  3.226
 76     0.848 54868.20615862  9.76 104.271034  72.592221  2.048
 76     0.990 54868.20615927 10.20 104.265334  72.589341  2.048
 77     1.400 54903.20617608  7.81 104.236034  72.591978  1.932
 77     0.722 54903.20617672  8.06 104.230334  72.589098  1.932
 77     0.324 54903.20617736  8.02 104.224644  72.586218  1.932
 77     0.887 54903.20617801  7.98 104.218944  72.583338  1.932
 77     0.650 54903.20617865  7.95 104.213244  72.580448  1.932
 77     0.158 54903.20617930  8.41 104.207554  72.577578  1.932
 77     0.211 54903.20617994  8.38 104.201864  72.574688  1.932
 78     1.388 54938.20614654  9.14 104.286985  72.604624  2.852
 78     2.482 54938.20614719  9.08 104.281273  72.601747  2.013
 78     1.640 54938.20614783  9.20 104.275563  72.598867  2.013
 78     1.362 54938.20614848  9.25 104.269853  72.595987  2.013
 78     1.651 54938.20614912  9.07 104.264143  72.593107  2.013
 78     1.145 54938.20614977  9.77 104.258443  72.590227  2.013
 78     1.100 54938.20615041  9.24 104.252743  72.587347  2.013
 79     3.270 54973.20617886  6.42 104.277980  72.603025  2.623
 79     2.685 54973.20617950  6.51 104.272270  72.600145  2.623
 79     2.232 54973.20618015  6.46 104.266560  72.597265  2.623
 79     2.359 54973.20618079  6.79 104.260860  72.594385  2.623
 79     2.065 54973.20618144  6.88 104.255152  72.591505  1.802
 79     1.466 54973.20618208  6.96 104.249452  72.588625  1.802
 79     1.224 54973.20618273  6.99 104.243752  72.585745  1.802
 79     1.724 54973.20618337  6.93 104.238052  72.582865  1.802
 80     4.277 55008.20619458 21.79 104.269871  72.604211 16.114
 80     2.867 55008.20619522 20.86 104.264161  72.601331 16.114
 80     2.324 55008.20619587 23.84 104.258451  72.598451 16.114
 80     2.397 55008.20619651 22.08 104.252751  72.595571 16.114
 80     2.617 55008.20619715 20.81 104.247041  72.592691 16.114
 80     2.699 55008.20619780 19.11 104.241341  72.589811 16.114
 80     2.779 55008.20619844 19.40 104.235641  72.586931 16.114
 80     2.556 55008.20619909 20.97 104.229951  72.584051 16.114
 80     2.091 55008.20619973 23.96 104.224251  72.581171 16.114
 80     2.672 55008.20620038 27.47 104.218561  72.578291 16.114
 81     0.629 55043.20618373 28.04 104.276709  72.603726 15.688
 81     0.520 55043.20618437 28.12 104.270999  72.600846 15.688
 81     0.455 55043.20618502 28.34 104.265289  72.597966 15.688
 81     0.645 55043.20618566 27.04 104.259589  72.595086 15.688
 81     0.283 55043.20618631 26.62 104.253879  72.592206 15.688
 81     0.399 55043.20618695 27.86 104.248179  72.589326 15.688
 81     0.463 55043.20618760 29.74 104.242485  72.586449 19.987
 81     0.434 55043.20618824 33.59 104.236785  72.583569 19.987
 82     1.141 55078.20616225 32.90 104.262688  72.603937 14.812
 82     1.080 55078.20616290 32.91 104.256978  72.601057 14.812
 82     0.715 55078.20616354 36.01 104.251278  72.598177 14.812
 82     0.790 55078.20616419 31.58 104.245568  72.595307 14.812
 82     0.403 55078.20616483 26.17 104.239868  72.592427 14.812
 82     0.418 55078.20616548 25.12 104.234168  72.589537 14.812
 82     0.539 55078.20616612 26.87 104.228469  72.586662 17.788
 82     0.766 55078.20616676 27.61 104.222779  72.583782 17.788
 82     1.015 55078.20616741 23.12 104.217079  72.580902 17.788
 82     0.635 55078.20616805 22.99 104.211389  72.578022 17.788
 82     4.152 55078.20616870 21.50 104.205699  72.575142 17.788
 83    -0.324 55113.20611610 53.86 104.283613  72.603328 20.540
 83    -0.231 55113.20611675 51.38 104.277903  72.600448 20.540
 83    -0.310 55113.20611739 53.63 104.272193  72.597568 20.540
 83    -0.186 55113.20611804 52.25 104.266483  72.594688 20.540
 83    -0.157 55113.20611868 51.97 104.260783  72.591808 20.540
 83    -0.213 55113.20611933 52.25 104.255076  72.588930 27.314
 83    -0.326 55113.20611997 43.22 104.249376  72.586050 27.314
 84     0.391 55148.20611706 26.40 104.273556  72.604485  3.871
 84     0.547 55148.20611771 26.74 104.267846  72.601605  3.871
 84     0.559 55148.20611835 27.24 104.262136  72.598725  3.871
 84     0.288 55148.20611900 27.71 104.256436  72.595845  3.871
 84     0.355 55148.20611964 27.53 104.250736  72.592965  3.871
 84     0.232 55148.20612029 27.80 104.245030  72.590091  4.093
 84     0.325 55148.20612093 27.73 104.239330  72.587201  4.093
 84     0.279 55148.20612158 28.25 104.233630  72.584321  4.093
 84     0.304 55148.20612222 27.93 104.227940  72.581451  4.093
 85     0.414 55183.20609733 19.54 104.291296  72.602984  3.033
 85     0.538 55183.20609798 20.65 104.285586  72.600104  3.033
 85     0.344 55183.20609862 20.96 104.279876  72.597234  3.033
 85     0.310 55183.20609927 20.76 104.274166  72.594354  3.033
 85     0.310 55183.20609991 21.08 104.268464  72.591472  2.786
 85     0.201 55183.20610056 21.59 104.262764  72.588592  2.786
 86     9.955 55218.20611499 16.59 104.267449  72.603645  2.888
 86     1.043 55218.20611563 17.17 104.261739  72.600765  2.888
 86     0.899 55218.20611628 17.72 104.256039  72.597885  2.888
 86     0.803 55218.20611692 17.56 104.250329  72.595005  2.888
 86     0.716 55218.20611757 18.18 104.244629  72.592125  2.888
 86     0.683 55218.20611821 18.51 104.238929  72.589245  2.888
 86     0.634 55218.20611886 18.30 104.233229  72.586365  2.888
 86     0.682 55218.20611950 18.34 104.227529  72.583485  2.888
 86     0.521 55218.20612015 18.34 104.221839  72.580605  2.888
 86     0.460 55218.20612079 18.71 104.216149  72.577725  2.888
 87    11.885 55253.20609324 15.44 104.291755  72.604560  3.364
 87     0.569 55253.20609389 16.03 104.286045  72.601680  3.364
 87     0.587 55253.20609453 16.23 104.280335  72.598810  3.364
 87     0.404 55253.20609517 17.48 104.274635  72.595930  3.364
 87     0.247 55253.20609582 18.42 104.268923  72.593049  2.774
 87     0.282 55253.20609646 17.58 104.263223  72.590169  2.774
 87     0.316 55253.20609711 17.62 104.257513  72.587289  2.774
 88     0.603 55288.20610781 14.99 104.236881  72.592775  2.996
 88     0.489 55288.20610846 15.27 104.231180  72.589891  2.362
 88     0.639 55288.20610910 15.50 104.225480  72.587011  2.362
 88     0.476 55288.20610975 15.63 104.219780  72.584131  2.362
 88     0.244 55288.20611039 15.75 104.214090  72.581251  2.362
 88     0.235 55288.20611104 15.70 104.208400  72.578371  2.362
 88     0.376 55288.20611168 15.51 104.202710  72.575491  2.362
 89     0.877 55323.20608165 11.43 104.273005  72.603857  2.854
 89     0.957 55323.20608230 11.58 104.267295  72.600977  2.854
 89     0.807 55323.20608294 12.36 104.261585  72.598097  2.854
 89     0.646 55323.20608359 12.61 104.255885  72.595217  2.854
 89     0.446 55323.20608423 12.83 104.250185  72.592337  2.854
 89     0.490 55323.20608488 13.07 104.244478  72.589461  2.305
 89     0.635 55323.20608552 13.16 104.238778  72.586571  2.305
 89     0.343 55323.20608617 13.45 104.233078  72.583701  2.305
 89     0.275 55323.20608681 13.77 104.227378  72.580821  2.305
 90     4.101 55358.20608057 26.57 104.271670  72.604165 14.651
 90     2.803 55358.20608121 25.39 104.265960  72.601285 14.651
 90     2.663 55358.20608186 25.10 104.260260  72.598405 14.651
 90     2.615 55358.20608250 23.66 104.254550  72.595525 14.651
 90     2.491 55358.20608315 22.18 104.248850  72.592645 14.651
 90     2.480 55358.20608379 22.04 104.243152  72.589770 22.100
 90     2.755 55358.20608444 24.44 104.237452  72.586880 22.100
 90     2.723 55358.20608508 26.86 104.231752  72.584000 22.100
 90     2.936 55358.20608573 26.47 104.226052  72.581130 22.100
 91     0.255 55393.20608317 28.79 104.285524  72.604484 21.956
 91     0.759 55393.20608382 29.02 104.279814  72.601604 21.956
 91     0.496 55393.20608446 29.11 104.274104  72.598724 21.956
 91     0.517 55393.20608511 27.80 104.268394  72.595844 21.956
 91     0.444 55393.20608575 25.44 104.262694  72.592964 21.956
 91    -0.146 55393.20608640 28.62 104.256984  72.590084 21.956
 91     0.205 55393.20608704 28.09 104.251284  72.587204 21.956
 92     1.055 55428.20609633 30.14 104.278259  72.604239 17.314
 92     0.789 55428.20609697 30.40 104.272549  72.601359 17.314
 92     0.715 55428.20609762 33.10 104.266839  72.598479 17.314
 92     0.608 55428.20609826 31.27 104.261129  72.595599 17.314
 92     0.250 55428.20609891 32.06 104.255429  72.592719 17.314
 92     0.282 55428.20609955 27.75 104.249729  72.589839 17.314
 92     0.643 55428.20610020 25.24 104.244026  72.586962 18.454
 92     0.505 55428.20610084 27.49 104.238326  72.584082 18.454
 93     0.559 55463.20606297 21.92 104.240943  72.594147 12.619
 93     0.415 55463.20606361 23.07 104.235243  72.591267 12.619
 93     0.662 55463.20606426 21.89 104.229543  72.588387 12.619
 93     0.583 55463.20606490 23.50 104.223843  72.585507 12.619
 93     1.362 55463.20606555 22.34 104.218149  72.582626 14.844
 93     2.951 55463.20606619 21.78 104.212459  72.579746 14.844
 93     3.172 55463.20606684 20.38 104.206769  72.576866 14.844
 93     3.995 55463.20606748 22.01 104.201079  72.573986 14.844
