# NaN NaN NaN ;Mean Elev.(m), Avg Gradient(m/km), RMS Gradient(m/km) - SRTM1     
#    4.069  -1.789   5.413 ;Mean Elev.(m), Avg Gradient(m/km), RMS Gradient(m/km) - ASTER GDEM
#    0.348  -1.823   7.016 ;Mean Elev.(m), Avg Gradient(m/km), RMS Gradient(m/km) - GMTED2010 
  7     5.044 52466.54364916 20.91 105.533600  72.746959  8.779
  7     4.325 52466.54364980 15.97 105.527800  72.749829  8.779
  7    16.558 52466.54365045 13.13 105.521990  72.752699  8.779
  7     2.434 52466.54365109 13.86 105.516190  72.755569  8.779
  7    15.029 52466.54365174 13.92 105.510380  72.758439  8.779
  7    -0.110 52466.54365238 16.24 105.504580  72.761319  8.779
  7    -0.088 52466.54365302 16.79 105.498770  72.764189  8.779
  7    -0.439 52466.54365367 16.95 105.492950  72.767059  8.779
  7    -0.062 52466.54365431 15.67 105.487140  72.769929  8.779
  7    -0.112 52466.54365496 15.43 105.481330  72.772799  8.779
  7     0.303 52466.54365560 13.47 105.475510  72.775659  8.779
  7     0.214 52466.54365625 15.32 105.469690  72.778529  8.779
  7     2.932 52466.54365689 12.32 105.463870  72.781399  8.779
  7     3.646 52466.54365754 13.33 105.458050  72.784269  8.779
  7     4.086 52466.54365818 17.93 105.452230  72.787139  8.779
  8     4.402 52501.54364235 18.76 105.537914  72.749792 11.845
  8    15.357 52501.54364299 13.85 105.532114  72.752662 11.845
  8    14.465 52501.54364364 14.48 105.526314  72.755532 11.845
  8     4.517 52501.54364428 13.48 105.520504  72.758412 11.845
  8     1.507 52501.54364492 13.71 105.514704  72.761282 11.845
  8     0.758 52501.54364557 14.25 105.508894  72.764152 11.845
  8     0.501 52501.54364621 14.31 105.503085  72.767022 15.188
  8     0.272 52501.54364686 15.88 105.497275  72.769892 15.188
  8    -0.027 52501.54364750 16.43 105.491465  72.772762 15.188
  8     0.380 52501.54364815 14.42 105.485645  72.775632 15.188
  8     0.031 52501.54364879 16.46 105.479825  72.778502 15.188
  8     0.358 52501.54364944 14.77 105.474015  72.781372 15.188
  8     0.778 52501.54365008 14.49 105.468195  72.784242 15.188
  8     3.673 52501.54365073 15.32 105.462365  72.787112 15.188
  8     3.991 52501.54365137 17.18 105.456545  72.789982 15.188
  9    -0.399 52536.54362841 40.25 105.509841  72.743962 19.321
  9    -0.262 52536.54362906 35.18 105.504041  72.746832 19.321
  9     0.033 52536.54362970 35.25 105.498241  72.749702 19.321
  9     0.079 52536.54363035 37.20 105.492431  72.752572 19.321
  9     0.512 52536.54363099 38.13 105.486621  72.755442 19.321
  9     0.117 52536.54363164 36.97 105.480811  72.758312 19.321
  9     0.035 52536.54363228 35.11 105.475001  72.761182 19.321
  9     0.015 52536.54363293 29.72 105.469181  72.764052 19.321
  9     0.201 52536.54363357 28.83 105.463371  72.766912 19.321
  9    -0.408 52536.54363422 28.65 105.457551  72.769782 19.321
  9    -0.623 52536.54363486 26.29 105.451731  72.772652 19.321
  9     0.050 52536.54363551 27.02 105.445911  72.775522 19.321
  9     0.391 52536.54363615 32.93 105.440081  72.778392 19.321
 10    15.853 52571.54366413 21.35 105.525351  72.747801  4.042
 10    -0.256 52571.54366478 21.75 105.519551  72.750671  4.042
 10    -0.206 52571.54366542 22.85 105.513751  72.753541  4.042
 10    -0.276 52571.54366607 22.62 105.507941  72.756411  4.042
 10    -0.276 52571.54366671 22.89 105.502141  72.759291  4.042
 10    -0.402 52571.54366735 23.82 105.496331  72.762151  4.042
 10    -0.524 52571.54366800 24.24 105.490521  72.765021  4.042
 10    -0.530 52571.54366864 24.80 105.484701  72.767891  4.042
 10    -0.239 52571.54366929 23.63 105.478891  72.770761  4.042
 10    -0.152 52571.54366993 23.97 105.473071  72.773631  4.042
 10    -0.148 52571.54367058 23.86 105.467251  72.776501  4.042
 10    -0.131 52571.54367122 23.28 105.461431  72.779371  4.042
 10    -0.123 52571.54367187 22.36 105.455611  72.782241  4.042
 10    -0.348 52571.54367251 22.57 105.449791  72.785111  4.042
 11     4.035 52606.54362685 15.13 105.543007  72.748577  3.014
 11     0.170 52606.54362749 15.65 105.537207  72.751447  3.014
 11     0.235 52606.54362814 16.19 105.531407  72.754317  3.014
 11     0.263 52606.54362878 16.04 105.525607  72.757187  3.014
 11     0.253 52606.54362943 15.86 105.519797  72.760057  3.014
 11     0.476 52606.54363007 16.55 105.513997  72.762927  3.014
 11     0.583 52606.54363072 16.69 105.508187  72.765797  3.014
 11     0.762 52606.54363136 16.17 105.502377  72.768667  3.014
 11     0.528 52606.54363200 16.78 105.496557  72.771547  3.014
 11     0.418 52606.54363265 16.42 105.490747  72.774417  3.014
 11     0.309 52606.54363329 16.40 105.484927  72.777287  3.014
 11     0.253 52606.54363394 16.46 105.479117  72.780157  3.014
 11     0.240 52606.54363458 15.88 105.473297  72.783017  3.014
 11    -0.024 52606.54363523 15.35 105.467477  72.785887  3.014
 11    -0.020 52606.54363587 15.32 105.461647  72.788757  3.014
 12    15.320 52641.54362174 14.16 105.518370  72.746219  3.194
 12     0.085 52641.54362238 14.48 105.512570  72.749089  3.194
 12     0.077 52641.54362303 14.91 105.506770  72.751969  3.194
 12    -0.081 52641.54362367 15.28 105.500960  72.754839  3.194
 12    -0.166 52641.54362432 15.77 105.495150  72.757699  3.194
 12     0.068 52641.54362496 15.64 105.489350  72.760579  3.194
 12    -0.007 52641.54362561 16.06 105.483530  72.763449  3.194
 12    -0.025 52641.54362625 16.73 105.477720  72.766319  3.194
 12    -0.054 52641.54362690 16.08 105.471900  72.769189  3.194
 12    -0.131 52641.54362754 15.72 105.466090  72.772049  3.194
 12     0.027 52641.54362818 15.61 105.460270  72.774919  3.194
 12    -0.138 52641.54362883 15.51 105.454450  72.777789  3.194
 12    -0.094 52641.54362947 15.25 105.448630  72.780659  3.194
 12    -0.139 52641.54363012 14.72 105.442800  72.783529  3.194
 13    19.497 52676.54361006 13.18 105.541960  72.749404  2.956
 13     0.149 52676.54361070 14.69 105.536160  72.752274  2.956
 13     0.079 52676.54361135 14.91 105.530360  72.755144  2.956
 13     0.378 52676.54361199 14.37 105.524560  72.758014  2.956
 13     0.064 52676.54361263 14.74 105.518750  72.760884  2.956
 13     0.492 52676.54361328 14.88 105.512950  72.763754  2.956
 13     0.573 52676.54361392 15.00 105.507140  72.766624  2.956
 13     0.458 52676.54361457 15.09 105.501320  72.769494  2.956
 13     0.587 52676.54361521 14.73 105.495510  72.772364  2.956
 13     0.409 52676.54361586 15.10 105.489700  72.775234  2.956
 13     0.173 52676.54361650 14.76 105.483880  72.778114  2.956
 13     0.190 52676.54361715 14.85 105.478060  72.780984  2.956
 13     0.221 52676.54361779 14.30 105.472240  72.783844  2.956
 13     0.147 52676.54361844 14.28 105.466420  72.786714  2.956
 13    -0.338 52676.54361908 13.92 105.460600  72.789584  2.956
 14    17.606 52711.54363795 11.67 105.520259  72.746022  2.908
 14    14.745 52711.54363859 12.09 105.514459  72.748892  2.908
 14     0.423 52711.54363924 12.62 105.508649  72.751762  2.908
 14    -0.078 52711.54363988 13.52 105.502849  72.754642  2.908
 14    -0.055 52711.54364053 13.28 105.497039  72.757512  2.908
 14     0.167 52711.54364117 13.04 105.491229  72.760382  2.908
 14     0.199 52711.54364182 13.21 105.485419  72.763252  2.908
 14     0.170 52711.54364246 13.90 105.479609  72.766122  2.908
 14    -0.024 52711.54364311 13.78 105.473789  72.768982  2.908
 14     0.103 52711.54364375 13.03 105.467969  72.771852  2.908
 14     0.039 52711.54364440 12.84 105.462159  72.774722  2.908
 14     0.093 52711.54364504 12.81 105.456329  72.777592  2.908
 14     0.175 52711.54364569 12.57 105.450509  72.780462  2.908
 14     0.117 52711.54364633 12.74 105.444690  72.783330  1.736
 15    15.732 52746.54366520  9.78 105.533786  72.748477  2.535
 15    16.549 52746.54366584  9.87 105.527986  72.751347  2.535
 15    12.742 52746.54366649 10.18 105.522186  72.754217  2.535
 15    10.926 52746.54366713 10.83 105.516386  72.757097  2.535
 15     7.679 52746.54366778 10.63 105.510576  72.759967  2.535
 15     0.210 52746.54366842 11.11 105.504776  72.762837  2.535
 15     0.205 52746.54366907 11.16 105.498966  72.765707  2.535
 15     0.251 52746.54366971 11.75 105.493156  72.768577  2.535
 15     0.132 52746.54367036 11.19 105.487346  72.771447  2.535
 15     0.129 52746.54367100 10.88 105.481526  72.774317  2.535
 15     0.355 52746.54367165 10.86 105.475716  72.777187  2.535
 15     0.232 52746.54367229 10.99 105.469896  72.780057  2.535
 15     0.275 52746.54367294 10.79 105.464076  72.782927  2.535
 15     0.033 52746.54367358 10.78 105.458257  72.785796  1.617
 15     0.022 52746.54367422 10.74 105.452437  72.788666  1.617
 16     0.330 52781.54360382 29.49 105.511344  72.745245  9.488
 16     0.325 52781.54360447 26.55 105.505544  72.748115  9.488
 16    -0.201 52781.54360511 21.70 105.499736  72.750983  7.571
 16    -0.525 52781.54360576 22.84 105.493926  72.753853  7.571
 16    -1.021 52781.54360640 20.54 105.488116  72.756723  7.571
 16    -2.128 52781.54360705 20.93 105.482306  72.759593  7.571
 16    -2.250 52781.54360769 15.29 105.476496  72.762463  7.571
 16    -2.675 52781.54360834 15.23 105.470686  72.765333  7.571
 16    -1.994 52781.54360898 14.41 105.464866  72.768203  7.571
 16    -0.280 52781.54360962 13.53 105.459046  72.771073  7.571
 16     0.204 52781.54361027 11.94 105.453226  72.773943  7.571
 16     0.652 52781.54361091 10.64 105.447406  72.776803  7.571
 16     2.269 52781.54361156  9.58 105.441586  72.779673  7.571
 16     3.135 52781.54361220  8.86 105.435756  72.782543  7.571
 17    16.931 52816.54368384 17.09 105.513111  72.744390  8.998
 17     8.544 52816.54368449 17.56 105.507311  72.747260  8.998
 17    13.613 52816.54368513 16.05 105.501501  72.750130  8.998
 17     4.639 52816.54368578 16.48 105.495691  72.753000  8.998
 17     1.276 52816.54368642 16.54 105.489891  72.755880  8.998
 17     0.665 52816.54368707 18.64 105.484081  72.758740  8.998
 17     0.889 52816.54368771 16.57 105.478261  72.761610  8.998
 17     0.741 52816.54368836 16.40 105.472451  72.764480  8.998
 17     0.660 52816.54368900 17.20 105.466631  72.767350  8.998
 17     0.838 52816.54368965 17.07 105.460821  72.770220  8.998
 17     1.026 52816.54369029 18.25 105.455001  72.773090  8.998
 17     2.576 52816.54369093 18.86 105.449181  72.775960  8.998
 17     3.435 52816.54369158 21.60 105.443351  72.778830  8.998
 17     3.864 52816.54369222 25.33 105.437531  72.781700  8.998
 17     3.971 52816.54369287 31.88 105.431705  72.784572 33.058
 18     4.530 52851.54373510 17.11 105.521024  72.746849 15.760
 18     2.126 52851.54373574 17.08 105.515214  72.749719 15.760
 18     0.038 52851.54373638 18.71 105.509414  72.752589 15.760
 18     0.132 52851.54373703 20.34 105.503604  72.755469 15.760
 18     0.629 52851.54373767 27.04 105.497794  72.758329 15.760
 18     0.788 52851.54373832 32.48 105.491984  72.761209 15.760
 18     0.845 52851.54373896 36.04 105.486174  72.764079 15.760
 18     0.445 52851.54373961 40.52 105.480364  72.766949 15.760
 18     0.567 52851.54374025 34.39 105.474544  72.769819 15.760
 18     0.347 52851.54374090 27.87 105.468734  72.772679 15.760
 18    -0.202 52851.54374154 27.92 105.462914  72.775549 15.760
 18    -0.613 52851.54374219 24.67 105.457094  72.778419 15.760
 18    -0.116 52851.54374283 23.61 105.451264  72.781289 15.760
 18     0.551 52851.54374348 22.19 105.445444  72.784159 15.760
 19     5.225 52886.54376912 23.98 105.530735  72.746045  9.974
 19    18.874 52886.54376976 16.01 105.524935  72.748915  9.974
 19    17.764 52886.54377041 13.60 105.519135  72.751785  9.974
 19    15.404 52886.54377105 14.67 105.513335  72.754655  9.974
 19     0.499 52886.54377170 16.50 105.507525  72.757525  9.974
 19     0.389 52886.54377234 18.20 105.501715  72.760395  9.974
 19     0.528 52886.54377299 25.48 105.495915  72.763275  9.974
 19     0.664 52886.54377363 28.70 105.490095  72.766145  9.974
 19     0.535 52886.54377428 28.60 105.484285  72.769015  9.974
 19     0.566 52886.54377492 20.68 105.478475  72.771885  9.974
 19     0.849 52886.54377557 15.07 105.472655  72.774755  9.974
 19     2.244 52886.54377621 15.99 105.466835  72.777625  9.974
 19     3.085 52886.54377686 15.64 105.461015  72.780485  9.974
 19     3.774 52886.54377750 18.97 105.455195  72.783355  9.974
 19     4.150 52886.54377814 24.70 105.449375  72.786225  9.974
 20    -0.690 52921.54372513 40.74 105.539843  72.751292 16.213
 20    -0.653 52921.54372578 36.96 105.534033  72.754162 16.213
 20    -0.515 52921.54372642 38.29 105.528233  72.757032 16.213
 20    -0.308 52921.54372707 43.02 105.522433  72.759902 16.213
 20    -0.506 52921.54372771 43.28 105.516623  72.762772 16.213
 20    -0.750 52921.54372836 39.03 105.510813  72.765642 16.213
 20    -0.632 52921.54372900 36.80 105.505003  72.768522 16.213
 20    -0.602 52921.54372965 36.62 105.499193  72.771382 16.213
 20    -0.377 52921.54373029 36.04 105.493383  72.774262 16.213
 20    -0.479 52921.54373094 38.01 105.487573  72.777132 16.213
 20    -0.372 52921.54373158 40.04 105.481753  72.780002 16.213
 20    -0.455 52921.54373223 42.53 105.475933  72.782862 16.213
 20    -0.423 52921.54373287 36.65 105.470113  72.785732 16.213
 20    -0.517 52921.54373351 33.36 105.464293  72.788602 16.213
 20    -0.424 52921.54373416 29.49 105.458463  72.791472 16.213
 21     0.301 52956.54368938 18.86 105.524768  72.745105  3.655
 21     0.177 52956.54369003 19.76 105.518958  72.747975  3.655
 21     0.350 52956.54369067 20.15 105.513158  72.750845  3.655
 21     0.292 52956.54369132 20.11 105.507348  72.753715  3.655
 21     0.175 52956.54369196 21.49 105.501548  72.756595  3.655
 21     0.086 52956.54369261 21.89 105.495738  72.759455  3.655
 21    -0.028 52956.54369325 22.36 105.489918  72.762325  3.655
 21    -0.080 52956.54369390 22.62 105.484108  72.765195  3.655
 21     0.109 52956.54369454 22.70 105.478298  72.768065  3.655
 21     0.042 52956.54369519 22.66 105.472478  72.770935  3.655
 21     0.278 52956.54369583 21.87 105.466658  72.773805  3.655
 21     0.299 52956.54369648 21.22 105.460838  72.776675  3.655
 21     0.233 52956.54369712 21.26 105.455018  72.779545  3.655
 21     0.262 52956.54369776 20.35 105.449188  72.782415  3.655
 21     0.139 52956.54369841 19.70 105.443368  72.785285  3.655
 22     0.650 52991.54370827 16.55 105.529459  72.748847  3.482
 22     0.479 52991.54370892 16.89 105.523659  72.751717  3.482
 22     0.364 52991.54370956 18.28 105.517849  72.754587  3.482
 22     0.409 52991.54371021 17.51 105.512049  72.757457  3.482
 22     0.223 52991.54371085 17.94 105.506239  72.760327  3.482
 22     0.251 52991.54371150 18.10 105.500429  72.763197  3.482
 22     0.004 52991.54371214 17.85 105.494619  72.766067  3.482
 22     0.175 52991.54371279 17.77 105.488809  72.768937  3.482
 22     0.210 52991.54371343 17.39 105.482989  72.771807  3.482
 22     0.367 52991.54371407 17.37 105.477171  72.774677  2.010
 22     0.422 52991.54371472 16.75 105.471351  72.777547  2.010
 22     0.524 52991.54371536 16.23 105.465531  72.780417  2.010
 22     0.461 52991.54371601 16.25 105.459711  72.783287  2.010
 22     0.518 52991.54371665 15.93 105.453891  72.786147  2.010
 23    17.740 53026.54367447 12.90 105.546458  72.752165  2.778
 23    -0.004 53026.54367511 13.43 105.540658  72.755035  2.778
 23    17.134 53026.54367576 13.78 105.534858  72.757905  2.778
 23     0.124 53026.54367640 13.72 105.529048  72.760775  2.778
 23     0.318 53026.54367705 13.75 105.523238  72.763645  2.778
 23     0.205 53026.54367769 14.01 105.517438  72.766525  2.778
 23    -0.043 53026.54367834 14.45 105.511628  72.769395  2.778
 23    -0.046 53026.54367898 14.55 105.505808  72.772265  2.778
 23     0.109 53026.54367963 14.07 105.499998  72.775135  2.778
 23     0.128 53026.54368027 13.61 105.494178  72.778005  2.778
 23     0.161 53026.54368092 13.83 105.488368  72.780875  2.778
 23     0.213 53026.54368156 13.30 105.482548  72.783745  2.778
 23     0.203 53026.54368221 13.34 105.476728  72.786615  2.778
 24    20.786 53061.54368358 12.42 105.533823  72.747806  3.058
 24    16.787 53061.54368422 13.07 105.528023  72.750676  3.058
 24    19.860 53061.54368487 12.83 105.522223  72.753556  3.058
 24     0.213 53061.54368551 13.84 105.516413  72.756426  3.058
 24     0.249 53061.54368616 13.76 105.510603  72.759296  3.058
 24     0.099 53061.54368680 14.15 105.504803  72.762166  3.058
 24     0.044 53061.54368745 14.60 105.498993  72.765036  3.058
 24     0.095 53061.54368809 14.04 105.493173  72.767906  3.058
 24     0.042 53061.54368874 13.74 105.487363  72.770776  3.058
 24     0.109 53061.54368938 13.27 105.481543  72.773646  3.058
 24     0.278 53061.54369003 13.17 105.475723  72.776516  3.058
 24     0.425 53061.54369067 13.03 105.469903  72.779376  3.058
 24     0.236 53061.54369131 12.57 105.464088  72.782249  2.117
 24     0.300 53061.54369196 12.65 105.458258  72.785119  2.117
 24     0.248 53061.54369260 12.54 105.452438  72.787989  2.117
 25    20.403 53096.54371003 10.26 105.542565  72.747949  2.601
 25    19.381 53096.54371068 11.41 105.536765  72.750819  2.601
 25    19.162 53096.54371132 11.57 105.530965  72.753689  2.601
 25     0.394 53096.54371197 12.06 105.525165  72.756559  2.601
 25    14.303 53096.54371261 12.40 105.519365  72.759429  2.601
 25     0.459 53096.54371326 12.32 105.513555  72.762299  2.601
 25     0.152 53096.54371390 12.59 105.507755  72.765169  2.601
 25     0.214 53096.54371455 12.97 105.501945  72.768039  2.601
 25    -0.067 53096.54371519 12.71 105.496135  72.770909  2.601
 25     0.057 53096.54371584 13.11 105.490315  72.773789  2.601
 25     0.130 53096.54371648 12.71 105.484505  72.776659  2.601
 25     0.141 53096.54371712 12.44 105.478685  72.779529  2.601
 25     0.365 53096.54371777 12.03 105.472875  72.782399  2.601
 25     0.500 53096.54371841 11.98 105.467055  72.785259  2.601
 25    -0.045 53096.54371906 11.89 105.461225  72.788129  2.601
 26    17.507 53131.54368333  8.52 105.530008  72.747682  2.641
 26    17.128 53131.54368397  9.26 105.524198  72.750552  2.641
 26    15.378 53131.54368462  9.61 105.518398  72.753422  2.641
 26    14.480 53131.54368526  9.67 105.512588  72.756292  2.641
 26     7.795 53131.54368591 10.55 105.506778  72.759162  2.641
 26     0.294 53131.54368655 10.76 105.500968  72.762032  2.641
 26     0.175 53131.54368719 11.06 105.495158  72.764902  2.641
 26     0.214 53131.54368784 11.04 105.489348  72.767772  2.641
 26    -0.042 53131.54368848 11.19 105.483528  72.770642  2.641
 26     0.013 53131.54368913 11.26 105.477718  72.773512  2.641
 26     0.088 53131.54368977 10.67 105.471898  72.776382  2.641
 26     0.216 53131.54369042 10.65 105.466078  72.779252  2.641
 26     0.398 53131.54369106 10.73 105.460248  72.782122  2.641
 26     0.280 53131.54369171 10.18 105.454428  72.784992  2.641
 26     0.279 53131.54369235 10.47 105.448598  72.787862  2.641
 28     4.516 53201.54375953 22.33 105.530437  72.746775  7.691
 28     4.203 53201.54376017 15.18 105.524637  72.749645  7.691
 28     2.346 53201.54376082 14.15 105.518837  72.752515  7.691
 28     0.952 53201.54376146 14.57 105.513027  72.755385  7.691
 28     0.562 53201.54376211 15.15 105.507227  72.758265  7.691
 28     0.609 53201.54376275 15.32 105.501417  72.761135  7.691
 28     1.038 53201.54376339 20.87 105.495607  72.764005  7.691
 28     0.920 53201.54376404 19.34 105.489797  72.766875  7.691
 28     0.761 53201.54376468 16.21 105.483977  72.769745  7.691
 28     0.301 53201.54376533 16.47 105.478167  72.772615  7.691
 28     0.132 53201.54376597 17.08 105.472347  72.775485  7.691
 28     0.231 53201.54376662 14.46 105.466527  72.778355  7.691
 28     0.551 53201.54376726 13.03 105.460707  72.781215  7.691
 28     0.902 53201.54376791 14.06 105.454887  72.784085  7.691
 28     3.663 53201.54376855 13.19 105.449060  72.786956 25.122
 29     4.076 53236.54372930 18.09 105.543293  72.751827  8.970
 29     3.811 53236.54372995 13.58 105.537493  72.754697  8.970
 29    12.934 53236.54373059 14.45 105.531693  72.757567  8.970
 29    12.264 53236.54373124 13.16 105.525883  72.760437  8.970
 29    -0.031 53236.54373188 16.64 105.520083  72.763317  8.970
 29     0.032 53236.54373253 16.69 105.514273  72.766187  8.970
 29     0.377 53236.54373317 15.15 105.508463  72.769057  8.970
 29    -8.015 53236.54373382 19.00 105.502643  72.771927  8.970
 29    -0.466 53236.54373446 18.19 105.496833  72.774797  8.970
 29    -0.059 53236.54373511 16.30 105.491023  72.777667  8.970
 29    -0.601 53236.54373575 17.50 105.485203  72.780537  8.970
 29     0.338 53236.54373640 15.34 105.479383  72.783397  8.970
 29     3.219 53236.54373704 14.46 105.473563  72.786267  8.970
 30    23.412 53271.54368773 15.04 105.509677  72.745430  6.297
 30    23.090 53271.54368838 13.78 105.503877  72.748300  6.297
 30    22.455 53271.54368902 13.97 105.498067  72.751180  6.297
 30    21.977 53271.54368967 14.39 105.492257  72.754040  6.297
 30    21.079 53271.54369031 14.67 105.486457  72.756910  6.297
 30    19.538 53271.54369096 15.60 105.480637  72.759780  6.297
 30     0.028 53271.54369160 16.75 105.474827  72.762650  6.297
 30    -0.921 53271.54369225 17.32 105.469007  72.765520  6.297
 30    -1.479 53271.54369289 18.06 105.463197  72.768390  6.297
 30    -1.299 53271.54369353 19.94 105.457377  72.771260  6.297
 30     0.028 53271.54369418 19.22 105.451557  72.774130  6.297
 30     0.335 53271.54369482 19.19 105.445727  72.777000  6.297
 30     0.541 53271.54369547 20.64 105.439907  72.779870  6.297
 30     0.436 53271.54369611 22.40 105.434077  72.782740  6.297
 31    -0.041 53306.54375120 17.90 105.521908  72.744370  3.482
 31    -0.257 53306.54375185 19.53 105.516108  72.747240  3.482
 31     0.007 53306.54375249 18.94 105.510308  72.750110  3.482
 31     0.170 53306.54375314 19.61 105.504498  72.752980  3.482
 31     0.442 53306.54375378 19.67 105.498698  72.755850  3.482
 31     0.687 53306.54375443 20.08 105.492888  72.758720  3.482
 31     0.903 53306.54375507 20.37 105.487078  72.761590  3.482
 31     1.012 53306.54375572 20.58 105.481268  72.764460  3.482
 31     0.779 53306.54375636 20.62 105.475458  72.767330  3.482
 31     0.430 53306.54375701 20.87 105.469636  72.770203  3.358
 31     0.188 53306.54375765 21.01 105.463826  72.773073  3.358
 31     0.085 53306.54375830 21.36 105.458006  72.775943  3.358
 31    -0.083 53306.54375894 20.55 105.452186  72.778803  3.358
 31    -0.091 53306.54375959 19.75 105.446356  72.781673  3.358
 31    -0.164 53306.54376023 19.84 105.440536  72.784543  3.358
 32     0.168 53341.54371901 14.29 105.538652  72.748998  2.974
 32     0.110 53341.54371966 14.69 105.532852  72.751868  2.974
 32     0.217 53341.54372030 15.01 105.527052  72.754738  2.974
 32     0.117 53341.54372095 15.82 105.521252  72.757608  2.974
 32     0.291 53341.54372159 15.47 105.515442  72.760478  2.974
 32     0.336 53341.54372224 15.75 105.509632  72.763348  2.974
 32     0.454 53341.54372288 15.94 105.503832  72.766218  2.974
 32     0.474 53341.54372353 16.20 105.498022  72.769088  2.974
 32     0.248 53341.54372417 15.98 105.492202  72.771958  2.974
 32     0.256 53341.54372482 15.98 105.486392  72.774828  1.883
 32     0.096 53341.54372546 15.61 105.480572  72.777698  1.883
 32     0.155 53341.54372611 15.48 105.474752  72.780568  1.883
 32     0.182 53341.54372675 15.03 105.468932  72.783438  1.883
 32    -0.082 53341.54372740 15.66 105.463112  72.786308  1.883
 32    -0.167 53341.54372804 14.99 105.457292  72.789178  1.883
 33     0.186 53376.54365144 12.47 105.545802  72.753239  2.741
 33     0.307 53376.54365208 13.24 105.540002  72.756109  2.741
 33     0.342 53376.54365273 13.28 105.534202  72.758979  2.741
 33     0.271 53376.54365337 13.63 105.528392  72.761849  2.741
 33     0.229 53376.54365402 14.36 105.522593  72.764726  2.366
 33     0.221 53376.54365466 14.06 105.516783  72.767596  2.366
 33     0.399 53376.54365531 13.99 105.510973  72.770466  2.366
 33     0.412 53376.54365595 14.46 105.505163  72.773336  2.366
 33     0.432 53376.54365660 14.96 105.499343  72.776206  2.366
 33     0.443 53376.54365724 14.83 105.493533  72.779076  2.366
 33     0.393 53376.54365789 14.22 105.487713  72.781946  2.366
 33     0.357 53376.54365853 13.72 105.481893  72.784816  2.366
 33     0.228 53376.54365918 13.52 105.476073  72.787686  2.366
 34     0.968 53411.54369397 10.77 105.534418  72.747246  2.834
 34     0.263 53411.54369461 11.63 105.528618  72.750116  2.834
 34     0.317 53411.54369526 11.58 105.522818  72.752986  2.834
 34     0.235 53411.54369590 12.25 105.517008  72.755856  2.834
 34     0.331 53411.54369655 11.98 105.511208  72.758726  2.834
 34     0.318 53411.54369719 12.48 105.505398  72.761596  2.834
 34     0.476 53411.54369784 12.72 105.499588  72.764466  2.834
 34     0.387 53411.54369848 13.00 105.493778  72.767336  2.834
 34     0.368 53411.54369913 12.85 105.487958  72.770206  2.834
 34     0.313 53411.54369977 12.61 105.482149  72.773081  1.796
 34     0.262 53411.54370042 12.54 105.476329  72.775941  1.796
 34     0.370 53411.54370106 12.31 105.470509  72.778811  1.796
 34     0.266 53411.54370171 12.00 105.464689  72.781681  1.796
 34     0.047 53411.54370235 11.84 105.458869  72.784551  1.796
 34     0.072 53411.54370300 11.72 105.453039  72.787421  1.796
 35    15.201 53446.54367709  9.69 105.507561  72.744781  2.647
 35     0.327 53446.54367773 10.36 105.501751  72.747651  2.647
 35     0.251 53446.54367838 10.42 105.495951  72.750521  2.647
 35     0.150 53446.54367902 10.77 105.490141  72.753391  2.647
 35     0.248 53446.54367967 11.10 105.484331  72.756261  2.647
 35     0.313 53446.54368031 11.73 105.478521  72.759131  2.647
 35     0.383 53446.54368096 11.96 105.472711  72.762001  2.647
 35     0.536 53446.54368160 11.58 105.466889  72.764868  2.011
 35     0.382 53446.54368224 11.93 105.461079  72.767738  2.011
 35     0.498 53446.54368289 11.73 105.455259  72.770608  2.011
 35     0.606 53446.54368353 11.31 105.449439  72.773478  2.011
 35     0.524 53446.54368418 11.42 105.443609  72.776338  2.011
 35     0.466 53446.54368482 11.42 105.437789  72.779208  2.011
 35     0.443 53446.54368547 11.21 105.431959  72.782078  2.011
 35     0.118 53446.54368611 11.10 105.426139  72.784948  2.011
 36    14.038 53481.54376200  8.77 105.521560  72.743949  2.586
 36    15.041 53481.54376264  8.95 105.515760  72.746819  2.586
 36     0.228 53481.54376329  9.37 105.509960  72.749689  2.586
 36     0.182 53481.54376393 10.02 105.504160  72.752559  2.586
 36     0.229 53481.54376458 10.14 105.498350  72.755429  2.586
 36     0.371 53481.54376522 10.20 105.492540  72.758299  2.586
 36     0.317 53481.54376587 10.59 105.486730  72.761169  2.586
 36     0.420 53481.54376651 10.22 105.480923  72.764039  2.025
 36     0.464 53481.54376716 11.05 105.475103  72.766909  2.025
 36     0.357 53481.54376780 10.79 105.469293  72.769779  2.025
 36     0.034 53481.54376845 11.05 105.463473  72.772649  2.025
 36     0.253 53481.54376909 10.69 105.457653  72.775519  2.025
 36     0.324 53481.54376974 10.10 105.451833  72.778389  2.025
 36    -0.111 53481.54377038 10.99 105.446013  72.781259  2.025
 36     0.185 53481.54377103 10.34 105.440193  72.784129  2.025
 37    20.853 53516.54376575  6.41 105.533109  72.749015  2.277
 37    17.174 53516.54376639  7.56 105.527309  72.751885  2.277
 37    16.222 53516.54376704  7.74 105.521499  72.754755  2.277
 37    13.348 53516.54376768  7.98 105.515699  72.757625  2.277
 37    10.828 53516.54376832  8.23 105.509889  72.760495  2.277
 37     0.588 53516.54376897  8.67 105.504079  72.763365  2.277
 37     0.740 53516.54376961  9.06 105.498269  72.766245  2.277
 37     0.864 53516.54377026  8.74 105.492464  72.769110  1.830
 37     0.551 53516.54377090  9.22 105.486644  72.771980  1.830
 37     0.630 53516.54377155  8.79 105.480834  72.774850  1.830
 37     0.804 53516.54377219  8.94 105.475014  72.777720  1.830
 37     1.551 53516.54377284  8.34 105.469194  72.780590  1.830
 37     1.526 53516.54377348  8.49 105.463374  72.783460  1.830
 37     2.889 53516.54377413  8.54 105.457554  72.786330  1.830
 38     0.820 53551.54378609 24.44 105.528648  72.748645 12.154
 38     2.604 53551.54378673 17.38 105.522848  72.751515 12.154
 38     1.471 53551.54378738 17.38 105.517048  72.754385 12.154
 38     0.792 53551.54378802 18.07 105.511238  72.757255 12.154
 38     0.339 53551.54378867 18.87 105.505438  72.760135 12.154
 38     0.151 53551.54378931 20.83 105.499628  72.762995 12.154
 38     0.255 53551.54378996 20.84 105.493818  72.765875 12.154
 38     0.420 53551.54379060 21.28 105.488004  72.768741 26.100
 38     0.621 53551.54379125 22.00 105.482194  72.771611 26.100
 38     1.087 53551.54379189 23.63 105.476374  72.774481 26.100
 38     0.902 53551.54379254 37.60 105.470554  72.777351 26.100
 38     1.833 53551.54379318 26.95 105.464744  72.780221 26.100
 38     2.555 53551.54379382 28.02 105.458924  72.783091 26.100
 38     1.140 53551.54379447 34.81 105.453094  72.785961 26.100
 39     1.767 53586.54374189 19.47 105.538684  72.751081 14.751
 39     0.058 53586.54374254 21.30 105.532884  72.753951 14.751
 39    -0.651 53586.54374318 25.60 105.527084  72.756821 14.751
 39    -0.475 53586.54374383 27.08 105.521274  72.759691 14.751
 39    -0.226 53586.54374447 29.63 105.515474  72.762561 14.751
 39     0.150 53586.54374512 30.69 105.509664  72.765431 14.751
 39     0.321 53586.54374576 33.05 105.503854  72.768301 14.751
 39     0.117 53586.54374640 33.66 105.498034  72.771171 14.751
 39     0.292 53586.54374705 28.75 105.492224  72.774041 14.751
 39     0.166 53586.54374769 27.38 105.486409  72.776910 24.791
 39    -0.326 53586.54374834 26.37 105.480589  72.779780 24.791
 39    -0.402 53586.54374898 27.57 105.474769  72.782650 24.791
 39     0.343 53586.54374963 26.47 105.468949  72.785520 24.791
 39     0.269 53586.54375027 32.63 105.463129  72.788390 24.791
 39     0.310 53586.54375092 29.90 105.457299  72.791260 24.791
 40    17.232 53621.54370452 18.73 105.510108  72.742407 17.264
 40     0.544 53621.54370517 21.40 105.504304  72.745278 15.602
 40    -0.021 53621.54370581 21.35 105.498504  72.748148 15.602
 40    -0.105 53621.54370646 21.50 105.492694  72.751018 15.602
 40     0.207 53621.54370710 24.04 105.486884  72.753888 15.602
 40     0.889 53621.54370775 31.08 105.481074  72.756758 15.602
 40     0.915 53621.54370839 33.59 105.475264  72.759628 15.602
 40     0.527 53621.54370904 33.95 105.469454  72.762498 15.602
 40     0.513 53621.54370968 32.49 105.463634  72.765368 15.602
 40     0.338 53621.54371033 24.20 105.457824  72.768238 15.602
 40    -0.100 53621.54371097 26.78 105.452004  72.771108 15.602
 40    -0.621 53621.54371161 20.78 105.446184  72.773978 15.602
 40    -1.211 53621.54371226 20.64 105.440364  72.776838 15.602
 40     0.378 53621.54371290 19.77 105.434534  72.779708 15.602
 40     0.511 53621.54371355 18.72 105.428714  72.782578 15.602
 41     0.301 53656.54373324 22.59 105.519770  72.747111  4.442
 41     0.328 53656.54373388 23.93 105.513970  72.749981  4.442
 41     0.481 53656.54373453 24.66 105.508170  72.752851  4.442
 41     0.571 53656.54373517 24.96 105.502360  72.755721  4.442
 41     0.522 53656.54373582 26.23 105.496550  72.758591  4.442
 41     0.440 53656.54373646 26.05 105.490740  72.761461  4.442
 41     0.438 53656.54373711 26.50 105.484930  72.764331  4.442
 41     0.323 53656.54373775 27.26 105.479121  72.767197  6.566
 41     0.725 53656.54373840 27.45 105.473301  72.770067  6.566
 41     1.127 53656.54373904 33.15 105.467481  72.772937  6.566
 41     0.855 53656.54373969 38.56 105.461671  72.775807  6.566
 41     0.552 53656.54374033 37.41 105.455841  72.778677  6.566
 41     0.571 53656.54374097 29.83 105.450021  72.781547  6.566
 41     0.464 53656.54374162 27.81 105.444201  72.784417  6.566
 42     0.033 53691.54372087 17.66 105.534456  72.749367  3.530
 42     0.147 53691.54372152 17.69 105.528656  72.752237  3.530
 42     0.057 53691.54372216 18.87 105.522856  72.755107  3.530
 42     0.302 53691.54372280 18.56 105.517046  72.757977  3.530
 42     0.057 53691.54372345 18.95 105.511246  72.760847  3.530
 42     0.113 53691.54372409 19.60 105.505436  72.763717  3.530
 42     0.073 53691.54372474 20.83 105.499626  72.766587  3.530
 42    -0.093 53691.54372538 20.90 105.493816  72.769457  3.530
 42     0.134 53691.54372603 21.52 105.488006  72.772327  3.530
 42     0.337 53691.54372667 22.42 105.482185  72.775195  3.264
 42     0.677 53691.54372732 23.15 105.476375  72.778065  3.264
 42     0.157 53691.54372796 23.31 105.470555  72.780935  3.264
 42     0.305 53691.54372861 21.82 105.464735  72.783805  3.264
 42     0.190 53691.54372925 19.67 105.458905  72.786675  3.264
 42    -0.007 53691.54372990 19.50 105.453085  72.789545  3.264
 43     0.052 53726.54364493 14.62 105.548515  72.753715  3.113
 43     2.990 53726.54364557 14.47 105.542715  72.756585  3.113
 43     0.147 53726.54364622 15.43 105.536915  72.759455  3.113
 43     0.138 53726.54364686 16.23 105.531115  72.762325  3.113
 43     0.219 53726.54364751 16.69 105.525305  72.765195  3.113
 43     0.163 53726.54364815 17.31 105.519495  72.768065  3.113
 43     0.218 53726.54364880 18.11 105.513685  72.770935  3.113
 43     0.234 53726.54364944 18.23 105.507875  72.773805  3.113
 43     0.288 53726.54365008 18.85 105.502065  72.776685  3.113
 43     0.341 53726.54365073 19.03 105.496252  72.779549  2.951
 43     0.486 53726.54365137 18.70 105.490432  72.782419  2.951
 43     0.247 53726.54365202 18.44 105.484612  72.785289  2.951
 43     0.379 53726.54365266 17.73 105.478792  72.788159  2.951
 44    16.887 53761.54359572 11.62 105.522566  72.747113  3.013
 44     0.305 53761.54359636 12.08 105.516766  72.749983  3.013
 44     0.269 53761.54359701 13.03 105.510956  72.752853  3.013
 44     0.170 53761.54359765 13.03 105.505146  72.755723  3.013
 44     0.299 53761.54359830 13.49 105.499346  72.758593  3.013
 44     0.111 53761.54359894 14.04 105.493526  72.761463  3.013
 44     0.233 53761.54359959 14.15 105.487716  72.764333  3.013
 44     0.120 53761.54360023 14.33 105.481905  72.767205  2.370
 44     0.240 53761.54360088 14.59 105.476085  72.770075  2.370
 44     0.508 53761.54360152 14.67 105.470265  72.772935  2.370
 44     0.590 53761.54360217 14.77 105.464445  72.775805  2.370
 44     0.471 53761.54360281 14.34 105.458625  72.778675  2.370
 44     0.316 53761.54360346 14.19 105.452805  72.781545  2.370
 44     0.491 53761.54360410 13.83 105.446975  72.784415  2.370
 45     1.530 53796.54360978 11.57 105.542750  72.751761  2.934
 45     0.178 53796.54361042 11.54 105.536940  72.754631  2.934
 45     3.132 53796.54361107 12.26 105.531140  72.757501  2.934
 45     0.244 53796.54361171 13.03 105.525340  72.760371  2.934
 45     0.406 53796.54361236 13.14 105.519530  72.763241  2.934
 45     0.321 53796.54361300 13.25 105.513720  72.766111  2.934
 45     0.205 53796.54361365 14.00 105.507910  72.768981  2.934
 45     0.034 53796.54361429 14.40 105.502100  72.771851  2.934
 45     0.393 53796.54361494 13.94 105.496290  72.774724  2.249
 45     0.299 53796.54361558 14.12 105.490470  72.777594  2.249
 45     0.496 53796.54361623 13.68 105.484660  72.780464  2.249
 45     0.495 53796.54361687 13.48 105.478840  72.783334  2.249
 45     0.135 53796.54361752 14.18 105.473020  72.786204  2.249
 47    17.919 53866.54366732  9.92 105.520805  72.746534  2.764
 47    10.941 53866.54366796 10.37 105.515005  72.749414  2.764
 47     0.324 53866.54366861 10.95 105.509195  72.752284  2.764
 47     0.351 53866.54366925 11.15 105.503395  72.755154  2.764
 47     0.284 53866.54366990 11.04 105.497585  72.758024  2.764
 47     0.410 53866.54367054 12.01 105.491775  72.760894  2.764
 47     0.222 53866.54367118 12.20 105.485965  72.763764  2.764
 47     0.284 53866.54367183 12.35 105.480155  72.766634  2.764
 47     0.177 53866.54367247 12.12 105.474335  72.769504  2.764
 47     0.316 53866.54367312 12.15 105.468525  72.772374  2.764
 47     0.367 53866.54367376 11.93 105.462705  72.775234  2.764
 47     0.416 53866.54367441 11.37 105.456879  72.778109  1.793
 47     0.498 53866.54367505 11.39 105.451059  72.780979  1.793
 47     0.269 53866.54367570 11.30 105.445239  72.783849  1.793
 48     2.122 53901.54369615 46.78 105.530894  72.746869 19.201
 48     1.399 53901.54369680 39.25 105.525094  72.749739 19.201
 48     2.079 53901.54369744 28.47 105.519294  72.752609 19.201
 48     2.088 53901.54369809 33.59 105.513484  72.755479 19.201
 48     2.133 53901.54369873 30.50 105.507679  72.758351 25.767
 48     2.138 53901.54369938 23.94 105.501869  72.761221 25.767
 48     2.343 53901.54370002 28.26 105.496059  72.764091 25.767
 48     2.362 53901.54370067 28.30 105.490249  72.766961 25.767
 48     2.496 53901.54370131 43.50 105.484439  72.769831 25.767
 48     1.456 53901.54370196 48.16 105.478619  72.772701 25.767
 48     1.767 53901.54370260 25.96 105.472799  72.775571 25.767
 48     2.136 53901.54370325 24.65 105.466989  72.778441 25.767
 48     3.350 53901.54370389 23.52 105.461159  72.781311 25.767
 48     3.941 53901.54370454 28.19 105.455339  72.784181 25.767
 48     3.954 53901.54370518 36.17 105.449519  72.787051 25.767
 49     4.658 53936.54373565 15.89 105.523000  72.746547 12.915
 49     3.751 53936.54373630 13.40 105.517200  72.749427 12.915
 49     1.713 53936.54373694 14.13 105.511400  72.752297 12.915
 49     0.624 53936.54373759 14.94 105.505590  72.755167 12.915
 49     0.527 53936.54373823 16.98 105.499790  72.758037 12.915
 49     0.890 53936.54373888 18.53 105.493980  72.760907 12.915
 49     0.896 53936.54373952 25.26 105.488170  72.763777 12.915
 49     0.800 53936.54374016 34.79 105.482360  72.766647 12.915
 49     0.670 53936.54374081 35.94 105.476550  72.769517 12.915
 49     0.430 53936.54374145 24.49 105.470730  72.772387 12.915
 49     0.121 53936.54374210 15.50 105.464910  72.775257 12.915
 49     0.222 53936.54374274 13.49 105.459097  72.778129 26.528
 49     0.371 53936.54374339 12.43 105.453277  72.780999 26.528
 49     0.740 53936.54374403 12.76 105.447447  72.783859 26.528
 50     4.503 53971.54370130 23.77 105.539760  72.747767 16.860
 50     1.538 53971.54370195 20.38 105.533960  72.750637 16.860
 50    -0.331 53971.54370259 24.15 105.528160  72.753507 16.860
 50    -0.436 53971.54370324 24.53 105.522360  72.756387 16.860
 50    -0.016 53971.54370388 26.71 105.516550  72.759257 16.860
 50     0.219 53971.54370453 29.05 105.510750  72.762127 16.860
 50     0.334 53971.54370517 31.22 105.504940  72.764997 16.860
 50     0.424 53971.54370582 31.56 105.499130  72.767867 16.860
 50     0.200 53971.54370646 32.66 105.493320  72.770737 16.860
 50     0.341 53971.54370711 29.04 105.487510  72.773607 16.860
 50    -0.122 53971.54370775 27.98 105.481690  72.776477 16.860
 50    -0.565 53971.54370839 28.44 105.475870  72.779347 16.860
 50    -0.299 53971.54370904 26.34 105.470050  72.782217 16.860
 50     0.163 53971.54370968 32.90 105.464236  72.785088 22.990
 50     0.369 53971.54371033 38.44 105.458406  72.787958 22.990
 51     0.322 54006.54368387 31.98 105.515146  72.745593 15.121
 51     0.406 54006.54368452 22.73 105.509336  72.748463 15.121
 51     0.384 54006.54368516 22.15 105.503536  72.751333 15.121
 51     0.638 54006.54368581 23.17 105.497726  72.754203 15.121
 51     0.583 54006.54368645 23.00 105.491916  72.757073 15.121
 51     1.035 54006.54368710 29.57 105.486106  72.759943 15.121
 51     1.122 54006.54368774 39.03 105.480296  72.762813 15.121
 51     1.019 54006.54368839 46.08 105.474476  72.765683 15.121
 51     0.765 54006.54368903 51.42 105.468666  72.768543 15.121
 51     0.868 54006.54368967 50.20 105.462846  72.771413 15.121
 51     0.861 54006.54369032 50.15 105.457025  72.774286 36.654
 51     0.870 54006.54369096 50.02 105.451205  72.777156 36.654
 51     0.923 54006.54369161 49.64 105.445375  72.780026 36.654
 51     0.915 54006.54369225 50.38 105.439555  72.782896 36.654
 52     0.158 54041.54371093 19.29 105.524925  72.747813  4.549
 52     0.294 54041.54371157 20.02 105.519115  72.750683  4.549
 52     0.253 54041.54371222 20.83 105.513315  72.753563  4.549
 52     0.352 54041.54371286 21.40 105.507505  72.756433  4.549
 52     0.280 54041.54371351 22.56 105.501695  72.759303  4.549
 52     0.040 54041.54371415 22.98 105.495885  72.762173  4.549
 52     0.068 54041.54371480 24.17 105.490075  72.765043  4.549
 52     0.383 54041.54371544 24.56 105.484265  72.767913  4.549
 52     0.408 54041.54371609 23.97 105.478445  72.770783  4.549
 52     0.394 54041.54371673 24.66 105.472625  72.773643  4.549
 52     0.255 54041.54371738 25.03 105.466805  72.776513  4.549
 52     0.268 54041.54371802 24.52 105.460985  72.779383  4.549
 52     0.287 54041.54371867 24.11 105.455168  72.782254  2.912
 52     0.451 54041.54371931 21.31 105.449338  72.785124  2.912
 53     3.393 54076.54370476 12.96 105.541198  72.748153  3.203
 53    -0.049 54076.54370540 13.53 105.535398  72.751023  3.203
 53     0.110 54076.54370605 13.82 105.529598  72.753893  3.203
 53     0.101 54076.54370669 14.05 105.523798  72.756773  3.203
 53     0.035 54076.54370734 14.81 105.517988  72.759643  3.203
 53     0.103 54076.54370798 15.11 105.512188  72.762513  3.203
 53    -0.060 54076.54370863 15.71 105.506378  72.765383  3.203
 53     0.164 54076.54370927 15.48 105.500568  72.768253  3.203
 53    -0.219 54076.54370992 16.45 105.494758  72.771123  3.203
 53     0.049 54076.54371056 15.65 105.488938  72.773993  3.203
 53    -0.049 54076.54371121 15.54 105.483128  72.776863  3.203
 53     0.257 54076.54371185 14.89 105.477308  72.779733  3.203
 53     0.513 54076.54371250 14.59 105.471488  72.782603  3.203
 53     0.373 54076.54371314 14.68 105.465665  72.785471  1.876
 53     0.196 54076.54371379 14.41 105.459845  72.788341  1.876
 54     3.117 54111.54364669 12.30 105.546712  72.754009  2.830
 54     2.519 54111.54364733 12.66 105.540912  72.756879  2.830
 54     0.203 54111.54364798 13.06 105.535112  72.759759  2.830
 54     0.202 54111.54364862 12.96 105.529302  72.762629  2.830
 54     0.243 54111.54364926 13.68 105.523502  72.765499  2.830
 54     0.102 54111.54364991 13.91 105.517692  72.768369  2.830
 54     0.053 54111.54365055 14.10 105.511882  72.771239  2.830
 54     0.029 54111.54365120 14.59 105.506072  72.774109  2.830
 54     0.218 54111.54365184 14.28 105.500262  72.776979  2.830
 54     0.038 54111.54365249 13.83 105.494442  72.779849  2.830
 54    -0.021 54111.54365313 13.67 105.488632  72.782719  2.830
 54     0.219 54111.54365378 13.56 105.482812  72.785589  2.830
 54     0.348 54111.54365442 13.26 105.476992  72.788465  1.703
 55    11.708 54146.54364646  9.45 105.523461  72.746756  2.652
 55     0.066 54146.54364710 10.06 105.517661  72.749636  2.652
 55     0.079 54146.54364775 10.39 105.511851  72.752506  2.652
 55     0.070 54146.54364839 10.91 105.506051  72.755376  2.652
 55     0.072 54146.54364904 10.87 105.500241  72.758246  2.652
 55     0.134 54146.54364968 11.43 105.494431  72.761116  2.652
 55     0.132 54146.54365033 11.70 105.488621  72.763986  2.652
 55     0.051 54146.54365097 12.25 105.482811  72.766856  2.652
 55    -0.064 54146.54365162 12.09 105.476991  72.769726  2.652
 55    -0.151 54146.54365226 12.04 105.471181  72.772596  2.652
 55    -0.086 54146.54365291 11.84 105.465361  72.775466  2.652
 55    -0.032 54146.54365355 11.82 105.459536  72.778332  1.873
 55     0.232 54146.54365420 11.31 105.453716  72.781202  1.873
 55     0.097 54146.54365484 11.62 105.447896  72.784072  1.873
 56     0.182 54181.54363355  9.64 105.544962  72.752668  2.779
 56     2.131 54181.54363420 10.16 105.539162  72.755548  2.779
 56     0.110 54181.54363484 10.05 105.533362  72.758418  2.779
 56     0.194 54181.54363549 10.25 105.527562  72.761288  2.779
 56     0.201 54181.54363613 10.59 105.521752  72.764158  2.779
 56     0.137 54181.54363678 10.76 105.515942  72.767028  2.779
 56     0.115 54181.54363742 11.17 105.510132  72.769898  2.779
 56     0.114 54181.54363807 11.00 105.504322  72.772768  2.779
 56     0.057 54181.54363871 11.34 105.498512  72.775638  2.779
 56    -0.041 54181.54363935 11.31 105.492692  72.778508  2.779
 56     0.073 54181.54364000 11.17 105.486882  72.781378  2.779
 56     0.233 54181.54364064 10.81 105.481062  72.784245  1.730
 56     0.162 54181.54364129 10.57 105.475242  72.787115  1.730
 57    22.419 54216.54365486  8.85 105.522281  72.746990  2.410
 57    18.655 54216.54365550  9.52 105.516481  72.749860  2.410
 57    14.961 54216.54365614 10.14 105.510671  72.752730  2.410
 57    12.982 54216.54365679 10.77 105.504871  72.755600  2.410
 57     0.546 54216.54365743 11.63 105.499061  72.758470  2.410
 57     0.637 54216.54365808 11.90 105.493251  72.761340  2.410
 57     0.384 54216.54365872 13.16 105.487441  72.764210  2.410
 57     0.480 54216.54365937 13.01 105.481631  72.767080  2.410
 57     0.375 54216.54366001 12.96 105.475811  72.769950  2.410
 57     0.361 54216.54366066 12.73 105.469991  72.772820  2.410
 57     0.795 54216.54366130 12.77 105.464181  72.775688  1.849
 57     2.452 54216.54366195 12.74 105.458351  72.778558  1.849
 57     2.565 54216.54366259 12.58 105.452531  72.781428  1.849
 57     3.153 54216.54366324 12.76 105.446711  72.784298  1.849
 58    19.813 54251.54368098 13.65 105.529592  72.746824  2.676
 58    17.650 54251.54368163 14.23 105.523792  72.749704  2.676
 58    16.176 54251.54368227 14.86 105.517992  72.752574  2.676
 58    10.431 54251.54368292 15.17 105.512182  72.755444  2.676
 58     0.673 54251.54368356 15.91 105.506382  72.758314  2.676
 58     0.703 54251.54368420 16.51 105.500572  72.761184  2.676
 58     0.643 54251.54368485 16.73 105.494762  72.764054  2.676
 58     0.860 54251.54368549 16.69 105.488942  72.766924  2.676
 58     0.675 54251.54368614 17.02 105.483132  72.769794  2.676
 58     0.815 54251.54368678 16.72 105.477322  72.772664  2.676
 58     0.977 54251.54368743 16.57 105.471502  72.775534  2.676
 58     0.843 54251.54368807 16.06 105.465677  72.778405  1.807
 58     1.203 54251.54368872 15.92 105.459857  72.781275  1.807
 58     1.068 54251.54368936 15.97 105.454037  72.784145  1.807
 58     0.813 54251.54369001 15.57 105.448217  72.787005  1.807
 59     4.427 54286.54368688 21.60 105.534568  72.749570 11.646
 59     8.181 54286.54368752 17.50 105.528768  72.752450 11.646
 59     6.442 54286.54368817 15.42 105.522968  72.755320 11.646
 59     4.722 54286.54368881 14.15 105.517158  72.758190 11.646
 59     2.111 54286.54368946 15.60 105.511348  72.761060 11.646
 59     0.742 54286.54369010 14.16 105.505538  72.763930 11.646
 59     0.589 54286.54369075 15.23 105.499728  72.766800 11.646
 59     0.507 54286.54369139 15.42 105.493918  72.769670 11.646
 59     0.663 54286.54369204 14.36 105.488108  72.772540 11.646
 59     0.874 54286.54369268 14.80 105.482288  72.775410 11.646
 59     1.948 54286.54369333 14.87 105.476478  72.778280 11.646
 59     2.738 54286.54369397 16.09 105.470648  72.781151 24.807
 59     3.304 54286.54369462 19.11 105.464828  72.784021 24.807
 59     3.866 54286.54369526 23.60 105.459008  72.786891 24.807
 59     4.090 54286.54369590 30.57 105.453188  72.789751 24.807
 60     5.051 54321.54368378 19.74 105.533746  72.748542 10.053
 60     4.384 54321.54368442 16.24 105.527946  72.751422 10.053
 60    14.786 54321.54368507 13.74 105.522146  72.754292 10.053
 60    13.510 54321.54368571 12.72 105.516336  72.757162 10.053
 60     1.587 54321.54368635 13.53 105.510526  72.760032 10.053
 60     1.070 54321.54368700 13.47 105.504726  72.762902 10.053
 60     1.024 54321.54368764 13.13 105.498906  72.765772 10.053
 60     0.691 54321.54368829 14.34 105.493096  72.768642 10.053
 60     0.734 54321.54368893 13.92 105.487286  72.771512 10.053
 60     1.094 54321.54368958 13.09 105.481466  72.774382 10.053
 60     1.412 54321.54369022 13.67 105.475656  72.777252 10.053
 60     2.501 54321.54369087 13.54 105.469830  72.780122 23.913
 60     3.576 54321.54369151 13.51 105.464010  72.782992 23.913
 60     3.852 54321.54369216 17.45 105.458190  72.785862 23.913
 60     4.197 54321.54369280 27.87 105.452370  72.788722 23.913
 61     4.429 54356.54364398 20.53 105.547916  72.751195 10.309
 61     8.209 54356.54364462 16.01 105.542116  72.754065 10.309
 61     3.230 54356.54364527 17.23 105.536316  72.756945 10.309
 61     0.822 54356.54364591 17.09 105.530516  72.759815 10.309
 61     0.164 54356.54364655 18.47 105.524706  72.762685 10.309
 61     0.264 54356.54364720 17.91 105.518906  72.765555 10.309
 61     0.127 54356.54364784 18.81 105.513096  72.768425 10.309
 61     0.114 54356.54364849 19.22 105.507286  72.771295 10.309
 61     0.336 54356.54364913 20.02 105.501466  72.774165 10.309
 61     0.394 54356.54364978 21.21 105.495656  72.777035 10.309
 61     0.467 54356.54365042 21.65 105.489836  72.779905 10.309
 61     0.526 54356.54365107 23.07 105.484026  72.782775 10.309
 61     0.550 54356.54365171 23.62 105.478199  72.785642 22.762
 61     0.882 54356.54365236 29.41 105.472379  72.788512 22.762
 62     0.550 54391.54362439 22.64 105.530854  72.748185  5.045
 62     0.482 54391.54362503 25.14 105.525054  72.751055  5.045
 62     0.401 54391.54362568 26.42 105.519244  72.753925  5.045
 62     0.436 54391.54362632 26.35 105.513444  72.756805  5.045
 62     0.381 54391.54362697 25.33 105.507634  72.759675  5.045
 62     0.481 54391.54362761 23.92 105.501824  72.762545  5.045
 62     0.500 54391.54362825 23.09 105.496014  72.765415  5.045
 62     0.302 54391.54362890 23.56 105.490204  72.768285  5.045
 62     0.309 54391.54362954 23.29 105.484394  72.771155  5.045
 62     0.794 54391.54363019 23.12 105.478574  72.774025  5.045
 62     0.888 54391.54363083 24.45 105.472754  72.776895  5.045
 62     0.664 54391.54363148 27.68 105.466934  72.779755  5.045
 62     0.653 54391.54363212 27.20 105.461114  72.782625  5.045
 62     0.638 54391.54363277 24.61 105.455291  72.785498  4.014
 63    18.247 54426.54359382 12.95 105.540182  72.748942  2.819
 63     0.296 54426.54359447 13.57 105.534382  72.751812  2.819
 63     0.229 54426.54359511 13.50 105.528582  72.754682  2.819
 63     0.324 54426.54359576 14.30 105.522772  72.757552  2.819
 63     0.140 54426.54359640 14.59 105.516972  72.760432  2.819
 63     0.028 54426.54359705 14.72 105.511162  72.763302  2.819
 63    -0.126 54426.54359769 14.93 105.505352  72.766172  2.819
 63     0.022 54426.54359834 14.66 105.499542  72.769042  2.819
 63    -0.200 54426.54359898 14.80 105.493732  72.771912  2.819
 63     0.166 54426.54359962 13.83 105.487912  72.774782  2.819
 63     0.122 54426.54360027 14.19 105.482102  72.777652  2.819
 63     0.267 54426.54360091 13.96 105.476282  72.780522  2.819
 63     0.195 54426.54360156 13.83 105.470462  72.783392  2.819
 63     0.071 54426.54360220 13.95 105.464642  72.786262  2.819
 63    -0.448 54426.54360285 13.64 105.458811  72.789127  1.730
 64    17.674 54461.54360125 10.94 105.526280  72.745840  2.740
 64    16.816 54461.54360190 11.54 105.520480  72.748710  2.740
 64    14.998 54461.54360254 11.57 105.514670  72.751580  2.740
 64     0.284 54461.54360319 12.27 105.508870  72.754460  2.740
 64     0.319 54461.54360383 12.04 105.503060  72.757330  2.740
 64     0.131 54461.54360448 12.93 105.497250  72.760200  2.740
 64     0.296 54461.54360512 13.18 105.491440  72.763070  2.740
 64    -0.022 54461.54360577 13.64 105.485630  72.765940  2.740
 64     0.083 54461.54360641 13.57 105.479810  72.768810  2.740
 64     0.312 54461.54360706 13.18 105.474000  72.771680  2.740
 64     0.205 54461.54360770 12.97 105.468180  72.774550  2.740
 64     0.376 54461.54360834 12.58 105.462360  72.777410  2.740
 64     0.301 54461.54360899 12.35 105.456540  72.780280  2.740
 64     0.210 54461.54360963 12.38 105.450714  72.783150  1.730
 64    -0.058 54461.54361028 12.30 105.444894  72.786020  1.730
 65    17.779 54496.54360138 10.13 105.537538  72.750885  2.636
 65     3.440 54496.54360203 10.71 105.531738  72.753755  2.636
 65     0.585 54496.54360267 10.89 105.525938  72.756625  2.636
 65     0.580 54496.54360332 11.05 105.520128  72.759495  2.636
 65     0.454 54496.54360396 11.48 105.514328  72.762365  2.636
 65     0.356 54496.54360461 11.72 105.508518  72.765235  2.636
 65     0.322 54496.54360525 11.53 105.502708  72.768105  2.636
 65     0.296 54496.54360590 11.84 105.496898  72.770975  2.636
 65     0.484 54496.54360654 11.74 105.491078  72.773845  2.636
 65     0.535 54496.54360718 11.54 105.485266  72.776713  1.649
 65     0.625 54496.54360783 11.77 105.479446  72.779583  1.649
 65     0.795 54496.54360847 11.44 105.473626  72.782453  1.649
 65     0.690 54496.54360912 11.36 105.467806  72.785323  1.649
 65     0.339 54496.54360976 11.26 105.461986  72.788193  1.649
 66    17.736 54531.54361464  7.51 105.527689  72.747915  2.409
 66    17.296 54531.54361528  7.74 105.521889  72.750795  2.409
 66    10.788 54531.54361593  8.47 105.516079  72.753665  2.409
 66     8.518 54531.54361657  8.76 105.510279  72.756535  2.409
 66     0.250 54531.54361721  8.97 105.504468  72.759402  2.020
 66     0.436 54531.54361786  9.32 105.498658  72.762272  2.020
 66     0.299 54531.54361850  9.85 105.492848  72.765142  2.020
 66     0.172 54531.54361915 10.38 105.487038  72.768012  2.020
 66     0.155 54531.54361979  9.60 105.481218  72.770882  2.020
 66     0.119 54531.54362044  9.53 105.475408  72.773752  2.020
 66     0.061 54531.54362108  9.73 105.469588  72.776622  2.020
 66     0.253 54531.54362173  9.33 105.463768  72.779492  2.020
 66     0.524 54531.54362237  9.01 105.457948  72.782362  2.020
 66     0.534 54531.54362302  9.03 105.452118  72.785232  2.020
 67    19.247 54566.54360671  6.85 105.547632  72.751160  2.478
 67     8.506 54566.54360735  7.82 105.541832  72.754030  2.478
 67    13.626 54566.54360799  7.35 105.536022  72.756910  2.478
 67     1.314 54566.54360864  8.01 105.530222  72.759780  2.478
 67     8.815 54566.54360928  8.23 105.524422  72.762650  2.478
 67     0.700 54566.54360993  8.19 105.518612  72.765520  2.478
 67     0.328 54566.54361057  8.72 105.512802  72.768390  2.478
 67     0.346 54566.54361122  8.77 105.506997  72.771262  1.729
 67    -0.030 54566.54361186  9.08 105.501187  72.774132  1.729
 67     0.215 54566.54361251  8.85 105.495367  72.777002  1.729
 67     0.313 54566.54361315  8.77 105.489547  72.779872  1.729
 67     0.352 54566.54361380  8.78 105.483737  72.782742  1.729
 67     0.440 54566.54361444  8.60 105.477917  72.785612  1.729
 67     0.342 54566.54361509  8.64 105.472097  72.788482  1.729
 68    21.413 54601.54360982  4.03 105.530877  72.746709  3.123
 68    18.224 54601.54361046  5.16 105.525067  72.749579  3.123
 68    17.203 54601.54361111  5.64 105.519267  72.752459  3.123
 68    13.816 54601.54361175  5.64 105.513467  72.755329  3.123
 68    12.834 54601.54361240  5.31 105.507657  72.758199  3.123
 68    10.553 54601.54361304  5.68 105.501851  72.761069  2.080
 68     4.874 54601.54361369  6.32 105.496041  72.763939  2.080
 68     0.670 54601.54361433  7.06 105.490231  72.766809  2.080
 68     0.518 54601.54361498  6.76 105.484411  72.769679  2.080
 68     0.331 54601.54361562  6.54 105.478601  72.772549  2.080
 68     0.399 54601.54361627  6.42 105.472781  72.775419  2.080
 68     1.156 54601.54361691  6.43 105.466961  72.778289  2.080
 68     2.145 54601.54361755  6.19 105.461141  72.781159  2.080
 68     3.292 54601.54361820  5.91 105.455321  72.784029  2.080
 68     3.581 54601.54361884  5.79 105.449491  72.786899  2.080
 69     2.652 54636.54362168 50.58 105.531741  72.748341 12.490
 69     2.725 54636.54362233 49.19 105.525941  72.751211 12.490
 69     2.828 54636.54362297 46.32 105.520131  72.754091 12.490
 69     3.011 54636.54362362 42.47 105.514331  72.756961 12.490
 69     2.662 54636.54362426 39.86 105.508521  72.759831 12.490
 69     2.770 54636.54362491 36.65 105.502715  72.762700 15.775
 69     2.557 54636.54362555 36.56 105.496905  72.765570 15.775
 69     2.382 54636.54362620 37.56 105.491095  72.768440 15.775
 69     2.380 54636.54362684 37.99 105.485275  72.771310 15.775
 69     2.574 54636.54362749 37.15 105.479465  72.774180 15.775
 69     2.575 54636.54362813 37.83 105.473645  72.777050 15.775
 69     2.728 54636.54362877 37.06 105.467825  72.779920 15.775
 69     2.805 54636.54362942 37.13 105.462005  72.782790 15.775
 69     3.663 54636.54363006 36.11 105.456185  72.785660 15.775
 69     4.228 54636.54363071 41.38 105.450355  72.788530 15.775
 70     4.674 54671.54362518 19.62 105.536561  72.747680 15.573
 70     4.167 54671.54362583 13.87 105.530761  72.750550 15.573
 70     2.701 54671.54362647 13.63 105.524961  72.753420 15.573
 70     0.893 54671.54362712 13.09 105.519161  72.756300 15.573
 70     0.617 54671.54362776 13.54 105.513351  72.759170 15.573
 70     0.648 54671.54362841 13.62 105.507541  72.762040 15.573
 70     0.390 54671.54362905 14.93 105.501739  72.764909 14.826
 70     0.529 54671.54362969 15.18 105.495929  72.767779 14.826
 70     0.485 54671.54363034 14.02 105.490109  72.770649 14.826
 70     0.325 54671.54363098 15.35 105.484299  72.773519 14.826
 70     0.321 54671.54363163 15.43 105.478479  72.776389 14.826
 70     0.247 54671.54363227 15.48 105.472659  72.779259 14.826
 70     0.437 54671.54363292 15.96 105.466839  72.782129 14.826
 70     0.665 54671.54363356 13.91 105.461019  72.784999 14.826
 70     3.561 54671.54363421 14.10 105.455199  72.787869 14.826
 71     0.647 54706.54358584 36.58 105.544027  72.749620 14.673
 71     0.450 54706.54358649 26.81 105.538227  72.752490 14.673
 71     0.224 54706.54358713 26.52 105.532427  72.755360 14.673
 71    -0.021 54706.54358778 26.24 105.526617  72.758230 14.673
 71    -0.654 54706.54358842 27.15 105.520817  72.761100 14.673
 71    -1.379 54706.54358907 28.10 105.515007  72.763970 14.673
 71    -2.025 54706.54358971 27.88 105.509197  72.766850 14.673
 71    -3.148 54706.54359036 27.57 105.503387  72.769720 14.673
 71    -4.333 54706.54359100 27.59 105.497576  72.772586 11.873
 71    -5.554 54706.54359165 27.48 105.491756  72.775456 11.873
 71    -5.767 54706.54359229 25.63 105.485946  72.778326 11.873
 71    -6.078 54706.54359294 24.74 105.480126  72.781196 11.873
 71    -6.490 54706.54359358 24.11 105.474306  72.784066 11.873
 71    -4.410 54706.54359423 23.62 105.468486  72.786936 11.873
 71    -2.773 54706.54359487 22.86 105.462666  72.789806 11.873
 72    -0.135 54741.54358957 42.96 105.527699  72.746634 10.757
 72    -0.044 54741.54359022 31.56 105.521899  72.749504 10.757
 72    -0.212 54741.54359086 28.20 105.516099  72.752374 10.757
 72     0.053 54741.54359150 27.36 105.510289  72.755254 10.757
 72     0.264 54741.54359215 29.75 105.504489  72.758124 10.757
 72     0.522 54741.54359279 35.15 105.498673  72.760989 20.904
 72     0.390 54741.54359344 47.03 105.492863  72.763859 20.904
 72    -0.500 54741.54359408 43.47 105.487053  72.766729 20.904
 72     0.403 54741.54359473 31.76 105.481243  72.769599 20.904
 72     0.129 54741.54359537 26.44 105.475423  72.772469 20.904
 72     0.108 54741.54359602 28.20 105.469603  72.775339 20.904
 72     0.386 54741.54359666 28.24 105.463783  72.778209 20.904
 72     0.555 54741.54359731 38.99 105.457963  72.781079 20.904
 72     0.729 54741.54359795 37.59 105.452143  72.783949 20.904
 72     0.369 54741.54359860 34.34 105.446313  72.786819 20.904
 73     0.467 54776.54356714 19.87 105.538644  72.750083  3.730
 73     0.374 54776.54356778 20.45 105.532844  72.752953  3.730
 73     0.369 54776.54356843 21.20 105.527044  72.755823  3.730
 73     0.311 54776.54356907 21.70 105.521234  72.758693  3.730
 73     0.438 54776.54356972 21.29 105.515434  72.761563  3.730
 73     0.265 54776.54357036 21.56 105.509624  72.764433  3.730
 73     0.219 54776.54357100 21.57 105.503814  72.767303  3.730
 73     0.223 54776.54357165 20.93 105.498004  72.770176  2.588
 73     0.282 54776.54357229 20.81 105.492194  72.773046  2.588
 73     0.366 54776.54357294 20.75 105.486374  72.775916  2.588
 73     0.464 54776.54357358 20.44 105.480554  72.778786  2.588
 73     0.445 54776.54357423 19.64 105.474744  72.781656  2.588
 73     0.364 54776.54357487 19.23 105.468924  72.784526  2.588
 73     0.130 54776.54357552 19.10 105.463094  72.787396  2.588
 73    -0.225 54776.54357616 18.89 105.457274  72.790266  2.588
 74     0.340 54811.54358333 15.13 105.519158  72.746656  3.123
 74     0.264 54811.54358397 14.74 105.513358  72.749526  3.123
 74     0.336 54811.54358462 15.81 105.507548  72.752396  3.123
 74     0.119 54811.54358526 16.54 105.501748  72.755276  3.123
 74     0.346 54811.54358591 16.30 105.495938  72.758146  3.123
 74     0.185 54811.54358655 17.34 105.490128  72.761016  3.123
 74     0.108 54811.54358720 17.18 105.484318  72.763886  3.123
 74     0.143 54811.54358784 16.84 105.478498  72.766756  3.123
 74     0.419 54811.54358849 16.90 105.472688  72.769626  3.123
 74     0.198 54811.54358913 16.35 105.466868  72.772486  3.123
 74     0.495 54811.54358977 15.94 105.461048  72.775356  3.123
 74     0.447 54811.54359042 15.89 105.455228  72.778226  3.123
 74     0.235 54811.54359106 15.53 105.449408  72.781096  3.123
 74     0.013 54811.54359171 14.98 105.443577  72.783962  1.926
 75     1.690 54846.54356679 13.43 105.543196  72.748247  3.824
 75     0.226 54846.54356744 14.92 105.537396  72.751117  3.824
 75     0.193 54846.54356808 16.15 105.531586  72.753987  3.824
 75     0.212 54846.54356872 15.31 105.525786  72.756857  3.824
 75     0.395 54846.54356937 15.85 105.519986  72.759737  3.824
 75     0.836 54846.54357001 17.92 105.514176  72.762607  3.824
 75     0.746 54846.54357066 20.20 105.508366  72.765477  3.824
 75     0.730 54846.54357130 20.28 105.502563  72.768346  2.558
 75     0.744 54846.54357195 15.43 105.496743  72.771216  2.558
 75     0.334 54846.54357259 15.76 105.490933  72.774086  2.558
 75     0.645 54846.54357324 14.10 105.485123  72.776956  2.558
 75     0.272 54846.54357388 14.31 105.479303  72.779826  2.558
 75     0.428 54846.54357453 13.22 105.473483  72.782696  2.558
 75     0.096 54846.54357517 12.94 105.467663  72.785566  2.558
 75    -0.009 54846.54357582 12.44 105.461833  72.788436  2.558
 76    17.527 54881.54358644 11.13 105.525948  72.747406  3.107
 76     0.022 54881.54358708 11.86 105.520148  72.750286  3.107
 76    -0.288 54881.54358773 13.30 105.514348  72.753156  3.107
 76     0.090 54881.54358837 12.83 105.508538  72.756026  3.107
 76     0.579 54881.54358902 12.28 105.502735  72.758893  2.481
 76     0.793 54881.54358966 13.35 105.496925  72.761763  2.481
 76     0.757 54881.54359031 13.94 105.491115  72.764633  2.481
 76     0.681 54881.54359095 13.03 105.485305  72.767503  2.481
 76     0.355 54881.54359160 12.08 105.479485  72.770373  2.481
 76     0.080 54881.54359224 11.62 105.473675  72.773243  2.481
 76    -0.186 54881.54359288 11.85 105.467855  72.776113  2.481
 76     0.122 54881.54359353 11.38 105.462035  72.778983  2.481
 76    -0.001 54881.54359417 10.67 105.456215  72.781853  2.481
 76    -0.445 54881.54359482 11.02 105.450385  72.784723  2.481
 77    18.483 54916.54357062 10.11 105.541977  72.752105  2.548
 77    11.473 54916.54357127 10.15 105.536177  72.754975  2.548
 77     0.186 54916.54357191 10.62 105.530377  72.757845  2.548
 77     0.424 54916.54357256 10.64 105.524577  72.760725  2.548
 77     0.610 54916.54357320 10.91 105.518767  72.763595  2.548
 77     0.578 54916.54357385 11.44 105.512957  72.766465  2.548
 77     0.611 54916.54357449 11.48 105.507154  72.769336  1.881
 77     0.471 54916.54357514 11.46 105.501344  72.772206  1.881
 77     0.270 54916.54357578 11.51 105.495524  72.775076  1.881
 77    -0.048 54916.54357643 11.51 105.489714  72.777946  1.881
 77    -0.002 54916.54357707 11.38 105.483894  72.780816  1.881
 77    -0.021 54916.54357772 11.29 105.478074  72.783686  1.881
 77     0.002 54916.54357836 10.88 105.472254  72.786556  1.881
 78    21.263 54951.54357996  7.75 105.528322  72.747022  2.358
 78    17.608 54951.54358061  8.17 105.522522  72.749892  2.358
 78    14.960 54951.54358125  9.05 105.516722  72.752772  2.358
 78    13.198 54951.54358190  8.67 105.510912  72.755642  2.358
 78     0.632 54951.54358254  8.94 105.505112  72.758512  2.358
 78     6.121 54951.54358319  9.14 105.499299  72.761380  2.041
 78     0.420 54951.54358383  9.87 105.493489  72.764250  2.041
 78     0.541 54951.54358448  9.74 105.487679  72.767120  2.041
 78     0.296 54951.54358512  9.89 105.481869  72.769990  2.041
 78     0.333 54951.54358577  9.60 105.476049  72.772860  2.041
 78     0.460 54951.54358641  9.56 105.470229  72.775730  2.041
 78     0.385 54951.54358705  9.32 105.464409  72.778600  2.041
 78     0.447 54951.54358770  9.42 105.458589  72.781470  2.041
 78     0.277 54951.54358834  9.50 105.452769  72.784340  2.041
 78     0.093 54951.54358899  9.30 105.446939  72.787210  2.041
 79     0.458 54986.54360418 36.82 105.530685  72.745851 11.064
 79     0.348 54986.54360482 40.27 105.524885  72.748721 11.064
 79     0.474 54986.54360547 40.09 105.519085  72.751601 11.064
 79     0.534 54986.54360611 39.73 105.513275  72.754471 11.064
 79     0.660 54986.54360676 40.15 105.507475  72.757341 11.064
 79     0.922 54986.54360740 38.34 105.501662  72.760211 12.791
 79     1.091 54986.54360805 37.29 105.495852  72.763081 12.791
 79     0.889 54986.54360869 35.41 105.490042  72.765951 12.791
 79     0.737 54986.54360934 34.52 105.484232  72.768821 12.791
 79     0.856 54986.54360998 35.41 105.478412  72.771691 12.791
 79     0.691 54986.54361062 37.49 105.472602  72.774561 12.791
 79     0.706 54986.54361127 37.25 105.466782  72.777431 12.791
 79     0.675 54986.54361191 34.96 105.460962  72.780301 12.791
 79     0.362 54986.54361256 30.45 105.455142  72.783171 12.791
 79     0.070 54986.54361320 26.40 105.449312  72.786031 12.791
 80     4.623 55021.54359694 22.49 105.539035  72.747711 15.179
 80     4.281 55021.54359759 15.46 105.533235  72.750581 15.179
 80     1.796 55021.54359823 16.87 105.527435  72.753451 15.179
 80     0.571 55021.54359887 17.01 105.521635  72.756331 15.179
 80    -0.082 55021.54359952 20.27 105.515825  72.759201 15.179
 80     0.258 55021.54360016 21.19 105.510015  72.762071 15.179
 80     0.477 55021.54360081 25.73 105.504213  72.764939 15.172
 80     0.654 55021.54360145 24.15 105.498393  72.767809 15.172
 80     0.418 55021.54360210 25.80 105.492583  72.770679 15.172
 80     0.470 55021.54360274 23.91 105.486773  72.773549 15.172
 80     0.051 55021.54360339 18.34 105.480953  72.776419 15.172
 80     0.024 55021.54360403 15.12 105.475133  72.779289 15.172
 80    -0.041 55021.54360468 16.35 105.469313  72.782159 15.172
 80     0.584 55021.54360532 13.96 105.463493  72.785029 15.172
 80     1.828 55021.54360597 13.70 105.457673  72.787899 15.172
 81     3.879 55056.54359411 21.45 105.536468  72.749213 15.514
 81     0.162 55056.54359475 18.37 105.530668  72.752083 15.514
 81    -0.361 55056.54359540 19.81 105.524858  72.754953 15.514
 81    -0.451 55056.54359604 21.66 105.519058  72.757833 15.514
 81    -0.167 55056.54359669 23.27 105.513248  72.760703 15.514
 81     0.129 55056.54359733 24.96 105.507448  72.763573 15.514
 81     0.435 55056.54359798 26.14 105.501628  72.766442 16.879
 81     0.496 55056.54359862 28.81 105.495818  72.769312 16.879
 81     0.474 55056.54359926 28.00 105.490008  72.772182 16.879
 81     0.187 55056.54359991 26.02 105.484188  72.775052 16.879
 81    -0.299 55056.54360055 23.16 105.478378  72.777922 16.879
 81    -0.183 55056.54360120 24.17 105.472558  72.780792 16.879
 81     0.026 55056.54360184 22.11 105.466738  72.783662 16.879
 81     0.531 55056.54360249 25.10 105.460908  72.786532 16.879
 81     0.437 55056.54360313 27.41 105.455088  72.789402 16.879
 82     4.323 55091.54355162 20.31 105.542711  72.751566 10.059
 82    14.515 55091.54355227 15.92 105.536911  72.754436 10.059
 82    12.418 55091.54355291 14.22 105.531111  72.757306 10.059
 82    12.063 55091.54355356 14.32 105.525301  72.760176 10.059
 82    10.586 55091.54355420 13.23 105.519491  72.763046 10.059
 82     0.956 55091.54355485 13.04 105.513691  72.765916 10.059
 82     0.872 55091.54355549 12.85 105.507881  72.768796 10.059
 82     0.362 55091.54355613 15.76 105.502071  72.771666 10.059
 82     0.396 55091.54355678 14.67 105.496253  72.774532 18.521
 82     0.284 55091.54355742 15.22 105.490443  72.777402 18.521
 82     0.078 55091.54355807 16.46 105.484623  72.780272 18.521
 82     0.088 55091.54355871 17.05 105.478803  72.783142 18.521
 82     1.349 55091.54355936 13.54 105.472983  72.786012 18.521
 82     0.900 55091.54356000 18.67 105.467163  72.788882 18.521
 82     4.008 55091.54356065 17.11 105.461343  72.791752 18.521
 83     0.449 55126.54353277 41.42 105.532802  72.746035 11.878
 83     0.466 55126.54353341 43.75 105.527002  72.748905 11.878
 83     0.362 55126.54353406 42.65 105.521202  72.751775 11.878
 83     0.229 55126.54353470 45.37 105.515392  72.754655 11.878
 83     0.517 55126.54353535 45.01 105.509592  72.757525 11.878
 83     0.388 55126.54353599 43.33 105.503779  72.760392 16.314
 83     0.207 55126.54353664 42.82 105.497969  72.763262 16.314
 83     0.117 55126.54353728 37.58 105.492159  72.766132 16.314
 83     0.439 55126.54353792 35.86 105.486349  72.769002 16.314
 83     0.843 55126.54353857 34.97 105.480529  72.771872 16.314
 83     0.686 55126.54353921 38.35 105.474719  72.774742 16.314
 83     0.632 55126.54353986 36.51 105.468899  72.777612 16.314
 83     0.373 55126.54354050 43.06 105.463079  72.780482 16.314
 83     0.773 55126.54354115 37.68 105.457259  72.783352 16.314
 83     0.534 55126.54354179 36.27 105.451429  72.786212 16.314
 84     0.117 55161.54351282 21.69 105.536935  72.750055  3.287
 84     0.082 55161.54351346 21.77 105.531135  72.752925  3.287
 84     0.193 55161.54351411 22.68 105.525335  72.755795  3.287
 84     0.243 55161.54351475 23.66 105.519525  72.758665  3.287
 84     0.428 55161.54351540 23.76 105.513725  72.761535  3.287
 84     0.794 55161.54351604 24.58 105.507915  72.764405  3.287
 84     0.801 55161.54351669 24.15 105.502105  72.767285  3.287
 84     0.434 55161.54351733 24.80 105.496294  72.770149  3.224
 84     0.145 55161.54351798 24.50 105.490484  72.773019  3.224
 84     0.066 55161.54351862 24.81 105.484664  72.775889  3.224
 84     0.294 55161.54351927 24.12 105.478844  72.778759  3.224
 84     0.606 55161.54351991 23.62 105.473034  72.781629  3.224
 84     0.903 55161.54352056 23.95 105.467214  72.784499  3.224
 84     0.973 55161.54352120 24.95 105.461384  72.787369  3.224
 84     0.986 55161.54352184 23.37 105.455564  72.790239  3.224
 85     0.333 55196.54352412 18.29 105.520867  72.747028  3.191
 85     0.642 55196.54352477 19.01 105.515057  72.749898  3.191
 85     0.616 55196.54352541 19.20 105.509257  72.752768  3.191
 85     0.600 55196.54352606 19.94 105.503447  72.755638  3.191
 85     0.830 55196.54352670 20.22 105.497644  72.758513  3.831
 85     1.077 55196.54352735 21.46 105.491834  72.761383  3.831
 85     0.945 55196.54352799 21.34 105.486024  72.764253  3.831
 85     0.967 55196.54352864 21.73 105.480204  72.767123  3.831
 85     0.608 55196.54352928 22.29 105.474394  72.769993  3.831
 85     0.372 55196.54352993 22.82 105.468574  72.772863  3.831
 85     0.448 55196.54353057 22.56 105.462754  72.775733  3.831
 85     0.787 55196.54353121 21.62 105.456934  72.778603  3.831
 85     0.899 55196.54353186 21.05 105.451114  72.781473  3.831
 85     0.999 55196.54353250 20.92 105.445284  72.784343  3.831
 86    18.905 55231.54351632 16.06 105.540856  72.751636  3.536
 86    -0.125 55231.54351697 17.72 105.535056  72.754506  3.536
 86    -0.028 55231.54351761 18.26 105.529256  72.757376  3.536
 86     0.069 55231.54351826 20.14 105.523456  72.760246  3.536
 86     0.511 55231.54351890 19.65 105.517646  72.763126  3.536
 86     0.593 55231.54351955 19.21 105.511836  72.765996  3.536
 86     0.610 55231.54352019 18.90 105.506026  72.768866  3.536
 86     0.546 55231.54352084 18.99 105.500222  72.771733  3.489
 86     0.108 55231.54352148 20.22 105.494402  72.774603  3.489
 86     0.141 55231.54352213 19.49 105.488592  72.777473  3.489
 86     0.249 55231.54352277 19.33 105.482772  72.780343  3.489
 86     0.726 55231.54352342 19.34 105.476952  72.783213  3.489
 86     0.810 55231.54352406 18.49 105.471132  72.786083  3.489
 86     1.067 55231.54352471 17.69 105.465312  72.788953  3.489
 86     0.679 55231.54352535 17.82 105.459492  72.791823  3.489
 87    21.125 55266.54351887 15.46 105.530152  72.747695  3.012
 87    11.638 55266.54351951 15.91 105.524352  72.750575  3.012
 87     0.259 55266.54352015 17.32 105.518552  72.753445  3.012
 87     0.339 55266.54352080 18.19 105.512752  72.756315  3.012
 87     0.379 55266.54352144 18.11 105.506937  72.759184  3.481
 87     0.587 55266.54352209 18.46 105.501137  72.762054  3.481
 87     0.679 55266.54352273 18.26 105.495327  72.764924  3.481
 87     0.714 55266.54352338 18.18 105.489507  72.767794  3.481
 87     0.483 55266.54352402 18.42 105.483697  72.770664  3.481
 87     0.440 55266.54352467 18.22 105.477877  72.773534  3.481
 87     0.373 55266.54352531 17.99 105.472067  72.776404  3.481
 87     0.512 55266.54352596 18.29 105.466247  72.779274  3.481
 87     1.034 55266.54352660 17.46 105.460427  72.782144  3.481
 87     0.904 55266.54352725 17.30 105.454597  72.785014  3.481
 87     0.877 55266.54352789 17.36 105.448777  72.787874  3.481
 88    17.130 55301.54349727 14.95 105.547278  72.750679  3.543
 88    18.240 55301.54349792 15.85 105.541478  72.753549  3.543
 88     0.184 55301.54349856 16.42 105.535678  72.756419  3.543
 88     0.131 55301.54349921 18.18 105.529868  72.759289  3.543
 88     0.346 55301.54349985 17.50 105.524068  72.762159  3.543
 88     0.645 55301.54350050 16.98 105.518258  72.765039  3.543
 88     0.718 55301.54350114 18.71 105.512448  72.767909  3.543
 88     0.619 55301.54350179 18.45 105.506638  72.770779  3.543
 88     0.474 55301.54350243 17.60 105.500835  72.773648  3.100
 88     0.060 55301.54350307 18.15 105.495015  72.776518  3.100
 88     0.355 55301.54350372 16.55 105.489205  72.779388  3.100
 88     0.694 55301.54350436 16.13 105.483385  72.782258  3.100
 88     0.821 55301.54350501 16.19 105.477565  72.785128  3.100
 88     0.961 55301.54350565 15.78 105.471745  72.787998  3.100
 89     0.414 55336.54349418 23.79 105.534402  72.748880  6.028
 89     0.409 55336.54349483 23.98 105.528602  72.751750  6.028
 89     0.495 55336.54349547 24.72 105.522792  72.754620  6.028
 89     0.644 55336.54349612 24.33 105.516992  72.757500  6.028
 89     0.678 55336.54349676 23.97 105.511182  72.760370  6.028
 89     0.346 55336.54349741 23.29 105.505372  72.763240  6.028
 89     0.083 55336.54349805 22.52 105.499570  72.766108  3.590
 89     0.147 55336.54349870 21.34 105.493750  72.768978  3.590
 89     0.403 55336.54349934 20.04 105.487940  72.771848  3.590
 89     0.659 55336.54349998 18.82 105.482130  72.774718  3.590
 89     0.347 55336.54350063 18.32 105.476310  72.777588  3.590
 89     0.383 55336.54350127 16.80 105.470490  72.780458  3.590
 89     0.470 55336.54350192 16.49 105.464670  72.783328  3.590
 89     0.480 55336.54350256 15.92 105.458850  72.786198  3.590
 89     0.583 55336.54350321 15.33 105.453020  72.789068  3.590
 90     4.354 55371.54348433 19.52 105.533896  72.749863 12.623
 90     3.965 55371.54348498 15.58 105.528086  72.752733 12.623
 90     2.806 55371.54348562 15.68 105.522286  72.755603 12.623
 90     1.957 55371.54348626 14.80 105.516486  72.758473 12.623
 90     1.096 55371.54348691 14.56 105.510676  72.761353 12.623
 90     0.671 55371.54348755 13.67 105.504866  72.764223 12.623
 90     0.693 55371.54348820 14.67 105.499055  72.767088 19.540
 90     0.612 55371.54348884 14.29 105.493245  72.769958 19.540
 90     0.440 55371.54348949 14.73 105.487425  72.772828 19.540
 90     0.802 55371.54349013 16.96 105.481615  72.775698 19.540
 90     2.035 55371.54349078 15.75 105.475795  72.778568 19.540
 90     3.075 55371.54349142 17.84 105.469975  72.781438 19.540
 90     3.656 55371.54349207 20.87 105.464155  72.784308 19.540
 90     3.992 55371.54349271 27.94 105.458335  72.787178 19.540
 91    -0.032 55406.54350365 30.42 105.526964  72.747712 15.103
 91    -0.068 55406.54350430 26.97 105.521164  72.750582 15.103
 91    -0.201 55406.54350494 29.45 105.515354  72.753452 15.103
 91     0.034 55406.54350559 31.12 105.509554  72.756332 15.103
 91     0.088 55406.54350623 33.83 105.503744  72.759202 15.103
 91     0.357 55406.54350688 47.66 105.497935  72.762067 29.690
 91     0.007 55406.54350752 51.19 105.492125  72.764937 29.690
 91     0.086 55406.54350817 38.79 105.486305  72.767807 29.690
 91     0.249 55406.54350881 32.19 105.480495  72.770677 29.690
 91     0.028 55406.54350946 31.60 105.474675  72.773547 29.690
 91    -0.299 55406.54351010 30.80 105.468855  72.776417 29.690
 91     0.095 55406.54351075 33.73 105.463035  72.779287 29.690
 91     0.002 55406.54351139 42.02 105.457215  72.782157 29.690
 91     0.392 55406.54351204 40.51 105.451395  72.785027 29.690
 92    15.911 55441.54350337 16.63 105.536191  72.749941 12.818
 92    -2.244 55441.54350401 19.49 105.530381  72.752811 12.818
 92     2.407 55441.54350466 19.77 105.524581  72.755681 12.818
 92    -0.222 55441.54350530 20.94 105.518781  72.758561 12.818
 92     0.256 55441.54350595 25.05 105.512971  72.761431 12.818
 92     0.627 55441.54350659 23.50 105.507161  72.764301 12.818
 92     0.603 55441.54350724 22.35 105.501356  72.767169 18.559
 92     0.477 55441.54350788 25.08 105.495536  72.770039 18.559
 92     0.028 55441.54350853 26.59 105.489726  72.772909 18.559
 92    -0.055 55441.54350917 20.50 105.483916  72.775779 18.559
 92    -0.363 55441.54350982 16.68 105.478096  72.778649 18.559
 92    -1.476 55441.54351046 19.35 105.472276  72.781519 18.559
 92     3.170 55441.54351111 15.32 105.466456  72.784389 18.559
 92     3.767 55441.54351175 18.28 105.460626  72.787259 18.559
 93     0.072 55476.54344563 42.30 105.546838  72.752272 14.097
 93     0.193 55476.54344628 40.62 105.541038  72.755142 14.097
 93     0.185 55476.54344692 38.38 105.535238  72.758012 14.097
 93     0.020 55476.54344757 41.91 105.529428  72.760882 14.097
 93     0.157 55476.54344821 40.82 105.523628  72.763752 14.097
 93     0.421 55476.54344886 38.99 105.517818  72.766632 14.097
 93     0.162 55476.54344950 37.63 105.512008  72.769502 14.097
 93     0.276 55476.54345015 34.60 105.506198  72.772372 14.097
 93     0.561 55476.54345079 36.90 105.500385  72.775239 12.414
 93     0.249 55476.54345144 34.06 105.494575  72.778109 12.414
 93     0.298 55476.54345208 38.50 105.488755  72.780979 12.414
 93     0.381 55476.54345273 43.35 105.482935  72.783849 12.414
 93     0.532 55476.54345337 40.78 105.477115  72.786719 12.414
